19790101
28.407
35.134
44.905
26.257
17.335
24.857
16.706
19.858
23.471
6.339
19.242
29.707
15.848
35.417
59.817
6.054
4.019
24.651
4.784
9.895
7.136
15.889
16.790
21.747
121.332
50.515
9.447
0.397
9.788
10.946
31.687
15.759
8.441
11.074
26.295
12.346
4.749
18.975
8.200
4.260
32.000
15.117
0.750
14.838
25.176
8.883
0.007
0.014
0.000
5.514
21.944
0.197
1.049
2.254
5.921
47.265
44.745
7.210
5.380
7.287
0.505
16.325
26.261
10.822
12.950
19.779
0.000
0.007
2.990
8.252
6.513
2.556
1.493
10.688
18.153
4.717
2.824
16.916
4.264
15.633
11.584
4.683
0.623
0.910
4.127
9.373
6.969
6.085
3.718
0.027
0.000
4.178
15.024
6.715
0.367
0.000
0.027
0.690
0.295
1.648
19.114
11.852
13.098
1.114
0.017
0.000
0.000
0.000
1.875
2.482
0.568
14.921
10.056
4.288
4.491
12.459
0.439
5.122
1.768
0.477
0.014
0.000
6.849
8.597
1.205
1.167
2.839
6.501
0.045
0.045
0.082
0.632
1.449
3.251
0.659
0.704
0.388
0.474
0.000
0.000
0.000
3.691
0.055
0.000
0.251
0.312
0.000
0.807
3.231
0.017
0.000
0.000
0.000
0.069
1.936
0.769
0.079
0.024
0.336
0.021
0.000
0.000
0.000
0.027
0.000
0.000
0.010
0.014
0.000
0.000
0.021
0.024
0.038
0.000
0.000
0.000
0.000
0.333
0.875
0.051
0.857
0.479
0.000
0.000
0.778
0.858
0.582
0.117
0.003
0.060
0.062
0.021
0.000
0.000
0.000
0.000
0.000
0.000
0.299
0.000
0.000
0.000
0.000
0.000
0.000
0.000
0.000
0.000
0.000
0.000
0.000
0.000
0.000
0.000
0.000
0.000
0.000
0.000
0.745
0.496
0.003
2.481
10.458
0.306
0.167
0.100
0.010
0.644
0.987
0.000
0.000
0.000
0.000
1.384
2.925
0.434
0.956
7.814
0.000
0.000
0.000
0.000
0.000
0.000
0.000
0.000
0.000
0.000
0.000
2.851
6.877
2.383
0.000
0.000
3.615
0.216
0.000
0.460
0.765
0.127
0.010
0.000
0.000
0.000
0.000
0.000
0.000
0.000
3.037
6.211
1.143
0.003
0.000
0.278
1.875
0.336
0.000
0.014
0.000
0.000
0.000
0.000
2.036
18.395
11.649
11.395
4.889
0.000
0.000
0.000
0.463
0.676
0.000
10.482
17.183
27.988
0.542
21.671
10.360
0.319
6.520
0.000
1.325
1.584
7.366
16.429
18.352
8.037
15.439
15.286
25.706
6.458
0.000
0.000
0.000
0.534
18.086
5.431
0.857
3.556
0.021
8.845
1.813
2.855
18.565
25.519
9.318
9.362
9.484
0.000
0.896
3.972
2.300
11.386
22.846
6.846
2.687
3.676
0.108
4.175
16.434
31.956
33.331
0.038
7.235
18.021
12.132
32.207
11.415
0.058
0.062
10.022
21.982
23.174
3.469
44.284
39.404
7.984
11.089
24.764
15.870
28.568
19.068
7.716
0.000
0.038
0.299
3.608
15.240
29.330
0.021
24.498
6.612
0.882
5.651
8.150
6.489
14.392
52.178
60.421
18.110
6.959
10.313
30.944
14.214
1.090
26.123
11.206
22.405
0.007
13.899
28.685
6.248
14.437
31.100
18.162
20.730
13.889
16.122
4.419
0.326
1.279
3.144
7.756
5.697
17.261
0.000
0.000
12.400
18.975
23.150
20.455
1.931
1.071
31.058
23.370
9.342
9.462
16.497
46.405
0.122
3.227
9.004
0.901
20.845
34.010
1.336
9.153
0.773
11.111
43.859
50.403
5.184
32.435
25.752
0.141
7.444
0.086
0.968
7.059
11.707
2.329
0.000
0.000
0.000
0.992
7.763
38.996
65.897
6.839
0.118
0.000
0.000
21.509
22.591
14.553
1.813
9.970
2.462
20.153
0.021
0.772
3.831
0.000
0.000
0.038
9.407
1.160
0.000
0.027
0.000
0.000
0.000
0.683
2.812
1.947
0.762
0.000
0.000
4.690
22.155
0.182
0.000
1.689
26.992
7.775
0.031
0.000
0.000
0.000
0.000
0.017
0.647
4.619
0.017
0.000
0.000
0.000
0.027
0.182
17.652
0.882
0.209
0.000
0.010
0.038
0.000
0.000
0.000
0.251
1.092
0.010
0.000
0.100
0.000
0.000
0.676
0.869
0.000
0.000
0.000
0.000
0.027
0.062
0.000
0.122
1.705
2.918
2.953
0.000
0.000
0.000
0.000
0.000
0.014
0.103
0.014
0.000
0.000
0.000
0.065
0.839
0.760
0.000
0.000
0.000
0.000
0.000
0.000
0.000
0.000
0.000
0.000
0.007
0.000
0.000
0.000
0.000
0.000
0.000
0.000
0.000
0.000
0.000
0.000
0.000
0.000
0.000
0.000
0.000
0.000
0.000
0.010
0.000
0.000
0.000
0.000
0.000
0.000
0.000
0.000
1.624
0.000
0.000
0.000
0.000
0.000
0.000
0.134
0.220
0.000
0.000
0.000
0.000
0.000
0.096
1.919
0.000
0.645
5.143
0.000
0.000
0.000
0.000
0.000
0.000
0.000
0.000
0.000
0.000
0.000
0.000
0.000
0.000
0.000
0.000
0.000
0.000
0.000
0.000
0.000
0.000
0.795
0.000
0.000
0.000
0.000
0.010
0.189
0.034
0.000
0.000
0.000
0.000
0.003
0.824
0.000
0.000
0.336
1.442
0.065
0.000
0.000
0.000
0.000
0.000
0.000
0.000
0.450
3.402
0.000
0.014
0.690
0.165
0.082
19.769
26.120
9.256
23.954
25.337
11.726
0.604
0.024
0.000
0.103
9.513
23.255
22.302
0.477
0.000
0.000
0.000
2.077
5.680
31.306
30.417
25.758
23.535
0.045
0.000
0.000
0.000
0.000
0.014
1.119
20.960
9.189
3.138
9.683
11.882
2.982
7.226
0.000
0.000
0.051
3.981
7.558
3.916
2.182
0.000
0.000
0.000
0.082
2.493
11.706
42.991
25.279
5.730
66.134
140.412
22.891
2.807
1.651
0.151
2.235
2.860
14.777
21.205
5.782
0.821
0.000
0.000
0.240
28.602
17.791
31.853
3.361
20.263
11.726
12.706
15.508
91.949
1.954
0.027
0.388
5.565
22.096
0.309
0.058
16.085
12.514
14.056
42.663
67.480
0.985
3.890
20.695
2.541
9.834
17.492
12.576
1.694
5.146
74.904
62.035
46.678
145.004
74.395
118.117
0.882
2.420
5.534
47.880
13.961
18.677
49.555
0.827
8.422
17.588
85.937
35.867
20.078
13.063
17.808
4.813
4.377
0.968
0.000
3.917
43.784
25.119
23.219
19.072
11.129
2.918
0.000
2.929
3.165
5.972
29.787
13.300
21.550
22.036
0.369
11.706
6.714
9.460
0.649
5.818
17.234
9.299
4.679
26.101
16.871
0.000
10.834
0.161
10.945
26.266
0.088
0.017
0.000
12.888
18.340
3.127
10.298
0.932
6.521
0.656
0.512
1.260
0.910
2.444
26.604
0.409
1.464
0.000
19.617
60.842
1.269
13.633
7.879
5.500
13.860
19.957
1.003
3.334
5.208
5.964
3.461
0.556
9.781
6.077
9.864
10.258
1.262
1.198
1.408
4.219
0.000
0.000
0.024
0.000
0.000
0.000
0.000
0.000
0.000
0.000
1.037
0.031
1.660
1.658
0.271
0.000
0.014
0.256
1.432
0.027
13.311
3.153
0.000
0.000
0.000
0.000
1.134
0.000
0.000
0.000
0.000
0.000
0.000
0.553
0.041
0.093
0.573
0.100
0.031
0.000
0.000
0.000
0.007
0.189
0.014
0.038
0.714
0.000
0.000
0.000
0.000
0.000
0.000
0.000
0.000
0.000
0.000
0.000
0.000
0.000
0.000
0.000
0.000
0.000
0.000
0.000
0.000
0.000
0.000
0.000
0.000
1.830
1.147
0.000
0.017
0.649
0.000
0.000
1.166
0.000
0.000
0.000
0.000
0.007
2.427
0.100
0.000
0.000
0.000
0.000
0.000
0.000
0.000
0.000
0.000
0.000
0.000
0.000
0.000
0.079
0.048
0.167
0.000
0.000
0.000
0.000
0.000
0.000
0.062
0.000
0.000
0.000
0.007
0.199
0.000
0.000
0.000
0.000
0.000
0.000
0.000
0.000
0.196
10.094
0.570
0.000
0.007
0.021
0.000
0.000
0.000
0.000
0.000
0.000
0.000
0.017
0.045
4.956
1.923
0.000
0.000
0.000
0.000
0.000
0.069
0.014
0.000
0.000
0.000
0.000
0.024
0.014
0.134
0.048
0.000
0.000
0.000
0.000
0.000
0.007
0.000
0.079
0.000
0.000
0.000
0.000
0.000
0.024
0.017
0.024
0.014
0.062
0.172
0.963
0.000
22.282
25.911
5.527
5.931
13.551
0.196
19.228
17.376
4.704
15.031
57.005
18.103
4.958
5.002
3.605
4.848
0.041
0.000
0.893
0.391
9.170
3.083
8.425
4.252
12.555
12.597
0.000
7.380
19.753
0.130
0.000
2.575
28.908
12.205
0.972
2.077
0.898
25.293
121.959
0.422
5.229
0.312
0.024
0.000
0.000
0.810
0.865
0.000
0.000
0.000
6.856
16.339
3.485
3.155
15.951
19.235
0.000
6.705
6.760
10.650
30.547
0.833
0.161
0.000
0.000
0.000
5.143
8.611
29.368
11.726
12.531
13.596
4.120
1.198
0.000
0.000
3.922
10.743
0.649
13.620
23.281
8.947
0.041
2.280
15.697
7.285
0.000
4.065
19.839
7.852
1.294
5.754
21.530
8.435
0.000
0.223
2.589
2.623
4.025
2.503
3.608
2.211
5.038
7.400
31.378
41.872
0.000
0.000
5.732
17.760
3.418
1.746
0.838
13.585
2.539
3.435
13.551
0.438
39.698
6.109
10.068
8.556
7.224
36.523
3.643
4.166
4.280
10.561
5.548
2.694
3.346
6.642
24.683
16.273
22.606
3.912
1.645
27.449
27.215
2.374
20.392
9.804
4.018
3.492
12.439
0.000
0.086
7.435
5.835
3.576
9.033
0.498
4.036
0.000
0.000
8.835
7.057
0.000
0.000
0.000
0.000
0.000
0.021
1.222
12.519
20.268
0.479
1.025
36.593
9.618
15.189
7.623
0.000
0.000
9.356
0.925
2.712
0.294
0.000
0.256
0.223
0.767
0.000
0.357
0.108
0.000
0.441
0.326
0.024
0.163
1.481
0.045
0.000
0.364
0.233
0.000
0.000
0.000
0.000
0.000
0.000
0.000
0.000
0.000
0.014
0.120
0.000
0.000
0.848
0.745
0.000
0.000
0.065
0.000
0.000
0.000
0.000
0.000
0.000
0.000
0.000
0.000
0.000
0.000
0.604
3.898
0.000
0.000
0.000
0.000
0.000
0.000
0.000
0.000
0.000
0.000
0.000
0.000
0.000
0.000
0.000
0.000
0.024
0.014
0.000
0.000
0.000
0.000
0.000
0.000
1.457
0.000
0.000
0.000
0.000
0.000
0.000
0.000
0.007
0.064
0.000
0.000
0.000
0.000
0.000
0.000
0.000
0.000
0.000
0.000
0.000
0.000
0.000
1.638
0.000
0.000
0.000
0.000
0.000
0.000
0.000
0.000
0.000
0.000
0.048
0.017
0.000
0.000
0.000
3.735
0.024
0.000
0.000
0.000
0.000
0.000
0.000
0.000
0.000
0.290
1.033
0.000
0.000
0.000
0.000
0.000
0.000
0.000
0.000
0.000
0.000
0.000
0.000
0.062
0.091
0.000
0.000
0.000
0.017
0.123
0.000
0.093
0.137
0.000
0.081
0.192
0.000
0.000
0.000
0.000
0.194
1.570
0.000
0.000
0.093
0.707
0.103
0.000
1.183
5.996
17.779
13.304
1.728
0.113
0.000
0.189
0.666
0.000
0.000
0.382
0.000
0.010
0.027
0.014
0.515
0.000
0.096
0.007
0.000
0.000
0.000
0.000
0.000
0.000
0.000
0.000
0.021
0.038
0.000
0.651
0.014
1.354
0.000
0.000
0.000
0.144
0.089
0.000
0.000
0.000
0.000
0.168
3.423
5.857
0.000
1.504
3.292
0.000
0.000
0.000
0.000
0.000
0.000
1.655
17.118
7.850
0.069
0.467
3.037
3.783
6.338
12.988
0.062
0.168
2.559
14.064
33.489
1.378
0.316
5.519
14.135
41.580
0.000
0.000
0.000
0.000
8.017
2.563
3.280
15.487
1.720
15.020
15.359
12.978
16.758
8.643
28.988
6.719
0.000
0.000
0.000
0.000
0.000
0.000
0.000
0.154
2.699
0.000
21.358
26.204
1.087
1.354
0.154
0.366
0.306
0.268
0.778
13.819
5.253
13.475
15.795
1.765
1.856
3.342
2.390
0.000
0.000
0.568
0.010
8.875
0.000
2.266
11.886
0.251
0.776
3.725
6.446
7.660
0.369
0.000
0.000
1.033
1.342
5.617
7.336
2.858
0.000
0.000
9.329
35.338
0.208
8.544
20.320
1.873
0.000
0.039
5.261
9.435
6.010
0.000
0.000
0.000
1.754
15.411
1.516
0.170
0.240
8.789
1.281
1.919
4.528
0.000
0.000
0.000
0.000
0.017
0.007
0.192
2.592
0.697
0.100
1.305
10.207
0.343
0.000
0.000
0.000
0.000
0.000
0.000
0.000
0.000
0.457
2.493
1.330
0.731
1.964
0.898
7.745
16.486
0.374
0.000
0.000
0.000
0.000
0.014
0.000
0.000
0.000
1.849
3.759
1.030
0.996
0.100
3.220
2.614
1.789
0.972
0.007
0.000
0.069
0.282
0.000
0.000
0.443
5.411
0.065
0.000
0.010
0.003
0.628
0.072
0.000
0.000
0.488
0.714
0.912
3.337
1.897
2.335
0.474
0.000
0.000
0.615
0.409
0.000
0.343
1.219
1.772
0.038
0.302
0.000
1.174
0.034
0.000
0.000
0.000
0.003
0.021
0.014
0.000
0.062
0.003
0.000
0.000
0.000
0.014
0.000
2.582
2.853
0.000
0.000
0.000
0.000
0.000
0.000
0.000
0.000
0.000
0.000
0.000
0.000
0.000
0.000
0.000
0.000
0.000
0.000
0.021
0.045
0.000
0.000
0.000
0.000
0.000
0.000
0.000
0.000
0.000
0.000
0.000
0.000
0.034
0.000
0.000
0.000
0.000
0.000
0.000
0.000
0.985
5.339
1.047
0.934
0.021
0.000
0.433
0.343
0.058
0.000
0.000
0.000
0.000
0.000
0.000
0.536
0.110
0.000
0.000
0.000
0.000
0.000
0.000
0.024
0.000
0.000
0.000
0.000
0.000
0.000
0.000
0.000
0.000
0.000
0.000
0.247
0.072
0.000
0.000
0.000
0.000
0.000
0.000
0.000
0.000
1.792
0.824
0.000
0.000
0.088
0.491
0.000
0.000
0.000
0.000
5.414
0.410
0.169
0.000
0.000
0.000
0.000
0.000
0.000
1.253
0.000
0.000
0.000
0.115
0.000
0.000
0.000
0.000
0.000
0.000
0.000
0.000
0.000
0.381
0.297
0.173
0.000
0.031
0.000
4.225
12.375
0.048
0.000
0.640
3.332
2.994
0.000
0.000
0.000
0.000
0.000
2.307
12.195
20.488
5.479
64.043
6.887
0.024
0.000
0.000
0.108
5.258
14.281
4.411
14.583
11.719
3.385
3.354
5.437
13.007
0.000
0.000
0.331
4.058
0.812
11.625
34.684
0.014
0.064
2.662
0.165
5.644
3.035
2.369
0.990
4.156
46.699
1.593
15.731
11.179
12.171
0.000
0.000
0.000
0.027
0.584
0.659
0.000
0.000
0.000
1.315
6.777
15.535
38.232
2.328
27.662
37.906
0.769
0.027
0.271
0.172
0.086
0.000
0.000
0.000
0.481
2.664
15.530
15.942
37.472
10.471
4.352
4.995
41.753
51.452
17.424
20.682
0.007
57.038
131.053
16.982
1.178
11.937
24.739
44.675
12.484
33.517
11.180
16.107
6.908
2.565
4.693
2.357
11.839
0.000
2.884
26.656
14.023
10.708
15.024
30.089
6.104
33.340
1.734
1.634
5.771
2.789
4.535
10.622
21.949
14.049
2.915
15.714
23.514
3.294
0.697
37.477
53.517
13.925
65.897
61.335
6.836
0.000
13.705
49.874
28.901
3.862
2.953
0.024
12.813
11.330
16.246
4.305
1.737
10.567
4.697
0.433
0.357
1.772
3.382
0.000
6.125
27.208
25.605
38.428
12.445
2.771
5.455
2.475
9.373
26.690
3.251
5.515
1.899
36.796
13.118
6.338
4.860
0.000
0.518
3.119
1.318
1.569
15.240
0.216
1.414
0.021
0.010
6.139
5.172
0.831
0.065
0.021
6.533
1.667
1.322
1.717
3.680
0.889
0.251
0.179
3.090
0.003
0.000
0.010
0.000
12.157
0.048
0.000
0.000
0.000
0.000
1.272
0.051
0.815
0.814
1.840
4.946
2.864
4.873
0.000
0.000
0.000
0.000
0.000
0.000
0.069
0.007
0.000
0.000
0.000
0.000
0.000
0.000
0.778
0.106
0.000
0.000
0.000
0.000
0.089
0.017
0.110
0.522
0.151
0.000
0.113
0.000
0.000
0.000
0.000
0.000
0.113
0.051
0.185
1.399
0.354
0.287
0.103
0.010
0.024
0.048
0.000
0.100
0.031
0.000
0.000
0.000
0.000
0.000
0.000
0.000
0.000
0.000
0.000
0.000
0.000
0.000
0.000
0.000
0.000
0.000
0.000
0.000
0.000
0.000
0.000
1.617
2.479
1.044
0.014
0.000
0.000
0.000
0.000
0.000
0.000
0.000
0.000
0.000
0.446
3.222
0.000
0.000
0.000
0.000
0.041
0.000
0.000
0.000
0.027
0.000
0.048
0.216
0.000
0.000
0.000
0.000
0.000
0.319
2.417
0.051
3.922
0.809
0.000
0.000
0.000
0.000
0.000
0.000
0.000
0.000
0.000
0.793
9.237
0.082
0.065
0.191
0.197
0.000
1.469
3.179
0.014
0.639
0.414
1.033
0.766
0.007
0.000
1.008
3.090
1.445
0.069
0.000
0.000
0.007
0.051
0.000
0.000
0.000
0.000
0.000
0.000
0.027
0.010
0.350
1.253
0.007
0.000
0.038
0.027
0.347
16.484
38.949
0.748
0.000
0.000
17.388
0.105
0.000
3.432
40.291
44.941
2.760
0.000
49.742
96.717
4.326
8.049
18.566
4.403
0.182
6.333
10.226
3.809
3.301
0.961
2.939
1.857
0.218
0.000
0.206
4.704
11.961
4.116
0.014
0.252
3.790
9.143
3.777
8.875
11.403
0.441
0.192
23.022
0.247
0.000
0.000
2.426
9.613
5.668
7.879
4.154
3.612
1.784
2.430
5.994
17.144
18.708
10.329
0.276
2.917
1.425
2.735
31.555
10.485
5.081
13.484
3.064
2.493
1.152
6.966
2.144
22.359
10.581
3.559
1.768
1.804
4.292
0.460
0.927
9.342
72.252
10.193
21.173
3.014
20.235
43.163
6.870
0.000
0.000
0.000
0.647
1.128
2.275
1.294
0.965
0.611
0.000
0.283
0.196
0.120
1.923
4.086
0.055
1.809
1.478
4.980
4.590
0.000
0.024
0.755
0.570
1.892
0.233
0.100
5.457
8.675
7.162
15.036
8.018
16.375
4.329
4.216
11.551
1.871
0.239
3.147
15.223
40.967
4.566
2.685
14.521
24.352
10.482
0.000
0.000
0.000
0.000
1.399
0.055
0.000
0.000
0.000
0.000
0.000
0.000
0.000
0.498
2.795
0.027
0.000
0.834
2.142
4.872
1.452
0.443
18.764
0.000
0.000
0.000
0.381
0.000
0.463
0.110
3.272
41.278
0.439
0.800
0.591
10.672
0.225
0.927
0.865
13.733
8.669
0.213
0.000
0.000
0.000
0.000
0.275
8.916
2.369
2.501
6.180
8.617
0.000
0.000
0.244
0.326
0.570
0.058
1.912
20.191
42.256
0.721
1.857
0.014
0.124
3.811
0.089
0.000
0.000
0.000
0.000
0.000
0.000
0.000
0.000
0.000
0.000
0.000
0.000
0.000
0.000
0.000
0.000
0.000
0.000
0.000
0.000
0.000
0.000
0.000
0.000
0.000
0.000
0.000
0.000
0.000
3.139
1.015
0.000
1.145
0.014
0.000
0.000
0.000
0.000
0.000
0.000
0.000
0.000
0.000
0.000
0.000
0.000
0.000
0.225
1.114
0.070
0.000
0.000
0.000
0.000
0.000
0.000
0.000
0.000
0.000
0.000
0.000
0.182
3.426
0.000
0.000
4.971
1.995
0.000
0.000
0.000
0.000
0.000
0.000
0.000
0.000
0.000
0.000
0.000
0.000
0.041
0.017
0.000
0.000
0.000
0.007
2.674
0.900
0.082
0.000
0.000
0.000
0.000
2.506
0.089
0.000
0.000
0.000
0.000
1.090
3.342
0.385
0.041
0.000
0.000
0.000
0.000
0.000
0.000
0.000
0.069
1.571
0.000
0.354
0.221
0.000
0.000
0.000
0.000
0.000
0.000
0.000
0.000
0.000
4.982
11.579
1.385
0.000
0.000
0.000
0.000
0.000
0.000
0.247
0.000
0.000
0.000
0.000
0.000
0.000
0.227
0.000
0.000
0.000
0.000
0.000
0.000
1.358
1.641
0.292
0.760
1.274
0.000
0.000
0.000
0.151
1.559
2.129
0.306
1.202
0.712
10.286
0.000
0.000
0.000
0.000
0.000
2.606
3.847
0.560
0.000
0.000
4.044
23.827
0.065
1.727
4.661
0.316
0.208
5.182
6.302
2.007
8.703
30.070
6.631
16.682
16.706
10.258
4.108
0.154
11.690
0.089
0.227
0.000
0.000
2.812
4.116
1.009
3.306
7.194
0.153
0.000
0.034
0.185
0.354
0.276
1.226
7.402
37.522
16.960
2.232
0.051
0.017
0.000
0.000
0.340
0.980
0.474
0.000
0.000
3.159
2.752
0.096
0.378
0.192
0.776
0.000
2.554
0.913
0.120
0.154
1.263
0.000
0.106
0.179
0.220
0.203
0.076
0.117
0.000
0.000
0.000
0.000
0.031
0.199
0.007
0.072
0.069
0.512
9.503
0.000
0.000
0.282
0.000
0.457
0.357
0.000
1.212
3.948
0.161
0.000
0.000
6.736
69.746
0.165
0.000
0.000
0.003
0.000
0.000
1.336
1.208
0.000
5.189
18.622
2.923
4.226
12.109
79.601
0.000
0.000
0.000
0.656
11.762
57.802
14.078
17.777
1.394
0.000
0.000
44.374
18.031
27.514
11.800
4.319
0.000
0.021
10.283
20.531
5.510
0.323
2.671
13.091
27.534
4.673
0.000
0.000
0.046
15.524
24.367
2.929
0.381
4.456
3.675
20.374
8.106
31.419
0.221
0.223
8.591
0.000
4.650
0.007
12.073
0.000
0.136
0.000
0.000
0.000
4.587
17.145
0.034
1.651
0.572
0.000
0.010
11.048
11.532
2.249
4.340
8.051
16.651
0.391
1.109
11.752
0.014
0.282
1.504
2.352
16.807
2.393
0.062
0.000
0.000
0.000
0.000
0.000
0.000
0.573
1.184
0.268
1.840
0.000
0.000
0.000
0.000
0.000
0.000
0.000
0.000
0.000
1.325
1.064
2.699
0.058
0.000
1.191
0.076
0.069
0.975
0.113
0.000
0.034
0.134
0.000
3.852
0.000
0.000
0.000
0.000
0.000
0.000
0.000
0.000
0.000
0.113
-99.000
0.000
0.000
0.000
0.000
0.000
0.000
0.000
0.000
0.000
0.000
0.000
0.000
0.000
0.000
0.000
0.000
0.000
0.000
0.000
0.051
0.048
0.000
3.155
0.014
0.000
0.000
0.000
0.000
0.268
0.017
0.014
0.000
0.000
0.000
0.000
0.000
0.000
0.000
0.000
0.000
0.000
0.000
0.000
0.000
0.000
0.010
0.021
0.165
0.906
1.564
1.861
0.000
0.000
0.000
0.000
0.000
0.000
0.000
0.000
0.000
0.000
0.000
0.000
0.000
0.000
0.010
0.072
0.000
0.000
0.000
0.000
1.054
1.414
0.038
0.000
2.699
2.776
0.316
0.192
0.000
0.000
0.000
0.000
0.000
0.000
0.264
0.254
0.000
0.000
8.803
6.592
0.182
5.929
3.912
0.130
1.208
0.000
0.000
0.000
0.000
0.000
0.000
0.000
0.000
0.000
0.000
0.000
0.000
0.000
0.000
0.000
0.000
0.000
0.000
0.000
0.000
6.854
4.482
0.393
0.003
0.000
0.000
0.000
0.148
1.799
1.504
0.227
0.027
0.522
8.562
5.898
1.291
0.000
0.000
0.000
0.000
0.000
0.000
0.913
3.315
0.000
0.021
0.007
0.014
0.000
0.000
0.130
0.000
0.003
0.000
0.295
0.841
0.292
0.038
0.000
8.395
0.719
0.000
0.000
0.000
0.000
0.527
0.552
0.072
0.000
0.000
0.000
0.000
7.696
29.260
0.017
0.518
17.762
14.674
2.317
28.753
7.089
0.007
0.079
0.154
0.077
4.202
0.145
14.897
20.505
2.293
0.000
0.000
0.446
3.045
4.661
36.954
1.068
4.613
3.703
9.362
13.681
25.672
7.852
16.440
33.808
43.235
0.021
16.899
19.394
14.189
0.000
-99.000
-99.000
-99.000
-99.000
-99.000
-99.000
-99.000
-99.000
25.430
0.343
0.615
4.824
29.593
36.207
0.439
0.000
33.855
36.303
0.319
7.787
15.645
15.134
0.309
0.127
23.928
58.729
30.185
27.174
32.152
30.976
25.402
22.965
9.033
5.469
13.688
2.005
1.181
0.680
31.704
0.203
0.000
12.354
8.998
0.079
6.103
23.579
20.241
0.000
0.000
0.000
0.000
0.000
0.000
1.368
0.946
12.993
13.237
9.667
19.077
8.240
5.847
4.188
2.948
1.638
2.848
1.851
2.053
1.696
7.524
18.761
12.033
27.347
8.874
31.517
7.167
15.013
0.000
0.000
0.000
0.000
0.000
0.000
0.000
0.000
14.765
34.901
6.367
1.718
1.461
16.857
9.126
0.488
4.650
0.000
10.607
22.888
3.851
0.795
0.410
0.010
0.000
0.000
0.000
3.150
0.038
3.401
20.514
0.162
0.000
0.000
0.000
1.329
0.000
2.429
9.471
1.420
0.000
0.014
0.010
0.014
0.065
0.288
13.469
33.455
3.140
2.640
0.134
5.317
4.089
0.003
0.000
0.000
0.000
0.000
0.000
0.000
0.000
0.000
0.000
0.000
0.000
0.000
0.000
0.000
0.676
2.523
2.517
0.491
0.000
0.000
0.481
3.378
0.385
0.000
0.000
0.000
0.000
0.000
0.000
0.000
0.000
0.000
1.037
0.573
0.003
0.000
0.000
0.000
0.000
0.000
0.000
0.000
0.000
0.000
0.000
0.000
0.000
0.000
0.000
0.000
0.000
0.000
0.000
0.000
0.000
0.000
0.000
0.000
0.000
0.031
0.000
0.000
0.000
0.000
0.000
0.000
0.000
0.000
0.000
0.000
0.000
0.000
0.000
0.000
0.000
0.000
0.000
0.000
0.000
0.000
0.000
0.000
0.000
0.000
0.000
0.000
1.056
5.618
0.000
0.000
0.000
0.187
0.419
0.294
0.493
0.000
0.000
0.000
0.000
0.000
0.000
0.017
0.100
0.021
0.000
0.010
0.000
0.000
0.000
0.000
0.000
0.000
0.000
0.000
0.000
0.000
0.000
4.844
0.031
0.000
0.000
0.000
0.000
0.000
0.000
0.000
0.000
0.000
0.000
0.000
0.000
0.000
0.000
0.000
0.000
2.253
0.000
0.000
0.000
0.000
0.000
0.000
0.000
0.000
0.000
0.000
0.000
0.000
0.000
1.183
3.135
0.000
0.000
0.000
0.412
0.426
0.673
0.034
0.906
0.000
0.000
0.007
0.000
0.000
0.057
0.120
0.000
0.000
1.806
6.351
0.000
0.242
3.023
9.069
7.447
25.564
11.560
0.055
0.000
0.058
20.148
12.401
23.669
22.261
15.518
21.495
6.715
0.000
0.017
0.233
0.144
0.240
9.091
37.896
16.600
8.029
7.460
0.244
3.959
14.038
5.914
2.012
6.096
4.031
6.866
20.587
0.000
0.000
5.476
1.160
1.027
0.869
15.680
30.854
6.472
43.870
0.000
5.376
4.341
11.783
0.209
0.062
0.433
0.446
0.021
0.886
13.256
16.740
22.033
0.659
0.106
0.148
3.948
0.041
1.564
2.596
8.229
11.106
17.207
20.484
3.176
0.481
0.000
2.572
7.373
4.741
0.929
0.742
7.047
0.295
0.838
5.709
1.622
0.518
13.487
8.669
31.218
22.527
39.535
20.483
28.118
24.333
57.944
21.641
0.000
1.096
13.534
6.712
2.177
5.912
5.573
34.381
16.603
0.287
0.072
0.000
0.134
0.381
0.898
18.809
13.980
3.775
1.471
1.683
2.829
11.700
2.664
6.192
9.033
0.000
2.941
7.545
19.441
7.172
4.204
2.262
3.719
4.318
1.476
3.621
10.082
53.550
12.688
6.913
2.805
4.377
0.216
0.000
0.398
3.825
4.817
4.831
12.555
20.932
0.934
0.453
1.226
9.036
4.484
1.696
2.008
0.288
0.093
0.965
0.740
11.182
5.534
0.251
0.000
24.180
23.995
1.408
7.011
40.617
6.422
0.000
0.419
0.000
0.347
0.711
1.523
0.376
0.000
0.000
0.474
0.048
0.000
0.000
2.935
9.203
0.000
0.000
10.944
1.118
2.896
14.214
1.768
0.076
1.334
4.007
7.472
1.275
0.055
0.000
0.041
2.232
5.864
0.000
0.000
0.120
0.027
0.000
0.000
0.000
0.024
0.381
0.000
0.000
0.000
1.442
0.597
0.000
3.062
0.021
0.000
0.577
0.680
0.103
0.024
0.000
0.148
1.353
4.958
0.831
0.000
0.000
0.000
0.000
0.000
0.000
0.000
0.000
0.000
0.000
0.000
0.000
0.000
0.000
0.000
0.000
0.000
1.514
1.363
0.000
0.000
0.000
0.000
0.000
0.000
0.000
0.010
0.024
0.000
0.000
0.000
0.000
0.848
0.470
0.000
0.240
0.100
0.000
0.000
0.000
0.000
0.000
0.000
0.000
0.000
0.000
0.000
0.000
0.203
9.177
0.601
0.000
0.000
0.000
0.000
0.000
0.000
0.000
0.000
0.000
0.000
0.000
0.010
0.000
0.000
0.000
0.000
0.000
0.000
0.000
0.014
0.000
0.000
0.000
0.000
0.000
0.000
0.000
0.000
0.000
0.000
0.000
0.000
0.000
0.000
0.000
0.000
0.000
0.000
0.000
0.000
0.000
0.000
0.000
0.000
0.000
0.000
0.000
0.000
0.000
0.000
0.000
0.000
0.000
0.034
0.165
0.000
0.034
0.268
0.000
0.000
0.110
0.027
1.504
0.024
0.000
0.000
0.000
0.024
0.003
0.000
0.000
0.000
0.000
0.000
0.000
0.000
0.000
0.000
0.000
0.175
2.484
1.142
8.722
7.155
0.000
3.442
18.847
0.027
2.225
0.848
1.835
26.158
1.921
3.495
1.047
0.482
3.655
0.000
0.000
0.000
0.000
0.549
1.183
0.000
0.000
0.000
0.007
0.000
0.000
0.000
0.000
0.000
0.000
0.069
0.141
0.000
3.258
0.000
0.264
21.961
43.407
0.144
0.726
0.038
0.000
0.000
0.000
0.000
0.000
0.000
0.021
3.358
12.875
0.488
0.022
3.830
6.806
8.612
5.193
7.244
0.793
20.956
16.873
8.332
4.618
39.983
0.000
0.000
0.000
7.953
43.385
1.470
0.068
0.072
0.488
2.733
0.000
4.855
0.896
0.003
5.790
1.562
4.455
2.992
4.415
1.370
0.154
0.113
0.000
11.314
5.727
0.141
0.551
1.679
0.058
0.024
0.719
5.601
2.170
0.072
0.007
1.548
8.248
36.856
0.000
3.593
12.075
3.605
0.000
0.223
0.000
0.000
0.010
0.000
0.900
27.771
0.807
90.699
0.000
1.833
1.195
25.996
0.120
0.000
0.000
0.000
0.000
0.934
0.433
2.444
0.000
0.000
0.000
1.804
3.495
3.677
0.000
2.057
0.656
0.000
0.000
0.000
0.182
5.380
9.273
2.551
16.727
85.604
9.452
13.046
0.199
0.772
13.963
8.497
0.000
0.000
0.000
0.000
5.050
5.661
0.000
0.100
0.000
0.000
0.000
3.135
21.197
19.834
1.871
0.000
0.072
7.251
2.680
2.626
0.264
0.443
0.216
0.821
8.010
0.364
4.343
0.000
12.366
14.996
0.000
0.000
0.041
0.027
1.449
1.586
0.062
0.306
0.021
0.000
0.566
0.419
0.556
1.741
2.311
0.000
0.000
2.060
0.288
0.000
0.000
0.000
0.216
6.218
4.233
0.000
0.000
0.000
0.000
0.024
0.000
0.000
0.000
0.029
0.360
0.000
0.000
0.000
0.000
0.000
0.000
0.000
0.007
0.010
0.000
0.000
0.000
0.000
0.000
0.000
1.416
2.214
0.578
0.000
0.000
0.034
0.021
0.041
0.151
3.523
6.887
0.208
0.000
0.455
0.118
0.000
0.198
0.010
0.000
0.000
0.000
0.000
1.871
2.655
0.477
0.560
0.213
0.048
0.000
0.000
0.000
0.000
0.000
0.000
0.000
0.000
0.000
0.000
0.000
0.000
0.077
0.120
0.000
0.000
0.024
0.065
0.000
0.000
0.000
0.000
0.000
0.000
0.333
0.014
0.000
0.000
0.000
0.000
0.000
0.000
0.000
0.000
0.000
0.000
0.000
0.000
0.000
0.000
0.000
0.000
0.000
0.000
0.000
0.000
0.000
0.000
0.000
0.000
0.000
0.000
0.000
0.336
0.244
0.000
0.000
0.000
0.000
0.000
0.000
0.000
0.000
0.000
0.000
0.000
0.000
0.000
0.000
0.000
0.000
0.000
0.000
0.000
0.000
2.355
5.071
0.038
0.000
0.000
0.000
0.000
0.000
0.000
0.000
0.000
0.000
0.292
0.533
0.000
0.110
0.322
0.163
0.003
0.000
0.000
0.000
0.000
0.000
0.024
1.741
30.818
4.910
7.598
9.946
3.169
0.000
0.000
0.395
2.232
9.723
0.000
0.000
0.024
0.103
0.330
0.000
0.000
3.524
0.645
0.000
0.000
0.000
0.000
0.069
0.268
0.010
0.434
0.151
0.000
0.000
4.506
7.900
13.864
6.739
13.386
9.864
2.829
0.000
0.000
0.003
0.031
0.124
9.773
5.867
21.241
10.974
6.477
2.759
2.355
1.941
55.086
34.146
0.426
1.219
6.140
32.818
14.893
10.761
2.129
2.705
17.027
27.145
9.799
10.643
0.532
6.216
12.164
49.085
27.282
0.000
6.204
15.631
0.000
0.000
0.000
0.000
0.931
0.003
0.024
0.072
1.723
1.593
0.423
1.792
0.158
0.000
2.127
10.023
3.586
6.949
0.457
0.000
0.017
10.895
54.928
1.643
0.936
4.053
54.305
11.099
0.116
0.000
16.306
0.000
0.000
0.000
0.158
17.540
33.742
44.072
0.010
1.119
3.740
5.352
14.665
24.487
105.431
46.918
10.010
15.038
3.462
0.010
1.047
13.623
27.888
10.713
0.558
2.937
9.810
8.099
2.599
2.850
17.547
11.497
42.191
22.663
37.625
27.469
0.000
14.032
7.082
9.545
0.278
0.000
0.000
0.167
1.408
0.000
0.900
3.924
11.924
0.992
3.564
5.277
35.867
13.671
35.654
52.036
11.086
14.052
1.114
4.983
8.013
5.927
9.297
19.691
20.812
6.077
0.814
1.246
4.764
0.017
0.000
0.000
0.572
2.163
0.000
0.436
7.258
21.923
1.978
10.835
2.197
2.311
1.452
18.176
17.674
0.041
0.000
0.000
0.000
0.000
8.789
0.069
0.000
0.000
0.197
1.181
6.128
2.307
0.000
1.360
0.034
0.031
0.000
0.000
0.000
0.000
0.000
0.855
7.515
0.151
20.153
4.576
0.000
0.632
5.301
8.817
2.571
1.947
0.463
0.683
0.000
0.000
0.000
0.000
0.000
0.000
0.000
0.000
0.000
0.000
2.561
0.000
0.419
0.441
0.000
0.000
0.000
0.010
1.243
0.010
0.000
0.000
0.000
0.000
2.496
0.287
0.493
0.000
0.000
0.000
0.000
0.000
0.000
0.141
0.014
0.000
0.000
0.000
0.000
0.000
0.000
0.000
0.000
0.000
0.010
0.007
0.000
0.000
0.000
0.007
0.036
3.847
3.280
0.360
0.000
0.000
0.000
0.000
0.000
0.000
0.010
0.639
0.573
0.017
0.048
0.000
0.000
0.000
0.000
0.000
0.000
0.000
0.000
0.000
0.000
0.000
0.000
0.000
0.000
0.000
0.000
0.000
0.000
0.134
0.378
0.000
0.000
0.000
0.000
0.000
0.021
0.000
0.000
0.000
0.000
0.000
0.000
2.453
1.116
0.906
1.675
0.069
0.699
0.000
0.000
0.000
0.000
0.000
0.000
0.000
0.000
0.000
3.502
7.697
0.000
0.000
0.000
0.000
0.000
0.000
0.000
0.000
0.000
0.000
0.000
0.000
0.000
0.000
0.000
0.000
0.000
0.000
0.000
0.460
3.647
0.000
0.000
0.000
0.045
3.354
4.037
8.813
5.878
0.827
0.000
0.000
0.000
0.024
0.000
0.000
0.000
0.021
0.000
0.007
1.542
0.000
1.188
2.620
10.444
32.384
13.441
3.572
0.106
17.492
12.239
0.031
0.072
42.407
5.188
0.003
1.820
6.503
0.000
0.003
1.054
0.527
0.000
0.003
13.075
1.890
0.230
5.904
13.376
31.345
0.000
6.176
4.856
21.326
0.094
7.536
3.419
9.156
5.138
21.480
0.000
0.000
0.112
34.616
0.347
12.803
12.555
0.000
2.482
9.112
12.971
3.890
35.767
29.038
8.514
8.672
2.777
0.000
0.017
0.282
5.246
44.501
0.024
6.300
4.961
94.675
1.037
29.842
3.450
2.941
8.830
26.759
0.055
0.000
1.133
6.763
48.084
5.478
19.272
12.818
26.168
35.537
12.583
7.213
102.243
23.875
26.259
0.000
1.856
4.597
45.408
0.021
0.076
0.000
0.000
3.603
0.841
45.186
36.876
6.978
0.714
0.014
0.132
1.500
0.000
0.010
1.789
3.313
5.411
6.990
22.285
1.020
3.584
19.127
2.420
9.738
28.031
0.254
0.992
3.385
0.000
0.845
1.938
0.079
16.428
13.609
1.195
0.027
2.867
0.048
5.363
6.927
2.587
0.227
0.000
10.573
6.412
9.114
0.000
11.295
18.076
22.587
23.966
2.341
0.678
2.487
8.001
10.418
9.453
0.021
0.000
0.000
6.247
5.564
0.017
0.000
2.623
20.234
13.594
0.743
0.000
0.000
0.000
4.383
18.532
0.000
3.591
15.123
4.669
0.278
0.051
0.000
0.000
0.000
0.069
0.240
14.329
6.479
7.594
6.159
0.103
1.037
5.270
0.000
0.000
0.000
0.000
0.000
0.000
0.000
0.000
0.000
0.000
0.110
0.082
3.419
0.134
1.710
6.183
0.179
0.000
0.000
0.000
0.000
0.017
0.409
11.529
6.084
0.000
0.000
0.000
0.000
0.000
2.472
39.122
4.714
0.000
0.000
0.000
0.213
0.021
0.000
0.000
0.000
0.038
0.268
3.107
1.366
0.803
0.010
0.566
6.846
0.264
0.000
0.000
0.000
0.000
0.000
0.000
0.000
0.000
0.000
0.031
0.975
0.000
0.000
0.000
0.142
0.027
0.000
0.000
0.000
0.000
0.000
0.000
0.000
0.000
0.000
0.027
0.306
0.021
0.000
0.000
0.000
0.027
0.354
0.000
2.082
1.066
0.000
0.000
0.000
0.000
0.000
0.000
0.175
2.999
0.014
0.000
0.000
0.000
0.000
0.000
0.000
0.000
0.000
0.000
0.000
0.000
0.000
0.000
0.000
0.000
0.000
0.000
0.014
0.000
0.000
0.000
0.000
0.000
0.000
0.000
0.000
0.000
0.000
0.755
0.628
0.000
0.000
0.000
0.000
2.315
0.000
0.000
0.000
0.000
0.508
0.402
0.203
0.041
0.000
0.058
0.594
0.000
0.000
0.000
10.820
3.910
0.000
0.000
0.000
0.000
0.000
0.021
0.233
0.000
0.000
0.000
0.000
0.000
0.000
0.000
0.000
1.954
3.481
0.000
0.000
0.000
0.014
0.076
3.145
11.584
0.985
0.014
0.000
0.000
0.000
0.000
0.000
0.000
1.198
1.298
0.000
0.000
0.000
0.000
0.024
21.396
6.942
22.342
0.666
0.000
0.069
12.109
21.142
17.575
18.663
4.338
0.711
6.221
11.096
3.200
13.002
5.929
0.062
11.903
6.111
21.252
14.347
0.630
6.417
2.834
3.959
16.308
6.674
6.630
16.019
0.038
1.184
0.079
1.020
2.592
0.838
0.000
0.086
2.620
5.486
7.994
21.539
11.997
9.494
13.041
3.338
4.036
20.179
3.303
2.989
0.000
0.000
0.038
0.465
4.520
0.354
0.017
3.189
2.889
2.027
4.410
2.529
2.549
33.197
5.624
0.096
4.156
0.000
0.529
3.027
22.613
8.893
9.577
4.510
0.745
2.168
4.563
27.530
29.856
4.609
10.358
2.034
0.367
17.432
14.226
10.630
30.306
0.151
1.087
1.069
3.054
2.858
8.810
1.770
2.384
0.802
0.379
0.000
3.222
7.588
7.836
3.698
1.107
3.107
0.951
3.018
1.119
9.380
2.204
2.829
0.948
0.282
2.551
3.382
4.697
13.578
20.915
2.989
8.784
2.628
0.000
0.000
0.000
3.387
3.718
0.051
0.014
2.441
10.260
21.022
0.278
0.000
1.481
1.591
5.023
10.365
7.015
3.997
8.264
13.724
6.674
14.741
11.187
0.007
2.808
4.686
3.902
0.000
0.000
1.390
3.758
0.007
14.169
2.522
0.113
0.000
0.000
3.904
10.154
4.310
0.000
0.000
1.650
5.256
0.900
0.333
1.737
2.654
9.798
0.429
0.000
0.000
0.014
8.116
2.602
0.000
0.000
0.000
0.000
0.000
0.031
0.096
1.428
3.282
0.082
0.192
0.007
4.597
5.653
7.515
0.343
0.144
3.117
0.017
0.000
0.000
0.000
0.000
0.000
3.056
1.926
0.024
0.117
0.000
0.100
0.000
0.000
0.000
0.000
3.327
10.744
0.560
0.014
0.000
0.045
0.735
0.000
0.000
0.000
1.837
3.562
2.275
0.000
0.000
0.000
0.000
0.000
0.000
0.000
0.000
0.000
0.000
0.000
0.000
0.000
0.000
0.000
0.021
0.017
1.257
0.196
0.000
0.201
2.132
1.442
0.213
0.051
0.000
0.000
0.920
0.027
0.000
0.000
0.007
0.117
0.000
0.000
0.000
0.204
0.000
0.000
0.000
0.000
0.000
0.000
2.283
4.504
1.064
0.000
0.017
1.785
0.024
0.000
0.000
0.000
0.000
0.000
0.000
0.000
0.288
0.027
0.000
0.007
2.731
1.308
0.010
0.000
0.000
0.000
0.000
0.000
0.259
0.196
0.000
0.000
0.000
0.000
0.000
0.000
0.000
0.014
2.508
20.987
4.231
0.906
0.017
0.000
0.000
0.000
0.000
0.000
0.014
1.143
3.747
5.093
12.696
8.386
0.041
0.000
0.000
0.599
2.233
3.418
4.836
4.959
2.216
0.076
4.731
16.158
1.627
0.027
0.000
0.000
0.014
0.000
0.000
0.000
3.311
0.007
0.000
0.000
0.000
0.000
0.000
0.050
6.795
7.755
12.607
0.197
0.508
12.253
0.687
0.000
0.000
0.000
0.021
0.294
9.359
0.659
5.243
2.971
2.542
0.021
0.000
0.000
8.309
0.694
0.000
2.451
18.333
9.491
17.655
0.000
1.138
0.000
0.069
0.000
0.000
0.000
0.069
0.000
0.000
0.000
0.000
0.184
2.446
1.782
3.629
0.429
0.807
15.213
35.149
0.000
0.000
1.229
5.023
18.126
22.048
13.590
7.802
2.645
1.562
2.697
19.157
8.683
6.599
0.000
16.033
2.287
1.919
5.442
19.799
2.795
1.123
12.071
27.765
0.936
1.099
1.911
2.894
20.641
1.051
4.868
12.064
0.275
3.806
23.727
1.981
1.452
47.262
39.420
12.851
17.999
3.097
0.082
31.462
19.489
14.038
2.846
22.338
19.247
14.184
21.803
7.919
7.138
77.642
0.000
0.000
0.000
0.000
0.000
0.003
0.142
2.396
8.895
0.041
11.666
20.884
0.851
3.316
2.417
2.664
3.104
3.953
3.598
6.314
1.691
0.014
21.638
121.935
7.220
1.063
2.275
2.123
5.632
2.556
20.318
0.000
0.000
0.000
2.201
2.267
0.010
0.000
0.050
0.113
1.651
6.116
7.292
0.263
0.227
0.000
0.000
0.000
0.891
1.851
1.590
0.179
4.418
0.444
4.701
4.203
2.300
0.683
0.000
7.316
3.383
0.048
1.904
17.705
0.949
4.611
4.911
1.485
6.435
8.017
4.202
1.313
0.266
3.672
2.319
5.655
9.089
0.000
0.060
8.052
8.394
3.304
0.000
4.482
17.176
3.516
0.244
0.079
0.007
0.000
0.000
0.000
0.000
0.000
0.000
0.007
0.175
0.021
0.000
0.000
4.152
3.902
0.516
0.438
0.003
0.000
0.000
1.411
0.175
0.771
5.419
5.958
0.649
3.687
0.000
0.357
0.000
0.000
0.000
0.014
0.027
0.652
3.529
1.847
2.977
0.000
0.000
0.000
0.000
0.000
0.000
0.000
0.000
0.996
2.396
6.884
0.031
0.000
0.000
0.000
0.000
0.000
0.000
0.000
0.000
0.000
0.000
0.000
0.000
0.000
0.000
0.000
0.000
0.000
0.000
0.000
0.000
0.127
0.141
0.000
0.000
0.000
0.000
0.000
0.000
0.000
0.000
0.000
0.000
0.000
0.000
0.000
0.000
0.003
1.118
0.367
0.390
1.974
1.275
0.000
0.000
0.000
0.062
0.031
0.093
0.000
0.000
0.000
0.000
0.000
0.000
0.000
0.000
0.000
0.000
0.079
1.394
0.000
0.000
0.000
0.010
1.047
0.003
0.000
0.000
0.000
0.000
0.000
0.000
0.000
0.000
0.025
0.000
0.000
0.000
0.045
1.516
0.000
0.000
0.000
0.000
0.000
0.000
0.000
0.000
0.014
0.000
0.000
0.000
0.000
0.000
0.000
0.000
0.172
0.003
0.000
0.000
0.000
0.000
0.000
0.000
0.000
0.000
0.000
0.000
0.000
0.000
0.165
0.000
0.000
0.000
0.000
0.021
0.000
0.227
1.222
0.398
0.027
0.117
0.367
0.017
0.000
0.000
0.000
0.913
3.310
0.855
0.563
0.000
0.000
0.000
0.000
0.000
0.000
0.000
0.110
9.822
0.518
0.132
0.000
0.000
0.038
0.106
1.641
5.212
5.430
5.358
4.214
3.516
6.037
0.130
0.000
0.038
11.704
10.743
10.458
0.027
0.000
0.000
0.000
2.427
0.000
0.000
0.000
15.724
29.000
19.975
15.501
20.534
3.749
0.783
6.448
0.417
0.000
0.000
1.696
3.543
15.518
14.426
19.487
31.950
13.510
0.072
0.096
5.507
9.857
0.000
0.000
0.000
0.000
0.000
0.029
0.433
0.709
26.220
11.785
0.000
3.569
30.425
24.201
26.510
0.707
0.017
2.034
2.544
9.191
0.021
2.796
0.213
30.218
5.376
2.674
11.712
7.256
5.564
0.446
1.004
1.993
11.972
0.038
0.168
2.002
0.649
4.218
10.861
0.000
0.000
0.000
0.031
0.110
0.000
0.000
0.027
0.766
1.298
0.000
0.007
1.754
0.783
1.004
0.551
6.750
0.000
0.000
0.000
0.000
0.027
14.529
2.894
2.668
2.441
2.232
37.511
0.175
0.000
0.501
2.678
9.785
2.249
1.916
3.601
0.130
0.089
0.117
2.269
0.000
0.000
1.105
8.020
0.000
2.465
7.690
18.443
22.652
4.230
2.221
0.978
0.000
0.000
0.003
1.033
0.137
0.000
0.000
0.000
0.000
0.000
0.532
0.719
2.596
10.763
9.376
0.000
0.000
0.000
3.924
2.046
0.000
0.000
0.817
6.726
0.000
0.000
0.021
3.828
0.515
0.776
0.000
0.000
0.007
1.106
8.120
0.831
0.000
0.000
0.285
0.793
0.220
0.398
0.134
0.405
0.000
1.167
1.344
13.627
0.000
0.000
0.000
0.000
0.304
1.118
0.000
0.000
0.000
0.000
0.017
0.000
0.000
0.000
0.151
3.679
0.000
0.000
0.000
8.490
3.838
0.089
0.295
0.000
0.000
0.000
0.000
0.000
0.000
0.000
0.000
0.000
0.323
0.000
0.000
0.000
0.014
1.693
7.105
3.329
0.616
0.014
0.000
0.014
0.000
0.027
0.086
0.000
5.613
5.050
0.000
0.000
0.000
0.000
2.166
0.312
0.062
0.560
1.308
0.079
0.000
1.313
0.158
0.000
0.021
0.000
0.000
0.000
0.000
0.000
0.000
0.000
0.000
0.000
0.000
0.000
0.000
0.000
0.000
0.000
0.000
0.000
0.000
0.000
0.000
0.000
0.000
0.000
0.000
0.000
0.000
0.000
0.000
0.000
0.192
0.000
0.000
0.000
0.000
0.000
0.014
0.089
0.045
0.994
0.000
0.000
0.000
0.000
0.000
0.000
0.024
0.000
0.185
0.000
0.000
0.000
0.000
0.031
0.000
0.010
0.000
0.000
0.000
0.000
0.000
1.033
0.148
0.000
0.000
0.000
0.000
0.000
0.000
0.000
0.000
0.501
0.000
0.000
0.000
0.000
0.000
0.000
0.000
0.000
0.000
0.000
0.000
0.000
0.000
0.038
0.000
0.000
0.000
0.000
0.000
0.000
0.000
0.065
0.560
1.892
0.000
0.000
2.719
16.146
5.423
7.321
9.448
12.007
0.805
20.467
10.143
0.788
2.008
10.966
1.646
0.105
0.977
0.658
0.000
0.000
0.230
0.290
0.000
0.165
8.715
3.936
0.520
0.865
0.798
8.247
14.492
10.386
7.787
7.564
0.397
0.007
0.000
0.000
3.748
25.562
30.482
17.665
0.108
12.542
0.125
0.000
3.181
0.000
0.000
0.000
0.000
1.583
5.049
0.041
0.482
0.047
0.000
0.000
0.024
0.000
0.000
2.305
0.719
0.064
0.000
0.000
0.089
0.021
0.007
0.003
0.000
0.000
0.000
0.282
0.728
0.000
2.393
1.797
4.832
26.951
1.428
26.645
11.697
2.144
2.300
0.000
0.182
0.000
0.000
0.505
0.512
0.000
0.000
0.031
0.021
0.000
0.000
0.168
0.397
0.689
2.204
9.790
16.327
0.629
0.961
4.364
0.530
3.699
0.529
0.371
0.594
0.912
5.799
16.976
6.232
8.534
2.574
14.785
0.003
2.896
0.385
1.747
0.000
2.489
3.078
0.041
0.424
1.354
5.867
0.003
0.014
1.092
0.000
0.000
0.007
0.007
1.871
2.836
8.705
0.627
0.000
1.277
4.782
1.590
6.537
0.419
0.000
0.115
7.869
28.293
3.912
5.043
0.393
14.028
28.103
26.779
1.708
0.772
1.140
23.792
6.084
21.410
29.790
10.501
0.021
0.000
0.000
1.336
0.223
0.007
4.456
24.276
12.211
1.921
5.140
17.588
1.715
5.998
5.866
0.000
0.000
0.000
0.000
0.000
10.430
4.372
9.979
0.000
0.000
0.000
0.007
0.069
0.017
0.000
1.054
13.870
0.055
0.000
0.000
0.010
0.014
0.000
0.000
0.017
7.725
7.505
0.151
0.000
0.000
0.000
0.000
0.000
0.000
0.000
0.000
0.000
0.000
2.170
0.000
0.000
0.851
9.091
9.871
0.000
0.000
0.000
0.000
0.000
0.014
0.203
0.388
0.000
0.007
1.542
1.097
1.662
1.377
0.000
0.000
0.000
0.000
0.093
0.000
0.000
0.000
0.000
0.000
0.000
0.000
0.000
0.000
0.000
0.000
0.031
0.134
0.000
0.000
0.000
0.000
0.000
0.110
0.321
0.000
0.000
0.000
0.000
0.000
0.000
0.000
0.000
0.000
0.000
0.000
0.000
0.000
0.000
0.000
0.000
0.000
0.000
0.000
0.000
0.000
0.000
0.000
0.000
0.000
0.000
0.000
0.000
0.326
0.172
0.700
0.031
0.000
0.000
0.000
0.000
0.000
0.000
0.000
0.000
0.000
0.000
0.000
0.000
0.000
0.000
0.000
0.031
0.000
0.000
0.014
0.000
0.000
0.000
0.000
0.000
0.000
0.045
0.000
0.000
0.000
0.000
0.000
0.000
0.000
0.000
0.000
0.000
0.000
0.000
0.000
0.000
0.000
0.000
0.000
0.000
0.000
0.000
0.000
0.000
0.000
0.000
0.000
0.000
0.000
0.000
0.000
0.000
0.000
0.000
0.000
0.000
0.000
0.000
0.000
0.000
0.000
0.000
0.000
0.000
0.000
0.000
0.000
0.034
3.165
0.704
0.000
0.000
0.000
0.000
0.003
0.058
0.000
0.100
0.189
0.000
0.000
0.000
0.000
0.000
6.188
0.000
0.000
0.000
0.000
0.000
0.003
0.014
0.000
0.000
0.007
1.267
10.179
3.526
1.660
0.182
0.024
0.000
0.000
0.000
0.000
0.000
0.000
0.179
2.405
1.148
32.717
44.848
0.062
0.053
0.158
0.000
0.000
0.007
0.000
2.359
4.441
0.000
0.007
11.822
2.249
0.216
8.841
9.692
3.615
5.938
0.000
0.000
0.007
0.082
0.014
16.109
21.964
10.461
2.731
27.382
0.071
0.000
0.003
3.053
1.145
0.000
0.000
0.000
0.132
0.172
0.000
0.000
0.000
0.000
0.000
0.000
0.000
0.000
0.247
0.000
0.000
0.045
0.000
0.000
0.000
0.759
2.705
10.955
0.000
0.309
2.517
0.000
0.034
0.257
0.000
0.010
20.036
12.296
0.989
1.912
0.021
0.000
0.601
1.078
0.000
0.000
1.195
0.666
1.682
2.462
24.350
0.055
1.581
3.728
2.328
15.750
19.707
0.057
17.290
19.346
0.041
0.003
7.768
7.884
9.477
5.497
0.017
0.000
0.000
0.000
0.027
0.038
0.000
0.007
33.495
11.797
0.000
32.216
2.014
1.257
1.646
2.846
26.245
5.952
0.082
0.124
0.076
0.021
0.264
0.007
0.000
0.280
0.692
0.000
0.000
1.674
8.711
20.206
2.623
1.081
0.398
0.000
0.000
0.000
0.311
0.975
1.952
0.000
0.000
0.963
0.017
0.000
0.000
0.000
11.361
1.037
0.000
0.439
8.185
0.027
0.000
0.000
0.000
0.100
0.010
0.000
0.632
1.720
0.000
0.000
0.106
0.000
0.000
0.000
0.000
0.000
0.000
0.038
5.144
1.231
1.566
0.072
0.000
0.134
0.862
0.724
4.539
19.003
8.822
0.182
0.041
0.000
1.083
0.917
0.000
0.021
0.000
0.000
0.068
0.014
0.000
0.017
0.644
3.921
0.294
0.056
0.196
0.294
0.000
0.000
0.000
0.000
0.000
1.214
12.533
1.102
0.000
0.000
0.000
0.000
0.000
0.000
0.000
0.000
0.000
0.000
0.000
0.000
0.000
0.000
0.014
0.479
0.910
2.017
1.164
0.003
0.000
0.000
0.000
0.000
0.000
0.553
0.278
0.139
0.000
0.000
0.000
0.000
0.000
0.000
0.000
0.017
0.034
0.048
0.000
0.000
0.000
0.000
0.000
0.000
0.000
0.000
0.000
0.000
0.000
0.000
0.000
0.000
0.000
0.000
0.000
0.000
0.000
0.000
0.000
0.000
0.000
0.000
0.000
0.000
0.000
0.000
0.000
0.000
0.000
0.000
0.000
0.000
0.000
0.000
0.000
0.000
0.000
0.000
0.000
0.000
0.000
0.000
0.000
0.000
0.000
0.000
0.000
0.000
0.000
0.000
0.965
0.383
0.000
0.000
0.000
0.000
0.000
0.000
0.000
0.000
0.000
0.000
0.000
0.000
0.000
0.000
0.000
0.000
0.000
0.000
0.000
0.000
0.031
1.345
7.971
4.513
0.058
0.000
0.000
0.000
0.003
0.069
0.000
0.000
0.000
0.000
0.000
0.000
0.000
0.000
0.439
1.136
1.607
0.000
0.007
0.000
0.000
0.000
0.000
0.000
19.672
18.046
4.116
0.051
0.010
0.000
0.000
0.000
0.000
0.130
2.832
2.613
0.000
0.130
7.591
0.000
0.371
0.017
0.010
0.488
0.007
2.331
0.000
0.000
0.772
3.071
16.823
17.815
13.455
0.062
0.010
0.041
0.958
0.000
2.065
0.000
0.000
0.000
0.000
0.000
0.000
0.257
0.165
0.000
0.505
0.230
1.378
3.430
2.472
0.038
0.000
0.042
0.642
0.007
2.252
0.000
0.000
0.000
4.348
10.622
0.082
1.596
0.000
4.387
0.000
0.010
0.007
4.535
11.383
0.000
0.079
0.000
0.000
0.000
0.154
0.000
0.000
0.000
0.000
0.000
0.000
0.093
0.333
0.000
0.000
0.000
0.000
0.000
0.000
0.000
0.000
0.000
0.522
0.831
0.000
0.000
0.000
0.000
0.000
0.014
0.941
2.072
3.121
12.349
0.024
0.973
0.062
0.014
1.480
6.863
1.483
0.340
1.569
0.014
0.539
4.937
1.562
0.000
0.544
1.380
3.610
7.385
8.037
15.165
0.000
0.000
0.000
0.000
0.000
0.731
5.136
6.806
0.062
0.000
0.000
0.000
0.010
0.000
0.000
0.010
5.103
2.668
0.742
1.408
3.262
20.532
6.137
0.537
7.646
2.518
1.476
0.378
4.883
9.294
0.848
8.696
0.014
0.000
0.443
1.215
0.000
0.000
0.000
0.000
0.000
0.000
0.000
0.000
0.000
0.000
0.000
0.000
0.000
0.000
0.000
0.000
0.000
0.515
1.713
1.075
0.000
0.000
0.000
0.007
0.000
0.000
0.000
0.000
0.000
0.000
0.000
0.000
0.000
0.000
0.000
0.000
0.000
0.000
0.000
0.000
0.000
0.000
0.000
0.000
1.056
15.256
17.686
0.390
0.000
0.000
0.000
0.000
0.000
0.000
1.818
0.136
0.000
0.000
0.000
0.003
0.000
0.000
0.000
0.000
0.000
0.000
0.000
0.000
0.000
0.089
0.340
0.000
0.000
0.000
0.000
0.000
0.000
0.000
0.000
0.000
0.000
0.000
0.000
0.000
0.000
0.000
0.000
0.000
0.000
0.000
0.000
0.000
0.000
0.000
0.000
0.000
0.000
0.000
0.000
0.000
0.000
0.100
0.000
0.192
0.364
0.714
0.323
0.000
0.000
0.000
0.000
0.000
0.000
0.000
0.000
0.000
0.000
0.000
0.000
0.000
0.000
0.000
0.000
0.000
0.000
0.010
0.003
0.000
1.071
1.348
0.000
0.000
0.000
0.000
0.000
0.000
0.000
0.000
0.000
0.000
0.000
0.000
0.000
0.000
0.000
0.942
0.000
0.000
0.000
0.000
0.000
0.000
0.000
0.003
0.086
0.101
0.088
0.000
0.000
0.000
0.000
0.000
0.000
0.000
0.000
0.000
0.000
0.000
0.000
0.000
0.000
0.000
0.000
0.000
0.000
1.466
3.505
0.000
0.000
0.000
0.000
0.817
0.515
0.000
0.000
3.265
9.903
0.035
0.000
0.000
0.021
0.055
0.000
0.000
0.000
0.000
0.000
0.000
0.000
0.038
0.172
0.034
0.000
0.000
0.000
0.034
0.000
0.000
4.782
3.159
0.000
0.017
0.299
0.191
0.472
0.261
0.467
1.998
0.000
0.000
0.247
0.000
0.233
0.783
1.090
0.048
0.048
0.000
0.788
1.093
0.977
0.000
0.000
0.303
0.797
0.000
0.000
0.810
3.742
0.007
4.999
18.373
4.258
11.565
18.742
0.813
2.242
10.461
0.060
0.027
7.766
14.150
32.981
6.243
13.709
8.748
1.127
4.302
20.323
23.186
7.893
0.000
0.000
0.118
0.100
0.038
0.340
19.796
39.080
23.809
0.000
0.000
0.000
0.261
0.282
1.416
1.001
33.804
49.559
24.719
2.250
0.076
1.085
0.369
11.186
5.709
0.812
0.096
0.666
2.376
21.958
0.232
10.499
0.017
3.255
15.741
35.342
0.000
1.231
0.901
1.136
0.000
0.367
0.884
0.000
3.787
12.632
0.503
0.000
0.000
0.000
0.263
12.351
3.255
0.000
0.369
11.557
5.910
18.368
20.285
1.351
0.086
0.000
0.153
0.041
0.045
0.481
2.202
1.092
3.771
2.029
1.344
0.391
0.561
0.865
0.115
1.267
0.000
0.000
0.000
0.000
0.000
0.000
0.000
3.665
1.701
0.021
15.065
0.491
0.000
0.000
0.348
1.027
2.517
3.135
0.065
0.000
0.639
4.240
0.500
1.076
15.007
15.522
0.003
0.010
0.227
0.130
0.027
0.003
0.021
0.000
0.000
0.031
10.554
12.511
1.679
0.000
0.000
0.000
0.948
3.756
0.879
0.642
7.862
20.658
0.069
0.000
0.000
0.000
0.484
2.973
5.318
3.581
2.396
2.558
1.140
0.137
0.000
0.000
0.065
1.466
2.328
4.374
0.244
0.000
0.000
0.000
0.089
0.034
2.431
3.316
2.036
5.383
3.062
0.000
0.000
0.000
0.000
0.000
0.000
0.000
0.000
1.449
1.631
0.079
0.000
0.402
1.995
0.010
0.003
0.007
0.000
0.000
0.000
0.000
0.328
1.725
1.727
0.302
5.776
3.337
0.893
0.512
0.014
0.283
0.031
0.000
0.000
0.000
0.031
0.082
0.000
0.007
0.045
0.000
0.000
0.000
0.000
0.021
0.017
0.000
0.000
0.000
0.000
0.000
0.323
0.742
1.686
0.000
0.000
0.000
0.000
0.000
0.000
0.999
1.490
0.292
0.000
0.000
0.000
1.476
2.585
0.299
3.983
0.000
0.000
0.000
0.000
0.137
0.000
0.014
0.000
0.000
0.000
0.000
0.048
0.299
0.647
0.191
4.491
6.951
5.160
0.003
0.086
0.228
0.000
0.000
1.912
1.572
0.000
11.028
0.367
0.124
0.000
2.087
3.219
0.034
0.000
0.000
0.000
0.000
0.000
0.000
0.230
0.172
1.620
0.086
0.848
1.045
2.923
4.101
0.000
0.000
0.024
3.409
0.766
0.007
0.000
6.952
7.829
0.294
0.000
0.000
0.000
0.000
0.652
1.044
0.117
0.000
0.000
0.000
0.000
0.003
0.014
0.000
0.000
0.000
0.000
0.000
0.000
0.000
0.000
0.000
1.538
17.930
41.559
8.212
0.117
0.017
0.000
0.000
2.966
2.269
0.000
39.870
1.725
0.007
1.030
0.010
0.021
3.553
18.929
31.651
27.365
25.717
7.452
4.215
4.956
4.655
18.368
6.060
7.179
11.905
1.746
30.630
0.124
9.072
12.289
10.997
9.338
0.000
0.000
0.000
0.000
0.076
6.215
21.011
3.749
0.014
0.000
3.416
0.812
0.051
14.050
4.649
0.000
0.220
2.036
0.000
1.284
1.239
6.238
0.000
0.000
0.000
0.180
1.172
0.481
0.065
0.000
0.000
0.000
12.459
12.016
2.057
0.000
0.000
0.000
0.076
0.486
0.196
11.934
2.105
73.112
0.100
0.093
4.621
6.053
35.283
15.051
0.000
21.128
83.554
14.262
0.192
4.463
12.523
0.209
0.000
0.364
1.761
3.991
0.000
0.017
4.566
6.001
4.964
15.343
0.536
15.961
21.739
1.469
0.055
0.251
0.343
0.000
4.487
10.028
98.815
78.549
7.368
82.157
0.000
0.000
0.000
0.048
6.310
56.456
0.000
0.000
0.100
0.151
0.058
0.000
1.600
17.547
31.369
22.549
0.391
0.000
1.487
0.673
0.000
14.038
44.392
15.001
12.638
0.000
0.000
11.355
88.392
12.030
0.482
5.541
0.204
2.716
2.887
13.755
26.093
13.012
1.689
3.238
0.927
0.014
0.797
1.315
0.146
36.004
11.104
4.446
24.029
2.407
0.172
0.233
2.053
1.751
2.650
1.308
0.330
5.021
5.845
3.196
2.856
4.151
2.374
0.742
0.676
0.000
4.113
3.413
0.000
0.010
0.000
0.000
0.014
0.000
1.559
5.105
8.202
3.395
0.000
0.213
2.999
0.350
0.186
0.144
0.819
14.438
0.000
0.000
0.000
0.522
17.412
0.000
3.718
14.258
4.867
0.051
1.282
3.137
5.831
3.301
4.168
0.336
0.191
0.282
0.656
5.208
1.111
0.599
0.221
0.141
0.038
0.038
0.000
0.879
0.491
1.766
1.339
0.292
0.388
0.003
1.003
2.259
0.000
0.000
0.000
0.000
0.000
0.000
0.865
0.429
0.124
0.000
0.000
0.000
0.000
0.282
0.033
0.297
0.003
0.051
0.708
0.579
1.100
0.082
1.047
3.917
0.108
0.000
0.000
0.000
0.000
0.000
0.000
0.000
2.537
2.493
1.360
0.647
0.299
0.093
0.027
0.007
0.000
0.041
0.161
0.000
0.000
0.000
0.113
0.158
0.021
0.299
0.405
0.000
0.000
0.000
0.000
0.000
0.000
5.311
4.999
0.000
0.000
0.000
0.000
0.330
0.611
0.017
0.000
0.000
0.000
0.000
0.000
0.000
0.158
3.358
1.686
0.814
0.000
0.000
0.000
0.000
0.000
0.000
0.000
0.000
0.000
0.645
4.407
0.021
0.000
0.000
0.000
0.000
0.010
0.000
0.000
0.000
0.000
0.000
0.000
0.000
0.000
1.406
1.981
33.345
15.807
4.525
7.536
13.151
11.716
5.556
0.124
11.434
0.007
10.397
3.326
0.450
0.000
0.000
0.007
0.014
0.000
0.048
0.604
3.218
0.450
11.025
1.076
2.958
7.819
0.318
0.021
0.000
1.500
3.330
1.466
9.694
2.254
0.000
0.960
11.901
24.451
4.331
5.988
8.026
1.838
1.212
1.184
13.520
0.000
0.000
10.202
7.793
0.353
0.003
0.097
9.886
2.177
1.651
24.482
53.041
37.805
21.730
20.303
8.950
4.821
8.341
0.000
46.385
20.310
2.973
3.061
19.267
32.501
16.940
5.576
1.057
0.069
0.000
0.312
0.323
0.000
0.130
0.048
4.345
6.915
0.144
1.923
5.977
0.007
4.357
9.479
13.719
0.165
3.447
1.143
11.034
1.009
40.486
39.022
5.157
1.566
52.575
54.578
22.374
0.027
0.000
0.000
0.621
4.920
1.696
5.773
6.829
21.372
56.023
15.364
14.890
24.860
53.689
85.378
5.411
52.728
72.633
0.000
1.257
0.436
4.927
45.892
0.546
15.293
2.208
0.027
0.000
10.607
5.140
8.580
0.000
0.388
32.125
15.796
1.897
7.169
10.749
18.100
6.595
3.069
5.455
1.838
0.917
10.327
4.055
0.051
0.093
0.000
0.203
6.477
26.290
0.549
10.822
23.974
37.577
9.469
11.549
16.493
4.429
0.000
0.209
1.584
4.815
1.308
1.366
3.886
25.862
42.521
7.244
7.440
6.355
22.446
18.251
21.166
12.919
12.336
21.181
2.848
0.360
1.851
20.955
6.255
0.288
5.782
3.141
1.332
16.064
0.072
0.000
0.021
2.221
4.552
0.910
5.124
2.947
3.160
5.404
5.770
1.493
0.174
21.384
6.305
1.268
1.224
3.285
3.081
4.460
10.415
0.232
0.343
0.299
1.955
0.725
0.003
0.000
0.000
0.773
1.542
3.092
0.062
1.330
4.247
12.591
1.207
0.968
0.450
0.000
0.000
0.000
0.010
0.481
0.076
0.390
1.517
2.184
1.358
0.014
0.000
1.339
0.137
0.027
0.000
0.000
0.251
0.038
0.014
0.536
0.069
0.062
0.000
1.143
2.173
0.680
0.000
0.000
0.000
0.007
1.339
0.100
0.007
0.034
0.192
0.247
0.000
0.000
0.000
3.131
3.938
3.629
0.041
0.000
0.000
0.000
0.000
0.000
0.000
0.000
0.000
0.000
0.000
0.010
0.000
0.003
0.086
0.000
0.000
0.000
0.000
0.000
1.186
2.001
10.464
1.698
0.000
0.000
0.000
0.000
0.000
0.000
0.000
0.000
0.000
0.383
2.916
0.000
0.000
0.000
0.000
0.000
0.000
0.179
0.000
0.000
0.000
0.027
0.366
0.278
0.000
0.000
0.000
0.000
3.385
0.663
0.014
0.000
0.000
0.000
0.000
0.000
0.000
0.000
0.000
0.000
0.000
0.000
0.000
0.000
0.467
0.024
0.000
0.000
0.000
0.000
0.000
0.000
0.000
0.000
0.000
0.000
0.000
0.000
0.000
0.000
0.000
0.000
0.000
0.127
0.497
0.021
0.000
0.000
0.000
0.000
0.000
0.000
0.000
0.000
0.000
0.000
0.000
0.000
0.000
0.000
0.000
0.000
0.000
0.000
0.000
0.000
0.000
0.000
0.000
0.134
0.000
0.000
0.000
0.191
4.181
2.983
7.570
0.031
0.199
0.000
0.003
0.000
0.792
6.532
3.652
2.782
1.225
0.014
2.805
1.428
0.065
0.151
4.128
2.402
0.086
2.814
3.176
3.692
3.442
18.241
8.328
3.201
4.290
15.410
9.124
6.209
0.000
0.017
0.000
0.000
0.263
3.318
0.000
0.721
1.059
6.851
0.000
0.000
0.216
3.756
8.652
1.775
1.229
0.141
21.492
11.105
0.000
0.000
2.510
0.003
1.768
5.239
1.559
3.739
5.376
9.172
21.713
0.024
0.000
0.000
0.728
2.764
0.003
0.010
0.027
0.000
0.000
0.000
1.679
7.313
1.923
0.354
0.000
0.007
0.000
0.000
3.989
1.820
2.178
5.086
6.656
14.085
4.309
0.014
0.000
0.615
0.148
0.000
0.446
5.606
7.687
30.547
0.288
14.909
27.182
5.570
10.897
0.010
0.000
0.000
0.421
0.125
0.290
0.939
9.011
1.409
29.926
0.877
1.377
0.000
2.537
0.029
0.000
0.215
0.000
0.450
0.000
1.011
2.632
0.673
9.443
0.000
0.000
0.000
0.000
0.000
2.350
5.770
11.937
15.165
17.432
0.000
0.184
0.027
0.249
3.531
30.670
27.311
0.051
5.114
0.000
3.543
2.535
0.264
6.961
1.905
0.115
2.113
3.739
2.250
19.058
3.988
17.623
21.847
2.621
0.089
0.069
0.000
1.667
0.094
0.167
0.197
0.000
0.000
0.031
9.433
19.640
6.562
1.789
1.579
0.262
0.062
0.058
1.806
11.899
0.003
7.282
3.291
0.350
0.000
0.000
0.000
0.000
0.436
0.000
8.597
2.506
0.000
0.000
0.000
2.908
0.996
0.154
0.000
0.000
1.171
2.194
0.000
0.000
0.000
0.000
0.031
5.790
14.643
5.572
1.749
1.416
0.294
0.014
0.000
0.000
0.000
0.000
0.000
0.000
0.000
0.000
0.000
0.000
0.000
0.000
0.000
0.000
1.174
1.243
0.041
1.246
1.732
1.154
0.300
0.000
0.000
0.158
0.283
0.000
0.000
0.000
0.000
4.307
2.596
0.942
2.043
0.007
0.000
0.010
0.000
0.000
1.806
1.420
0.000
0.000
0.000
0.000
0.000
0.000
0.000
0.000
0.000
0.000
0.000
0.000
0.000
0.000
0.000
0.000
0.000
0.000
0.000
0.000
0.000
0.000
0.000
0.000
0.000
0.000
0.597
0.041
0.010
0.000
0.292
0.014
0.000
0.000
0.000
0.000
0.000
0.000
0.000
0.000
0.000
0.000
0.000
0.000
0.000
0.000
0.000
0.227
0.354
0.000
0.000
0.168
0.498
0.014
0.000
0.000
0.000
0.000
0.000
0.000
0.000
0.000
0.000
0.000
0.000
0.000
1.148
2.474
1.234
0.398
1.114
0.251
0.227
0.000
0.102
0.117
0.000
0.003
0.000
0.000
0.000
0.000
0.000
0.000
0.000
0.000
1.394
0.647
0.038
0.014
2.244
8.476
3.298
0.479
2.863
0.803
0.192
0.000
0.000
0.014
0.168
0.874
1.461
8.937
0.122
0.000
0.000
0.000
0.034
0.453
3.378
39.394
1.875
0.355
4.601
0.014
7.431
7.009
0.000
0.218
0.027
0.000
1.948
3.938
2.273
0.103
0.000
0.027
0.347
1.164
1.270
0.000
0.000
1.607
2.448
1.088
0.048
1.305
0.007
0.000
18.251
18.287
8.398
8.710
0.000
11.185
3.033
0.000
8.114
3.897
0.336
4.892
0.000
0.000
0.000
0.573
15.425
0.227
0.000
0.479
1.664
0.007
0.000
0.352
3.358
11.093
0.024
0.000
4.942
38.603
27.801
25.675
0.196
0.000
0.000
0.263
10.521
4.743
5.698
0.060
0.000
0.000
0.000
2.058
0.582
0.184
3.371
20.509
5.927
0.000
0.000
0.000
1.768
0.697
0.918
0.000
0.316
4.189
0.000
0.000
0.000
0.151
22.664
0.000
0.000
0.000
0.000
0.000
0.003
0.000
0.000
1.301
3.726
14.341
8.327
1.157
0.093
13.189
6.825
6.757
10.169
0.841
0.000
8.132
26.175
0.278
1.655
11.065
0.822
1.069
0.189
0.172
2.877
17.285
28.994
0.306
0.151
0.752
3.116
1.686
6.954
0.000
0.010
1.124
0.192
0.000
0.000
4.990
2.836
0.151
0.038
17.879
60.928
6.606
0.697
0.000
2.846
16.802
39.384
26.487
0.103
0.000
0.000
0.410
12.391
5.981
10.978
0.179
0.014
0.000
0.000
0.000
0.148
12.197
5.665
1.613
1.615
7.107
0.048
0.014
0.000
0.000
0.875
3.445
0.041
0.000
0.663
6.245
5.315
1.442
3.945
4.525
1.823
1.332
0.021
0.000
0.000
0.000
3.972
0.062
0.003
0.000
0.000
0.024
0.072
0.000
0.055
0.000
0.484
0.127
0.000
0.000
0.728
8.353
0.635
0.000
0.000
0.000
0.000
0.000
0.000
0.000
0.000
0.422
0.082
0.690
0.656
1.133
0.879
0.000
0.000
0.000
0.000
0.000
0.000
0.000
0.924
1.414
0.000
0.000
0.000
0.000
0.000
0.000
0.000
0.000
0.000
0.000
0.041
0.601
0.000
0.000
0.000
0.000
0.000
0.000
0.000
0.000
0.000
0.000
0.120
0.882
0.000
0.000
0.000
0.000
0.000
0.000
0.591
0.831
0.376
0.196
0.096
2.343
0.000
0.048
0.000
0.000
0.244
0.088
0.000
0.000
0.000
0.000
0.000
0.000
0.024
0.089
0.000
0.000
0.000
0.000
0.000
0.244
1.040
0.000
0.000
0.000
0.000
0.000
0.000
0.010
0.000
0.000
0.000
0.000
0.000
0.000
0.027
0.021
0.000
0.000
0.000
0.000
0.000
0.000
0.000
0.000
0.000
0.000
0.000
0.000
0.000
0.000
0.000
0.000
0.000
0.000
0.000
0.000
0.000
0.000
0.000
0.000
0.000
0.000
0.000
0.000
0.000
0.000
0.000
0.000
0.000
0.024
0.000
0.017
0.182
0.010
0.000
0.024
0.063
0.000
0.000
0.000
0.000
0.000
0.000
0.000
0.000
0.000
0.000
0.000
0.000
0.086
0.079
0.000
0.091
0.007
0.893
0.400
7.004
2.606
0.352
0.014
0.000
3.109
19.547
81.637
0.000
0.000
0.000
0.482
0.496
0.000
0.000
0.000
0.000
1.595
10.458
12.712
7.351
0.124
0.000
0.000
2.946
21.138
0.017
0.000
0.000
0.000
0.264
0.450
0.000
0.000
0.000
0.000
1.909
13.525
2.812
7.745
0.000
1.624
8.195
4.199
0.031
3.435
7.479
13.252
0.079
4.451
0.045
0.000
0.742
4.036
8.204
4.540
0.865
0.532
15.240
8.370
5.449
3.622
0.766
2.393
7.934
18.478
15.630
0.014
0.642
16.273
2.400
11.165
2.324
0.254
4.271
19.411
0.000
0.000
0.000
3.399
4.937
22.289
42.440
1.799
4.999
0.508
1.250
15.724
19.181
6.286
0.000
0.000
0.000
3.334
11.529
13.628
4.034
23.998
14.275
9.115
8.549
39.746
0.051
0.443
13.263
8.439
9.167
0.000
0.268
0.000
0.000
0.738
1.003
0.000
0.000
0.000
0.000
0.000
2.262
18.296
3.402
11.870
3.849
14.378
33.021
21.959
12.658
2.369
0.000
0.021
0.027
0.000
0.000
0.776
0.391
0.000
0.000
0.000
0.000
0.000
0.415
2.680
11.635
21.959
6.877
2.214
0.573
17.063
7.162
1.620
15.644
9.503
1.466
1.804
1.233
0.814
0.027
3.354
1.287
0.000
4.594
10.866
11.776
0.525
0.000
0.000
0.357
0.460
0.038
7.405
10.428
30.975
21.305
1.459
1.384
2.050
1.224
1.596
2.592
0.261
0.501
0.027
14.892
4.604
1.552
2.626
0.021
0.000
0.000
0.000
4.189
1.631
0.137
0.000
0.000
0.000
0.000
2.352
4.614
1.562
0.930
0.783
0.203
0.886
1.018
1.215
0.042
0.111
0.051
0.003
0.000
0.000
0.000
0.000
0.000
0.000
0.398
0.000
2.111
0.744
0.742
1.290
0.376
0.000
0.000
0.249
0.113
0.000
0.000
0.000
0.000
0.000
0.000
0.000
0.007
0.021
7.057
3.062
0.144
0.000
0.000
0.000
0.000
0.000
0.000
0.000
0.000
0.000
0.000
0.000
0.017
0.110
0.041
0.000
0.000
0.000
0.000
0.000
0.014
0.463
1.061
0.525
2.702
0.625
0.065
0.354
1.132
0.000
0.118
1.530
0.134
0.000
0.055
1.360
0.000
0.000
0.000
0.000
0.000
0.000
0.000
0.000
0.000
0.000
0.000
0.000
0.000
0.000
0.000
0.000
0.000
0.000
0.000
0.000
0.000
0.000
0.000
5.285
0.007
0.000
0.000
0.000
0.000
0.000
0.000
0.000
0.000
0.000
0.000
0.000
0.000
0.000
0.000
0.000
0.000
0.000
0.000
0.000
0.000
0.000
0.000
0.000
0.024
0.034
0.000
0.000
0.000
0.000
0.000
0.000
0.000
0.000
0.000
0.021
0.083
0.645
0.000
0.000
0.000
0.000
0.000
0.000
0.000
0.000
0.000
0.000
0.000
0.000
0.000
0.000
0.000
0.821
0.630
2.855
10.219
0.000
0.000
0.000
3.032
2.826
2.568
1.351
0.889
0.014
0.000
0.038
0.000
0.000
0.000
0.000
0.000
0.000
0.000
0.000
0.000
0.110
0.220
5.704
1.909
0.000
0.045
0.161
5.600
0.742
0.065
0.000
24.091
53.770
0.000
0.000
0.021
0.000
0.000
0.275
0.000
1.087
2.997
0.100
0.033
0.021
0.000
0.000
0.000
0.000
0.000
0.000
0.000
0.000
0.091
0.566
2.503
4.615
18.931
17.933
1.871
2.532
13.820
1.459
0.055
16.390
12.322
5.440
25.766
8.463
8.204
2.158
0.000
0.000
3.934
5.270
5.025
17.983
35.115
12.723
0.000
0.000
4.985
19.573
6.297
28.485
0.000
0.218
6.109
3.501
4.019
15.733
0.000
0.000
5.019
0.000
0.000
0.000
7.038
11.546
7.019
18.642
5.066
0.000
3.562
4.755
1.653
2.481
0.518
0.000
0.256
9.853
6.530
10.377
3.664
3.642
12.918
2.951
0.017
0.000
0.000
0.000
0.038
0.230
1.155
1.049
3.104
3.759
8.782
1.905
1.651
0.192
0.172
0.003
0.173
2.051
4.000
9.888
0.251
0.031
0.000
0.421
13.448
1.231
0.000
0.003
0.000
0.000
0.000
0.000
0.000
0.000
0.000
1.044
11.941
0.431
0.000
0.000
0.000
0.000
4.316
13.613
0.000
0.045
3.386
2.614
2.321
0.744
0.038
1.614
2.707
22.568
1.317
2.374
1.481
3.059
0.142
1.188
0.846
1.832
1.923
16.349
2.376
5.181
24.929
4.043
1.947
3.501
5.464
10.351
1.262
0.354
8.399
20.572
33.181
2.516
1.341
0.000
0.000
6.532
4.314
0.772
0.910
0.003
4.946
0.000
0.010
1.349
1.669
0.185
0.973
0.010
0.000
0.000
0.000
0.306
0.021
0.000
8.312
4.726
0.062
0.003
0.000
0.000
0.000
0.014
0.323
7.907
8.789
1.198
0.000
0.000
0.388
2.221
0.697
1.468
1.377
2.898
0.563
0.505
0.017
0.000
0.000
0.000
0.000
0.007
0.045
0.264
0.000
0.000
0.000
0.000
3.354
0.055
0.000
0.000
0.031
0.812
0.000
0.000
0.000
0.000
0.000
0.000
0.000
0.000
0.010
0.000
0.000
0.000
0.000
0.000
0.000
0.000
0.000
0.000
0.776
0.000
0.000
0.021
0.000
0.000
0.000
0.000
0.000
0.000
0.000
0.000
0.000
0.000
0.000
0.000
0.000
0.000
0.000
0.000
0.000
0.000
0.000
0.000
0.506
0.000
0.000
0.007
0.608
0.000
0.000
0.000
0.000
0.000
0.000
0.000
0.000
0.572
0.000
0.000
0.000
0.000
0.000
0.000
0.000
0.000
0.000
0.000
0.000
0.000
0.000
0.000
0.000
0.000
0.000
0.014
0.045
0.000
0.000
0.000
0.000
0.000
0.000
0.000
0.000
0.000
0.000
0.000
0.000
0.007
0.003
0.000
0.316
10.925
0.000
0.000
0.000
0.000
0.000
0.000
0.000
0.000
0.000
0.000
0.000
0.000
0.000
0.000
0.033
7.353
22.857
6.363
0.021
0.000
0.833
3.391
2.527
2.917
2.240
0.000
0.000
0.000
0.000
0.000
0.000
0.000
0.000
0.000
0.000
0.000
0.000
0.000
0.000
0.000
0.033
2.086
6.813
0.000
0.000
0.000
0.000
1.299
3.105
0.003
0.000
0.000
0.000
6.363
12.207
0.000
0.000
0.000
1.569
42.254
0.125
0.072
0.021
1.984
15.279
20.318
0.771
4.642
1.651
4.690
1.603
0.319
3.395
4.516
0.604
12.923
14.907
0.000
1.392
7.808
0.525
0.918
1.006
2.848
0.728
29.210
28.362
16.462
21.985
0.164
0.549
3.301
7.006
6.640
4.578
20.838
0.000
0.000
9.026
12.081
15.689
2.652
1.184
9.328
1.245
0.000
2.276
1.670
1.598
0.096
15.021
35.076
8.192
0.000
0.000
0.000
0.546
3.708
7.601
2.681
7.714
0.810
1.828
0.604
14.962
18.145
0.000
0.000
0.000
0.141
0.563
0.000
12.288
20.191
0.968
2.252
0.000
0.000
0.000
0.000
1.116
0.944
1.150
0.000
0.000
0.000
6.770
9.527
12.899
14.052
9.012
8.686
0.014
0.051
3.203
4.762
8.652
15.273
15.577
2.623
0.000
5.527
18.673
45.526
25.996
27.679
3.210
0.910
2.002
31.098
6.245
1.696
0.014
0.000
1.703
0.000
0.261
3.450
0.082
0.076
18.999
17.987
1.943
0.000
0.000
0.000
0.000
18.158
0.021
0.000
4.044
1.559
0.000
0.000
0.106
0.055
9.898
9.707
8.480
11.530
2.580
9.258
16.917
0.676
0.024
0.000
0.000
0.000
1.782
0.000
0.007
0.824
13.417
0.613
0.151
0.007
0.000
0.000
0.635
16.902
32.216
1.770
0.360
8.815
7.373
5.191
0.000
0.000
0.312
0.920
0.000
0.000
0.000
0.000
0.000
5.052
0.467
0.000
0.000
0.000
0.000
0.145
0.027
0.058
4.036
0.618
0.000
0.000
0.000
0.000
0.048
0.017
0.000
0.000
0.000
0.000
0.000
0.000
0.000
0.000
0.740
0.000
0.000
0.000
0.733
2.007
1.001
0.062
0.000
1.130
0.134
0.000
0.397
0.148
0.017
0.007
0.000
0.017
0.014
0.000
1.367
0.941
0.106
0.000
0.000
0.000
0.017
0.000
0.000
0.189
0.014
0.000
0.000
0.000
0.094
0.258
0.673
1.431
0.000
0.000
0.000
0.000
0.000
0.000
0.000
1.413
2.008
2.910
0.000
0.000
0.000
0.000
0.021
0.048
0.000
0.000
0.000
0.000
0.000
0.000
0.000
0.000
0.000
0.000
0.000
0.000
0.000
0.000
0.000
0.000
0.000
0.000
0.000
0.000
0.000
0.000
0.000
0.000
0.000
0.000
0.000
0.000
0.000
0.000
0.000
0.072
0.000
0.000
0.000
0.000
0.000
0.000
4.417
17.999
0.189
0.000
0.000
0.000
0.000
0.000
0.000
0.000
0.000
4.721
0.999
0.017
0.148
0.021
0.017
0.027
0.048
0.000
0.000
0.000
0.000
0.000
0.000
17.686
17.487
0.000
0.000
0.000
0.000
0.000
0.000
0.000
0.000
3.577
0.666
0.000
0.000
0.000
0.000
0.000
0.000
0.000
0.000
0.463
1.164
0.237
0.000
0.755
0.000
0.000
0.000
2.458
11.675
0.965
0.182
0.072
1.397
10.770
6.829
4.041
0.010
0.191
0.000
0.007
0.633
0.658
0.024
0.505
0.304
1.665
19.423
3.624
7.617
19.962
39.579
16.183
18.521
22.064
16.662
0.000
1.320
0.137
2.915
0.120
0.191
0.000
0.000
0.223
0.000
2.044
7.280
4.508
2.946
2.032
10.222
15.872
0.615
0.103
0.000
3.172
0.573
0.072
0.082
5.411
9.184
11.930
5.373
4.062
6.897
17.073
7.347
0.172
2.709
18.921
23.367
6.684
3.282
2.431
4.932
19.017
24.282
2.592
22.016
27.081
15.359
0.000
0.000
0.000
0.000
0.000
0.000
4.055
26.364
19.226
41.727
5.194
14.021
81.838
18.739
0.367
5.037
24.273
15.477
15.822
24.166
2.510
7.665
13.074
2.187
5.692
2.585
7.371
7.402
3.723
2.226
3.361
5.907
5.790
5.931
36.760
44.359
0.050
0.010
0.469
4.104
2.020
0.905
2.071
3.020
2.904
0.000
0.015
2.697
17.313
5.559
3.749
0.028
0.000
0.000
1.030
4.004
4.432
6.829
1.167
0.227
0.048
0.000
0.000
5.612
17.176
1.651
29.107
61.159
0.014
10.681
6.425
0.982
1.943
1.576
0.000
7.495
11.539
21.842
0.165
6.928
9.407
0.264
1.033
2.493
0.165
0.209
1.461
4.554
14.448
11.355
3.931
0.611
14.627
6.757
6.918
0.000
0.187
0.285
0.048
0.699
8.435
0.017
0.000
0.000
0.000
0.000
0.000
0.065
0.000
0.043
0.079
0.331
0.470
0.920
0.463
19.743
7.466
0.457
0.103
0.096
0.065
0.280
0.754
0.807
0.680
0.031
0.000
0.000
0.000
0.000
0.000
0.000
0.000
0.000
1.429
1.730
0.000
0.014
0.010
0.000
0.000
0.000
0.000
0.000
0.031
0.010
0.146
0.045
0.000
0.134
0.130
0.000
0.000
0.000
0.000
0.000
0.364
0.158
0.000
0.000
0.000
0.000
0.474
1.710
0.027
0.000
0.000
0.000
0.062
0.000
0.000
0.000
0.000
0.000
0.021
0.014
0.000
0.000
0.000
0.000
0.000
0.000
0.000
0.000
0.000
0.000
0.000
0.000
0.000
0.000
0.000
0.000
0.000
0.000
0.000
0.000
0.000
0.000
0.000
0.000
0.000
0.000
0.000
0.000
0.000
0.000
0.000
0.000
0.000
0.000
0.000
0.000
0.000
0.000
0.000
0.000
0.000
0.000
0.000
0.000
0.000
0.000
0.000
0.024
0.000
0.000
0.000
0.000
0.000
0.000
0.000
0.000
0.000
0.000
0.000
0.000
0.000
0.000
0.000
0.000
0.000
0.000
0.000
0.000
0.000
0.000
0.000
0.000
0.000
0.000
0.000
0.000
0.000
0.000
0.014
0.000
0.000
0.000
0.000
0.000
0.000
0.000
0.000
0.000
0.000
0.000
0.000
0.000
0.000
0.517
0.101
12.531
18.098
0.982
3.629
0.000
0.000
0.000
0.000
2.129
14.844
0.000
0.000
1.078
0.065
0.000
0.007
0.179
0.520
0.568
0.079
1.811
2.029
0.027
12.078
27.395
0.180
0.321
14.730
0.031
3.440
0.263
1.068
16.155
3.759
1.114
0.038
0.103
0.045
0.000
0.000
0.000
0.000
0.000
0.000
0.000
0.000
1.828
7.423
0.664
0.000
0.000
0.014
23.990
1.682
0.620
26.746
25.035
7.328
0.273
0.010
1.387
4.916
40.375
0.378
2.602
8.568
21.911
10.595
5.981
11.803
11.016
27.665
0.144
0.165
0.288
0.007
22.934
16.043
10.145
29.649
0.148
1.669
1.899
19.913
15.683
0.062
9.077
15.965
5.594
7.302
0.330
0.000
12.676
9.747
0.893
3.358
0.522
1.665
1.015
3.894
37.610
68.640
0.843
0.484
0.177
16.445
18.369
1.378
0.000
0.532
2.681
0.000
0.000
12.981
22.452
4.997
7.043
20.155
0.714
13.029
7.950
4.386
20.871
1.732
7.969
2.880
0.026
1.428
2.757
0.631
3.531
27.722
0.776
0.342
6.671
4.388
17.508
16.766
76.865
0.024
0.010
1.766
0.113
0.704
2.518
2.896
1.148
0.953
16.562
7.769
20.404
15.182
0.243
0.575
0.215
14.911
57.043
19.671
31.991
3.773
0.017
7.551
23.080
26.698
0.635
5.217
0.508
0.000
0.000
0.010
0.000
3.781
14.176
11.515
0.929
0.759
7.491
17.621
2.317
0.999
0.172
0.179
0.175
0.695
1.069
0.182
7.296
0.000
0.024
0.254
0.881
4.669
6.421
0.406
0.000
0.003
0.000
0.000
0.000
0.000
3.167
7.182
1.161
1.606
4.688
2.382
0.065
0.000
0.000
0.000
0.000
0.000
0.443
0.762
0.017
5.225
11.247
7.399
0.027
0.048
0.000
0.000
0.120
0.003
0.000
0.903
3.097
0.175
0.192
0.051
0.000
0.000
0.978
0.027
0.000
0.000
0.000
0.254
4.034
0.410
0.024
0.000
0.000
0.000
0.000
0.000
0.000
0.000
0.000
0.000
0.000
0.264
0.158
0.000
0.000
0.045
0.027
0.000
0.000
0.000
0.000
0.000
0.000
0.000
0.000
0.072
0.793
0.000
0.000
0.000
0.000
0.000
0.000
0.000
0.000
0.000
0.000
0.000
0.000
0.105
1.025
0.014
0.000
0.000
0.000
0.000
0.000
0.000
0.000
0.000
0.000
0.000
0.000
0.000
0.000
0.000
0.000
0.000
0.000
0.000
0.000
0.000
0.000
0.007
0.846
0.124
0.000
0.000
0.000
0.000
0.000
0.000
0.000
0.000
0.000
0.000
0.000
0.000
0.000
0.000
0.415
0.391
0.000
0.000
0.000
0.000
0.070
0.625
0.079
0.000
0.000
0.000
0.000
0.000
0.000
0.000
0.000
0.000
0.000
0.000
0.079
0.000
0.000
0.000
0.000
0.783
0.187
0.031
0.034
0.000
0.024
0.000
0.000
0.000
0.000
0.000
2.785
0.000
0.000
0.000
0.000
0.000
0.000
0.000
0.419
0.608
0.000
0.000
1.806
7.948
0.494
0.007
0.000
0.886
2.729
0.350
0.179
2.135
7.718
1.167
0.000
0.096
0.000
3.598
10.224
1.315
2.390
0.027
0.000
0.151
2.281
0.000
38.088
19.435
4.031
4.410
1.535
0.000
0.000
5.885
10.698
0.283
4.837
0.148
2.463
0.237
0.000
0.089
3.334
0.000
0.000
0.000
0.735
7.892
20.539
9.785
0.874
16.988
0.010
0.000
0.000
2.635
2.582
0.297
0.233
37.798
34.682
0.000
6.790
13.275
0.000
0.153
11.949
4.769
0.209
0.088
0.000
0.000
9.467
1.310
0.412
1.696
0.288
0.000
0.000
0.000
0.000
0.615
23.265
0.091
1.772
1.059
2.848
6.133
1.875
9.931
0.000
16.704
54.091
57.500
1.730
0.000
16.648
4.257
0.319
4.882
6.266
0.000
0.093
0.800
2.475
40.402
7.121
12.833
4.679
3.375
0.185
2.796
8.817
14.296
9.055
5.509
7.066
19.121
6.157
3.176
3.272
2.053
1.490
0.000
0.000
0.000
0.000
7.884
14.383
0.116
11.754
0.000
0.000
0.003
4.151
9.592
25.379
17.785
57.216
64.388
23.349
15.482
25.412
1.644
1.591
7.084
1.215
2.908
0.123
0.000
0.072
2.376
5.979
5.129
3.389
16.620
0.987
1.610
7.763
4.426
3.143
1.924
0.034
0.000
0.000
0.031
0.496
0.410
0.017
0.000
0.000
24.606
7.072
0.376
0.148
9.102
28.166
7.390
1.279
1.432
0.621
3.458
0.500
0.184
0.021
0.000
0.000
3.641
28.956
0.000
0.000
0.000
1.037
3.579
3.979
0.017
0.000
0.000
0.000
0.000
0.000
0.000
0.053
1.023
0.615
0.027
0.000
0.000
3.248
4.745
0.000
0.000
0.000
0.000
0.000
0.000
0.000
2.216
8.513
1.986
1.657
0.615
0.000
0.000
0.000
0.000
0.000
0.000
0.000
0.000
0.000
0.000
0.000
0.003
0.103
0.000
0.000
0.007
7.697
1.310
0.000
0.000
0.000
0.000
0.000
0.000
0.000
0.024
0.014
0.776
0.340
0.000
0.000
0.000
0.000
0.000
0.000
0.000
0.000
0.000
0.000
0.000
0.000
0.000
0.000
0.000
0.000
0.041
0.000
0.000
0.000
0.000
0.000
0.014
0.010
0.000
0.000
0.003
0.000
0.000
0.014
0.374
0.094
0.000
0.000
0.000
0.000
0.000
0.000
0.000
0.000
0.000
0.000
0.000
0.000
0.000
0.000
0.000
0.000
0.000
0.000
0.000
0.000
0.000
0.925
0.141
0.000
0.000
0.000
0.000
0.189
0.000
0.000
0.000
0.000
0.000
0.000
0.000
0.000
0.000
0.000
0.000
0.000
0.000
0.055
0.000
0.000
0.000
0.000
0.000
0.000
0.000
0.000
0.000
0.000
0.000
0.000
0.000
0.086
0.000
0.000
0.000
0.000
0.000
0.000
0.838
0.000
0.000
0.000
0.000
0.000
0.000
0.182
0.000
0.000
0.000
0.000
0.182
0.209
0.000
0.000
0.268
0.793
0.027
0.000
0.541
0.324
2.050
0.000
0.000
0.000
0.000
0.000
0.000
0.000
3.560
6.197
2.764
3.965
4.532
4.844
0.000
0.000
0.000
1.802
13.043
0.000
0.076
4.669
1.375
0.010
0.000
13.827
1.492
0.187
2.058
1.651
12.665
14.839
10.475
1.051
0.017
0.800
17.190
4.300
1.862
0.480
0.038
0.180
5.095
0.000
0.000
0.034
0.100
0.000
0.000
0.000
0.003
1.948
0.014
0.203
0.100
6.921
3.976
0.027
2.853
0.901
0.027
0.034
0.254
0.189
0.000
0.000
1.054
4.951
0.000
4.395
14.502
0.000
0.000
0.027
0.800
0.199
0.000
0.872
24.669
29.169
2.376
0.027
0.000
0.240
1.969
3.176
3.196
0.203
13.517
38.318
4.889
0.103
0.000
0.000
0.027
1.439
4.381
0.000
0.000
0.000
1.806
0.010
10.452
19.183
0.014
0.000
23.583
0.000
0.000
0.000
0.000
9.131
2.374
0.017
0.405
0.048
0.700
0.093
0.000
3.027
2.177
7.979
1.720
16.612
3.004
9.637
1.571
0.100
0.360
0.113
0.038
0.120
12.921
3.049
0.000
0.065
2.959
0.000
2.396
9.144
65.695
6.197
0.055
0.000
0.000
0.000
0.003
0.055
8.312
26.103
13.911
19.508
0.051
0.000
0.779
31.229
8.573
0.302
0.000
0.000
1.143
0.000
0.000
0.000
2.882
7.625
0.148
4.769
0.000
13.795
20.507
12.272
8.746
0.172
0.000
0.000
0.076
1.967
4.851
0.491
0.975
0.000
0.086
0.000
0.312
9.332
0.000
0.216
0.000
0.014
2.980
0.257
0.000
0.000
0.000
0.000
0.000
1.689
2.029
0.062
0.000
3.952
11.106
5.586
0.776
0.134
7.220
5.157
0.089
0.697
0.024
0.000
0.201
0.652
0.000
7.484
0.000
0.000
0.000
0.000
0.117
0.172
2.386
0.000
0.000
0.000
0.000
0.031
0.000
0.000
0.000
0.000
0.000
0.213
6.597
3.921
3.176
1.418
0.024
0.000
0.000
0.000
0.000
0.000
0.000
0.000
0.000
0.000
0.000
0.000
0.014
0.000
0.000
0.000
0.000
0.000
0.000
0.000
0.000
0.239
0.195
0.003
0.000
0.000
0.000
0.000
0.000
0.000
0.000
0.000
0.000
0.000
0.000
0.000
0.000
0.000
0.000
0.017
0.000
0.000
0.000
0.000
0.000
0.105
0.021
0.000
0.000
0.000
0.000
0.295
0.076
3.629
1.193
0.000
0.000
0.000
0.000
0.000
0.000
0.000
0.000
0.000
0.000
0.000
0.000
0.000
0.000
0.000
0.000
0.000
0.000
0.000
0.000
0.000
0.000
0.000
0.000
0.000
0.000
0.000
0.000
0.000
0.000
0.000
0.000
0.000
0.000
0.000
0.000
0.000
0.000
0.000
0.000
0.000
0.597
0.237
0.000
0.000
0.096
1.377
0.204
0.000
0.000
0.000
0.000
0.000
0.000
0.172
1.219
0.000
0.000
0.000
0.000
0.000
0.000
0.000
0.000
0.000
0.014
0.007
0.000
0.000
0.000
0.000
0.000
0.000
0.000
0.079
0.000
0.000
0.000
0.000
0.007
0.000
0.000
0.000
0.747
0.017
0.000
0.000
0.000
0.017
0.000
0.000
0.000
0.793
0.000
0.000
0.000
0.000
0.000
0.014
0.010
0.151
0.161
0.000
0.000
0.309
2.290
8.288
0.000
0.051
1.748
0.232
0.623
0.130
6.995
9.853
2.819
2.772
0.973
1.172
0.179
0.052
0.170
8.157
6.355
13.051
25.654
3.730
17.310
8.023
32.432
0.000
16.641
53.627
0.941
0.000
0.017
0.041
0.179
0.740
3.605
0.975
0.154
0.000
0.209
1.514
6.915
12.363
15.697
9.026
15.113
0.000
4.329
20.905
25.420
2.444
5.404
6.297
10.063
39.077
4.357
1.327
11.134
37.244
2.929
15.796
5.637
19.700
4.297
0.747
1.758
4.628
0.115
7.402
0.017
0.000
0.000
0.000
2.724
10.485
11.752
0.000
0.000
0.000
0.000
0.055
0.117
2.304
1.936
0.000
0.385
6.772
12.851
28.307
10.792
2.228
14.084
0.499
5.412
0.792
0.093
0.055
21.556
6.842
0.208
0.043
16.795
35.216
1.456
0.017
0.156
7.987
37.650
16.359
4.249
18.344
12.145
5.558
3.244
0.082
0.010
0.120
2.764
17.328
0.652
0.628
0.144
0.000
0.017
0.182
2.856
2.032
12.854
7.428
2.214
0.257
8.137
0.302
15.511
23.020
4.985
0.371
19.545
0.604
0.000
0.082
0.093
0.124
3.289
13.494
2.486
0.000
0.029
10.427
19.113
1.720
1.844
0.000
0.187
0.402
0.120
0.065
0.158
0.100
12.981
8.460
0.014
0.000
0.000
0.000
0.276
2.604
5.327
10.444
2.532
0.117
0.388
0.000
0.000
0.939
0.431
0.000
0.048
8.229
0.000
0.000
0.000
3.110
0.721
0.041
0.093
0.000
0.000
0.000
0.000
0.000
1.559
4.420
1.502
0.000
0.000
0.000
0.247
0.000
1.699
0.268
0.000
1.658
3.090
0.889
0.175
0.014
0.285
0.024
0.000
0.000
0.000
0.000
0.000
0.000
0.288
2.230
0.958
0.062
0.000
0.000
0.000
0.000
0.024
0.530
0.000
0.148
0.386
0.000
0.000
0.000
0.014
0.000
0.000
0.000
0.000
0.000
0.000
0.000
0.000
0.017
0.003
0.041
0.017
0.141
0.098
0.000
0.000
0.000
0.079
0.000
0.000
0.754
6.054
0.127
0.000
0.000
0.000
0.000
0.000
0.000
0.000
0.000
0.000
0.000
0.000
0.000
0.000
0.000
0.000
0.000
0.137
0.154
0.000
0.000
0.000
0.000
0.072
0.000
0.000
0.031
0.000
0.000
0.000
0.000
0.000
0.000
0.000
0.000
0.000
0.000
0.000
0.697
0.000
0.000
0.000
0.000
0.024
0.024
0.048
0.948
0.034
0.000
0.000
0.000
0.000
0.000
0.000
0.000
0.000
0.024
0.316
0.024
0.000
0.000
0.000
0.439
0.014
0.000
0.000
0.000
16.124
11.934
2.170
2.489
13.307
4.889
9.290
0.134
0.282
2.680
0.084
0.000
0.000
0.000
0.000
4.257
0.034
0.127
0.249
2.693
0.218
0.000
0.165
2.029
4.498
0.798
0.000
0.000
0.149
18.804
27.770
0.937
5.146
2.450
0.000
0.000
0.010
0.000
0.000
0.000
0.000
0.000
0.007
8.001
1.253
0.000
0.000
0.079
0.000
0.000
0.000
0.000
0.000
0.659
2.929
0.539
0.220
4.836
5.878
4.127
5.950
10.773
18.806
0.000
0.000
0.007
5.782
14.093
2.032
1.524
3.062
0.752
2.390
0.972
7.522
0.086
0.172
25.564
0.000
11.337
22.622
9.077
0.000
0.000
0.000
0.000
0.000
0.000
0.062
9.035
0.086
0.172
3.159
134.586
1.150
2.163
13.053
27.792
0.130
0.051
0.347
6.166
5.091
3.296
1.176
10.337
1.409
1.469
2.534
5.102
4.752
2.481
0.053
0.628
1.658
1.428
0.062
0.817
0.405
0.481
13.099
4.825
5.958
12.459
25.219
9.376
18.730
10.966
18.656
4.197
2.937
4.183
28.451
1.320
6.894
37.733
4.384
13.194
6.760
15.063
6.417
4.346
3.804
0.271
0.652
1.260
2.204
2.750
6.152
5.675
6.568
8.525
5.878
3.540
2.644
7.234
4.601
3.845
2.942
4.415
0.338
0.185
1.435
2.261
11.357
17.240
7.606
7.067
1.636
0.980
1.159
1.854
4.910
0.003
0.573
5.016
0.884
6.437
1.902
0.659
0.072
0.694
3.581
5.442
0.235
0.937
1.217
1.902
0.855
0.179
1.492
3.809
2.678
0.419
0.597
0.427
1.428
1.123
2.954
1.229
4.894
1.121
0.000
0.002
0.237
0.376
0.185
0.941
1.078
0.079
0.000
0.000
0.000
0.136
0.043
0.232
0.632
0.549
0.100
0.421
0.299
0.460
0.257
0.024
0.000
0.000
0.000
0.000
0.076
0.062
0.000
0.017
0.045
0.069
0.220
0.271
0.072
0.112
0.000
0.000
0.000
0.000
0.100
0.640
0.007
0.000
0.017
0.007
0.000
0.000
0.000
0.017
0.000
0.000
0.014
0.027
0.000
0.000
0.000
0.000
0.003
0.000
0.000
0.148
0.491
0.000
0.000
0.003
0.000
0.000
0.000
0.000
0.009
0.000
0.003
0.000
0.798
0.242
0.000
0.000
0.000
0.045
0.062
0.000
0.000
0.000
0.021
0.000
0.130
0.100
0.017
0.000
0.000
0.005
0.027
0.003
0.000
0.034
0.024
0.000
0.007
0.000
0.000
0.000
0.003
0.000
0.000
0.000
0.000
0.000
0.014
0.113
0.244
0.288
0.000
0.000
0.000
0.000
0.000
0.000
0.000
0.000
0.000
0.000
0.000
0.165
0.189
0.000
0.000
0.000
0.003
0.285
0.206
0.000
0.000
0.000
0.000
0.000
0.000
0.000
0.000
0.000
0.010
0.000
0.000
0.000
0.000
0.003
0.000
0.000
0.000
0.000
0.000
0.002
0.000
0.000
0.000
0.000
0.000
0.000
0.290
0.048
0.000
0.000
0.002
0.031
0.330
0.000
0.000
0.000
0.000
0.024
0.062
0.220
0.098
0.532
2.906
0.000
0.216
0.591
0.206
0.209
0.024
0.000
0.663
0.045
0.088
0.336
8.161
0.002
0.196
1.751
1.473
0.000
0.000
1.528
2.839
0.113
0.127
0.182
0.038
0.000
0.649
1.411
0.041
0.000
0.043
0.427
3.790
3.835
1.243
0.058
0.048
0.093
2.685
0.371
0.584
0.759
2.302
2.122
1.859
0.578
0.161
3.025
0.664
0.000
0.045
0.100
0.211
1.964
2.910
0.681
0.903
0.038
3.177
0.031
0.000
0.360
2.496
5.723
4.492
1.318
1.370
0.187
0.886
1.693
3.421
0.699
0.000
0.302
3.612
6.159
0.065
1.366
4.086
0.228
0.100
23.792
32.777
2.994
5.809
18.287
23.411
3.028
2.338
10.248
0.718
0.000
0.790
8.348
5.430
15.975
5.576
0.529
3.334
8.782
8.010
2.326
3.802
0.513
1.905
2.328
3.421
3.634
1.464
1.608
0.620
1.128
0.968
0.288
1.610
1.250
1.291
3.238
8.669
17.008
6.317
4.436
3.402
1.008
1.849
19.796
12.049
7.260
15.793
13.374
1.756
0.809
1.061
3.299
11.616
3.004
11.721
22.407
68.615
27.449
14.533
32.381
0.167
8.502
6.077
0.228
1.281
2.656
0.182
0.752
1.063
0.124
1.027
1.964
4.652
6.321
4.295
0.548
0.242
3.128
0.494
2.275
2.057
3.849
1.176
1.337
0.762
0.863
2.582
1.699
0.515
1.715
1.566
0.628
2.685
4.836
6.382
0.000
0.000
1.291
2.802
0.676
0.778
0.680
0.000
0.100
0.065
0.089
0.120
0.443
0.343
2.489
2.836
0.544
1.191
1.557
0.300
1.459
0.724
1.239
1.473
0.887
0.712
1.507
0.558
0.172
0.367
0.443
0.041
0.330
0.010
0.000
0.000
0.003
0.000
0.381
0.354
2.247
2.221
0.031
0.084
0.003
0.154
0.031
0.082
0.062
0.000
0.000
0.165
0.089
0.017
0.046
0.014
0.000
0.017
0.000
0.000
0.000
0.000
0.000
0.000
0.000
0.000
0.000
0.000
0.182
0.000
0.306
0.000
0.000
0.000
0.000
0.000
0.000
0.000
0.000
0.000
0.251
0.021
0.000
0.000
0.000
0.000
0.000
0.000
0.000
0.000
0.000
0.000
0.000
0.000
0.000
0.000
0.333
0.096
0.000
0.000
0.005
0.000
0.000
0.000
0.000
0.000
0.000
0.000
0.429
0.338
0.050
0.000
0.000
0.000
0.000
0.000
0.000
0.000
0.113
0.106
0.000
0.000
0.000
0.000
0.000
0.000
0.000
0.000
0.055
0.113
0.021
0.002
0.000
0.000
0.000
0.000
0.000
0.000
0.000
0.045
0.027
0.002
0.007
0.003
0.000
0.000
0.000
0.000
0.000
0.022
0.024
0.000
0.000
0.000
0.002
0.000
0.000
0.151
6.643
2.788
0.000
1.619
0.771
0.120
0.508
1.566
0.920
0.010
0.371
0.076
0.000
0.000
0.014
0.282
0.477
0.038
0.002
0.000
0.000
0.000
0.014
1.682
0.264
0.062
0.000
0.000
0.000
0.000
0.031
0.501
0.062
0.000
0.058
0.405
0.409
1.208
3.289
0.199
0.058
0.010
0.010
0.000
0.000
0.000
0.000
0.000
0.900
0.058
0.003
0.002
0.000
0.000
0.000
3.629
2.297
0.527
4.937
0.091
1.945
1.475
1.342
2.098
2.166
2.508
1.111
0.000
0.024
6.848
1.610
2.541
0.718
0.199
0.754
1.299
1.071
1.444
2.705
1.396
1.789
2.014
2.946
5.699
0.360
1.411
0.230
0.391
0.113
0.944
1.009
0.951
1.947
2.163
1.154
1.145
1.993
0.271
0.130
0.616
20.407
3.165
2.190
0.213
1.332
0.034
1.233
0.875
0.106
0.491
0.913
0.055
2.187
6.178
1.715
1.801
0.663
1.202
1.277
1.586
0.000
0.496
0.494
0.197
0.879
1.825
2.178
0.002
1.475
4.834
2.048
1.845
2.505
11.383
11.173
1.749
6.254
15.576
8.796
16.590
8.104
12.687
1.291
3.375
1.257
0.575
2.332
1.421
2.208
2.055
3.016
1.471
1.672
0.857
0.443
0.900
3.686
13.757
7.893
0.476
0.910
1.967
5.630
0.000
1.617
12.978
2.939
0.587
0.628
1.758
0.836
0.954
0.546
0.304
0.608
2.441
6.103
1.044
0.007
0.007
0.055
0.851
1.576
1.444
0.161
0.048
1.255
1.325
1.287
0.031
0.549
1.044
2.371
3.632
1.583
0.192
0.779
0.692
0.482
0.022
0.752
0.578
0.309
0.331
0.611
2.108
3.296
1.670
0.750
0.288
1.667
0.930
0.429
0.915
0.000
0.000
0.000
0.161
0.448
0.053
0.007
0.003
0.426
0.034
0.000
0.000
0.000
0.000
0.000
0.000
0.000
0.000
0.000
0.000
0.000
0.137
0.029
0.110
0.127
0.082
0.021
0.000
0.000
0.326
0.572
0.098
0.000
0.026
0.000
0.000
0.000
0.031
0.100
0.045
0.000
0.089
0.003
0.058
0.000
0.000
0.000
0.000
0.033
0.000
0.002
0.000
0.000
0.000
0.000
0.000
0.000
0.000
0.000
0.000
0.000
0.000
0.000
0.000
0.000
0.129
0.000
0.022
0.003
0.000
0.038
0.041
0.495
0.221
0.209
0.021
1.320
0.051
0.000
0.000
0.000
0.001
0.000
0.000
0.000
0.000
0.000
0.000
0.000
0.000
0.000
0.000
0.000
0.017
0.017
0.002
0.000
0.000
0.007
0.010
0.000
0.000
0.000
0.000
0.000
0.010
0.017
0.000
0.007
0.027
0.000
0.000
0.000
0.002
0.000
0.000
0.000
0.000
0.007
0.003
0.000
0.000
0.000
0.000
0.000
0.003
0.000
0.336
0.000
0.000
0.000
0.223
0.000
0.000
0.000
0.000
0.000
0.000
0.000
0.000
0.000
0.000
0.045
0.227
0.000
0.000
0.000
0.000
0.007
0.000
0.002
0.000
0.003
0.000
0.000
0.021
0.191
0.077
0.003
0.000
0.000
0.017
0.117
0.014
0.003
0.017
0.058
0.000
0.003
0.000
0.000
0.000
0.017
0.000
0.000
0.000
0.038
0.000
0.003
0.000
0.000
0.000
0.000
0.000
0.002
0.082
0.014
0.000
0.031
0.518
0.987
0.570
0.144
0.982
2.230
0.786
0.700
0.137
0.000
0.000
0.000
0.000
0.003
0.003
0.000
0.005
1.092
0.057
0.474
1.308
0.941
3.660
2.149
0.450
0.005
0.314
0.022
0.064
0.481
0.628
1.255
1.906
0.000
0.000
0.043
0.249
0.685
0.000
0.395
0.681
1.639
0.010
0.021
0.061
2.327
6.612
4.305
1.349
1.650
1.651
0.159
0.000
0.551
0.469
0.027
2.218
7.598
3.038
2.285
1.875
6.602
1.909
3.152
1.612
2.403
4.499
3.536
4.134
7.562
2.499
6.868
2.674
6.770
4.825
4.769
0.378
0.137
2.172
2.853
0.426
5.102
1.705
0.621
1.583
3.327
0.000
0.000
0.045
0.213
3.428
0.570
2.652
4.889
0.177
0.024
1.754
1.883
0.879
3.164
2.781
3.565
1.425
0.669
1.437
7.236
16.294
15.254
1.339
1.684
2.355
10.876
2.014
0.000
0.192
0.762
3.251
3.845
16.153
8.233
1.954
1.703
3.292
10.360
3.856
2.812
2.290
8.253
4.755
1.006
1.384
1.717
0.620
1.071
1.610
1.722
0.407
1.353
6.060
2.014
0.251
0.233
0.594
1.234
1.447
0.192
0.000
0.848
0.948
0.627
0.450
1.183
0.554
0.637
0.982
1.818
5.198
0.017
2.046
5.198
0.546
0.000
0.082
0.776
0.240
0.199
1.802
3.042
0.580
0.951
0.275
0.000
0.227
0.573
0.426
0.752
1.118
1.921
0.718
0.481
0.000
0.000
1.003
2.184
0.742
1.665
0.000
0.000
0.000
0.333
0.683
0.203
0.165
0.869
1.272
0.014
0.656
0.532
0.034
0.355
1.315
0.093
0.007
0.003
0.000
0.000
0.000
0.000
0.043
0.041
0.536
0.608
0.206
0.233
0.017
0.000
0.000
0.000
0.000
0.000
0.000
0.014
0.003
0.024
6.588
3.928
0.058
0.000
0.000
0.000
0.000
0.000
0.000
0.002
0.000
0.003
0.000
0.000
0.002
0.000
0.000
0.000
0.000
0.000
0.000
0.000
0.007
0.000
0.000
0.000
0.003
0.096
0.055
0.000
0.000
0.000
0.000
0.000
0.007
0.875
6.048
0.055
0.002
0.000
0.000
0.000
0.000
0.002
0.134
0.003
0.000
0.000
0.000
0.007
0.000
0.000
0.000
0.000
0.000
0.000
0.000
0.014
0.000
0.000
0.000
0.069
1.099
0.154
0.000
0.000
0.000
0.000
0.000
0.000
0.000
