19790101
17.558
28.474
33.132
25.861
22.940
31.431
27.756
20.683
26.190
12.011
26.008
39.085
20.012
29.232
69.205
2.765
9.596
28.749
9.525
14.569
10.394
19.571
18.884
27.442
114.710
45.944
16.619
1.183
14.075
15.977
27.162
24.106
22.196
21.396
32.937
10.469
18.689
21.820
4.869
7.956
25.590
14.656
4.746
22.369
20.954
9.922
0.088
0.170
1.039
11.179
21.554
0.292
1.074
1.642
12.284
61.223
60.864
14.849
12.842
2.922
0.748
18.515
22.501
24.136
22.048
20.078
0.153
0.247
4.722
7.522
5.026
3.473
3.656
13.929
17.266
5.133
1.938
17.394
9.232
16.184
15.659
6.781
1.825
2.166
5.397
11.954
8.923
11.970
11.347
0.103
0.000
7.042
10.437
4.077
0.529
0.000
0.096
1.006
0.223
1.830
12.447
8.379
8.817
0.850
0.017
0.000
0.000
0.007
6.990
8.195
2.221
13.390
11.869
3.498
8.442
18.076
0.398
9.925
4.334
1.202
0.065
0.000
9.555
13.208
1.672
1.250
2.468
5.043
0.189
0.003
0.165
1.236
0.649
3.220
0.577
0.216
0.093
0.652
0.000
0.000
0.000
1.322
0.069
0.000
0.463
1.109
0.000
0.237
3.976
0.167
0.000
0.000
0.000
0.007
1.497
1.076
0.379
0.124
1.102
0.120
0.000
0.000
0.000
0.156
0.000
0.000
0.096
0.410
0.000
0.000
0.076
0.014
0.000
0.000
0.000
0.000
0.000
0.062
0.151
0.000
0.910
0.371
0.000
0.000
0.738
0.154
0.000
0.014
0.024
0.024
0.010
0.000
0.000
0.000
0.000
0.017
0.000
0.000
1.294
0.000
0.000
0.000
0.000
0.000
0.000
0.000
0.000
0.000
0.000
0.000
0.000
0.000
0.000
0.000
0.000
0.000
0.000
0.000
0.625
0.307
0.000
4.326
14.548
0.137
0.142
0.048
0.000
3.040
4.971
0.000
0.000
0.000
0.000
1.593
6.856
1.009
0.654
3.545
0.000
0.000
0.000
0.000
0.000
0.000
0.000
0.000
0.000
0.000
0.000
2.281
9.937
3.850
0.000
0.000
1.104
0.213
0.000
1.100
2.148
0.436
0.041
0.000
0.000
0.014
0.000
0.000
0.000
0.000
0.745
0.932
0.335
0.000
0.000
0.038
1.092
0.302
0.000
0.000
0.000
0.000
0.000
0.000
4.947
33.155
14.478
16.064
15.120
0.172
0.228
0.233
2.317
2.238
0.045
14.883
20.740
24.125
0.488
20.053
13.489
1.411
4.127
0.000
3.279
5.220
13.611
18.345
22.191
15.220
19.418
19.775
25.488
10.074
0.027
0.000
0.000
1.765
18.345
7.040
0.744
2.650
0.003
8.119
1.406
11.424
23.157
21.362
16.215
12.033
15.583
0.038
6.878
21.403
12.605
22.076
20.563
7.811
3.195
7.129
0.432
5.140
14.839
35.905
40.797
3.244
20.751
31.196
17.974
30.192
14.556
0.316
1.874
23.045
30.758
26.115
8.883
43.396
37.317
16.833
22.277
23.672
21.671
33.908
21.748
8.717
0.079
0.831
3.519
19.068
22.927
37.783
0.100
24.209
13.693
6.132
16.188
8.854
13.644
16.122
56.176
65.983
23.274
12.840
11.714
38.710
16.751
5.902
48.857
20.163
18.677
2.172
21.794
28.413
9.933
17.722
37.807
28.185
26.024
19.805
16.855
8.863
2.661
7.285
15.653
13.736
9.271
10.819
0.000
0.577
7.763
24.407
29.339
31.376
0.616
4.407
50.497
31.756
21.681
22.694
17.203
49.372
3.383
17.128
16.833
5.942
28.798
39.741
4.286
11.850
3.691
22.507
58.155
50.776
7.919
51.709
30.648
1.708
10.957
0.910
6.048
16.517
20.523
0.834
0.034
0.000
0.000
6.092
39.437
54.410
72.723
10.918
3.160
0.000
0.000
31.745
23.929
21.029
7.045
20.393
9.026
21.928
0.669
3.488
8.047
0.003
0.000
0.000
4.628
0.385
0.041
0.082
0.014
0.000
0.000
0.079
1.542
2.190
0.182
0.000
0.038
2.606
13.434
0.649
0.000
7.230
17.468
10.317
0.215
0.000
0.000
0.000
0.000
0.058
0.118
0.342
0.000
0.000
0.000
0.000
0.000
0.000
7.138
1.938
0.992
0.000
0.000
0.000
0.000
0.000
0.000
0.596
0.357
0.000
0.000
0.000
0.000
0.000
0.355
0.580
0.000
0.000
0.000
0.000
0.000
0.000
0.000
0.021
0.802
1.344
1.275
0.000
0.000
0.000
0.000
0.000
0.000
0.079
0.048
0.000
0.000
0.000
0.024
1.028
1.431
0.000
0.000
0.000
0.000
0.000
0.000
0.000
0.000
0.000
0.000
0.000
0.000
0.000
0.000
0.000
0.000
0.000
0.000
0.000
0.000
0.000
0.000
0.000
0.000
0.000
0.000
0.000
0.000
0.000
0.051
0.000
0.000
0.000
0.000
0.000
0.000
0.000
0.000
8.920
0.000
0.000
0.000
0.000
0.000
0.000
0.034
0.041
0.000
0.000
0.000
0.000
0.000
0.014
1.517
0.017
0.546
6.890
0.000
0.000
0.041
0.034
0.000
0.000
0.000
0.000
0.000
0.000
0.007
0.000
0.000
0.000
0.000
0.000
0.000
0.000
0.000
0.000
0.010
0.076
0.778
0.161
0.000
0.000
0.000
0.093
1.239
0.161
0.000
0.000
0.000
0.000
0.017
0.299
0.000
0.000
0.041
0.618
0.027
0.000
0.000
0.000
0.000
0.000
0.000
0.000
0.645
2.510
0.000
0.082
4.298
1.892
0.007
25.499
32.863
11.084
13.673
18.042
12.773
0.501
0.014
0.000
1.332
22.175
33.107
24.788
1.313
0.076
0.000
0.000
3.217
15.226
21.059
19.204
17.127
15.853
0.249
0.003
0.000
0.000
0.000
0.065
2.369
30.877
12.540
6.442
16.725
8.903
4.894
6.743
0.058
0.000
0.938
14.232
13.946
1.378
8.904
0.014
0.000
0.000
0.642
14.389
24.714
44.773
28.976
27.885
79.622
135.911
23.773
14.785
9.424
0.992
12.373
16.346
27.191
15.348
7.464
0.896
0.058
2.338
2.755
28.362
27.789
35.256
12.833
21.557
17.075
26.741
29.155
54.255
2.832
0.185
0.591
19.178
36.567
0.333
3.227
25.080
34.573
20.232
40.134
40.900
4.116
10.791
21.482
6.338
16.213
19.449
23.504
2.491
6.485
51.873
35.994
38.919
112.392
98.733
86.589
1.847
9.640
26.659
52.326
27.215
27.692
66.248
1.246
4.851
30.999
108.909
26.123
32.714
36.030
23.820
10.063
5.857
2.618
0.027
15.807
70.869
26.213
24.029
21.042
15.305
10.082
0.000
7.560
3.897
15.577
41.226
19.113
35.532
19.097
0.772
20.417
21.913
6.559
3.816
14.485
26.741
15.110
7.129
21.382
12.889
0.028
9.517
1.488
15.508
34.579
0.642
0.130
0.929
18.697
21.372
4.810
17.488
6.259
15.654
3.394
1.826
3.117
3.430
5.754
26.130
1.178
5.926
0.810
25.636
75.529
8.980
15.587
14.282
16.703
22.340
15.803
1.881
3.639
4.364
8.442
10.214
2.328
12.373
3.179
10.375
12.150
0.992
2.197
0.972
1.974
0.007
0.010
0.144
0.000
0.000
0.000
0.000
0.000
0.000
0.000
0.051
0.000
0.034
1.899
1.016
0.000
0.000
0.039
0.216
0.003
10.192
7.131
0.000
0.000
0.000
0.000
0.244
0.000
0.000
0.000
0.000
0.000
0.000
0.000
0.034
0.113
0.584
0.076
0.076
0.000
0.000
0.000
0.007
0.041
0.000
0.096
0.227
0.000
0.000
0.000
0.000
0.000
0.000
0.000
0.000
0.000
0.000
0.000
0.000
0.000
0.000
0.000
0.000
0.000
0.000
0.000
0.000
0.000
0.000
0.000
0.000
3.742
4.219
0.000
0.000
0.000
0.000
0.000
1.006
0.031
0.007
0.000
0.000
0.055
6.501
0.282
0.000
0.000
0.000
0.000
0.000
0.000
0.000
0.000
0.000
0.000
0.000
0.000
0.000
0.124
0.146
1.265
0.405
0.000
0.000
0.000
0.000
0.000
0.251
0.000
0.000
0.000
0.045
1.342
0.017
0.000
0.000
0.000
0.000
0.000
0.000
0.000
0.635
14.104
0.443
0.000
0.076
0.072
0.014
0.000
0.000
0.000
0.000
0.000
0.000
0.127
0.167
6.466
2.479
0.000
0.000
0.000
0.000
0.000
0.529
0.271
0.000
0.000
0.000
0.000
0.093
0.103
1.016
0.309
0.000
0.000
0.000
0.000
0.000
0.000
0.000
0.285
0.017
0.000
0.021
0.000
0.000
0.007
0.058
0.000
0.072
0.065
0.661
2.860
0.000
31.505
26.558
25.941
19.856
14.619
1.535
20.793
21.622
14.231
25.344
47.602
35.043
12.435
8.061
3.732
3.236
0.103
0.000
2.551
0.385
15.662
10.622
26.769
14.260
27.579
12.919
0.299
22.733
17.041
0.354
0.000
3.619
34.755
14.303
4.436
8.820
3.064
29.457
99.203
1.765
6.592
1.960
0.494
0.014
0.000
4.939
4.065
0.000
0.000
0.027
9.750
19.765
7.172
6.757
22.755
28.578
0.117
14.378
6.616
26.398
31.042
3.905
0.779
0.000
0.000
0.127
6.787
10.689
29.984
21.976
19.885
17.988
3.667
1.023
0.038
2.496
18.210
19.302
4.669
14.351
26.384
7.057
0.742
11.721
37.367
18.409
0.058
13.527
27.665
8.775
3.138
18.975
42.483
9.273
0.000
1.881
14.660
12.212
15.180
13.136
17.475
11.560
18.165
27.152
31.829
32.733
0.017
0.175
23.653
37.297
4.276
9.225
4.676
23.265
8.430
6.076
14.749
4.264
36.583
4.885
10.506
3.775
10.763
36.531
6.980
6.729
7.958
18.311
14.742
8.761
8.468
12.763
37.319
14.178
20.769
6.250
9.422
35.697
26.489
6.786
19.274
16.201
7.868
14.972
20.896
0.000
0.367
12.830
8.046
10.871
11.584
1.322
15.371
0.000
0.000
6.569
5.007
0.021
0.000
0.000
0.692
0.000
0.244
2.000
18.193
33.996
1.773
5.843
35.151
15.446
14.490
15.839
0.000
0.000
10.476
4.807
6.985
1.114
0.017
0.769
0.439
0.997
0.000
0.558
0.021
0.010
0.024
0.400
0.070
0.664
2.798
0.062
0.000
0.477
0.223
0.000
0.000
0.000
0.704
0.360
0.000
0.000
0.000
0.000
0.055
0.378
0.000
0.000
2.575
2.077
0.000
0.000
0.251
0.003
0.000
0.000
0.007
0.048
0.000
0.000
0.000
0.000
0.000
0.000
0.064
0.038
0.000
0.000
0.000
0.000
0.000
0.000
0.000
0.000
0.000
0.000
0.000
0.000
0.000
0.000
0.072
0.000
0.000
0.000
0.000
0.000
0.000
0.000
0.000
0.000
0.290
0.000
0.000
0.000
0.000
0.000
0.000
0.000
0.000
0.000
0.000
0.000
0.000
0.000
0.000
0.000
0.000
0.000
0.000
0.000
0.000
0.000
0.000
0.323
0.000
0.000
0.000
0.000
0.000
0.000
0.000
0.000
0.000
0.000
0.129
0.048
0.000
0.000
0.000
1.641
0.031
0.000
0.000
0.000
0.000
0.000
0.000
0.000
0.000
0.225
1.044
0.000
0.000
0.000
0.000
0.000
0.000
0.000
0.000
0.000
0.000
0.000
0.000
0.086
0.158
0.000
0.000
0.003
0.580
0.526
0.000
0.388
0.536
0.000
0.211
0.374
0.000
0.000
0.000
0.000
0.106
4.308
0.000
0.000
0.376
0.688
0.451
0.000
1.301
5.220
5.936
6.085
1.384
0.127
0.000
0.575
1.339
0.000
0.017
0.691
0.000
0.149
0.275
0.058
2.337
0.038
0.484
0.117
0.000
0.000
0.000
0.000
0.000
0.000
0.000
0.000
0.027
0.021
0.000
1.265
0.196
4.155
0.000
0.000
0.000
0.076
0.048
0.003
0.003
0.000
0.000
0.225
4.037
5.857
0.000
0.924
2.911
0.000
0.000
0.000
0.082
0.000
0.000
5.919
24.657
8.475
0.563
2.505
16.577
16.035
16.473
17.194
0.000
0.257
9.416
21.210
38.241
2.004
0.453
13.045
22.610
41.115
0.074
0.121
0.000
0.014
19.484
6.096
4.513
15.288
6.576
17.721
17.202
14.947
17.903
14.840
30.620
12.252
0.000
0.000
1.499
2.707
0.927
0.000
0.000
2.156
15.244
0.007
23.978
26.074
6.489
7.538
2.436
3.457
0.615
2.877
5.114
18.357
7.031
16.637
14.337
8.540
3.025
5.917
11.501
0.069
0.024
5.720
1.502
13.211
0.101
11.385
23.662
2.173
5.043
15.499
16.706
10.049
1.195
0.000
0.027
8.241
9.738
10.516
31.534
10.336
0.000
0.309
22.135
34.190
0.360
14.567
15.223
3.095
0.007
0.173
13.987
27.219
9.436
0.000
0.093
0.374
6.827
23.082
3.979
1.001
1.215
9.404
6.842
10.422
22.450
0.086
0.000
0.000
0.000
0.137
0.058
1.281
5.006
0.824
0.079
3.790
12.128
1.063
0.000
0.000
0.000
0.000
0.000
0.000
0.000
0.000
2.302
4.408
3.959
2.551
3.818
1.705
8.899
8.906
0.086
0.000
0.014
0.000
0.000
0.027
0.000
0.000
0.000
8.691
3.045
1.081
0.869
0.027
3.941
3.634
1.967
0.948
0.051
0.000
0.208
0.831
0.021
0.000
0.233
3.025
0.027
0.000
0.000
0.000
0.120
0.058
0.000
0.000
0.209
0.172
0.869
10.598
8.997
8.394
0.632
0.000
0.000
0.072
0.024
0.000
0.336
0.704
0.412
0.065
0.165
0.000
0.378
0.034
0.000
0.000
0.041
0.051
0.000
0.000
0.000
0.230
0.024
0.014
0.000
0.000
0.041
0.000
1.988
1.782
0.000
0.000
0.000
0.000
0.000
0.000
0.000
0.000
0.000
0.000
0.000
0.000
0.000
0.000
0.000
0.000
0.000
0.000
0.124
0.261
0.000
0.000
0.000
0.000
0.000
0.000
0.000
0.000
0.000
0.000
0.000
0.000
0.254
0.000
0.000
0.000
0.000
0.000
0.000
0.000
0.237
3.413
1.337
0.429
0.062
0.000
0.227
0.566
0.295
0.000
0.000
0.000
0.000
0.000
0.000
0.124
0.003
0.000
0.000
0.000
0.000
0.000
0.000
0.017
0.000
0.000
0.000
0.000
0.000
0.000
0.000
0.000
0.000
0.000
0.000
0.003
0.010
0.000
0.000
0.000
0.000
0.000
0.000
0.000
0.000
1.102
0.855
0.000
0.000
0.584
2.345
0.024
0.000
0.000
0.000
2.877
1.505
0.223
0.000
0.000
0.000
0.000
0.000
0.000
0.532
0.000
0.000
0.000
0.000
0.000
0.000
0.000
0.000
0.000
0.000
0.000
0.000
0.000
1.215
0.324
0.115
0.426
0.340
0.216
4.583
6.333
0.683
0.014
0.834
5.140
4.789
0.000
0.000
0.000
0.000
0.000
3.291
6.980
13.218
9.256
61.420
15.328
0.319
0.000
0.000
4.003
7.035
15.482
23.030
23.355
7.547
0.209
3.759
20.265
29.109
0.000
0.000
0.544
4.027
2.554
22.721
25.358
0.175
1.948
19.044
2.197
14.643
17.286
12.559
5.412
19.945
52.870
6.949
27.813
21.046
17.722
0.330
0.000
0.000
0.161
1.857
4.704
0.524
0.000
0.017
6.259
27.246
39.128
46.088
13.408
42.727
30.858
3.734
1.332
2.163
2.578
2.779
0.977
0.000
0.007
2.836
12.082
26.927
18.083
47.006
12.013
9.855
24.831
74.975
76.146
32.410
41.484
0.088
63.219
84.384
18.048
7.562
13.276
30.415
41.709
12.923
33.963
9.326
23.835
15.829
13.323
20.326
11.026
13.084
0.000
14.644
41.673
15.647
7.852
26.827
28.007
16.788
27.078
3.097
3.831
20.205
15.110
16.589
36.245
37.577
18.776
8.041
20.781
29.358
17.010
2.781
67.621
59.625
45.061
100.285
43.303
4.844
0.237
21.712
31.613
21.526
10.670
9.785
0.393
14.375
20.409
27.589
10.310
8.714
19.161
14.361
0.625
2.911
6.842
9.661
0.014
3.993
24.355
35.980
28.781
11.264
2.650
2.827
9.888
21.729
28.091
11.350
4.607
6.135
31.915
14.852
4.336
5.627
0.038
2.070
6.168
1.449
8.583
38.033
1.109
7.841
1.957
2.026
9.222
3.419
0.869
0.079
0.003
2.362
1.535
1.003
0.501
2.197
0.618
0.360
0.958
6.376
0.041
0.000
0.055
0.003
16.066
0.161
0.000
0.000
0.000
0.000
0.221
0.000
0.647
0.082
2.649
4.226
1.365
9.249
0.000
0.000
0.000
0.000
0.000
0.000
0.000
0.000
0.000
0.000
0.000
0.000
0.000
0.000
0.010
0.000
0.000
0.000
0.000
0.000
0.306
0.055
0.093
0.110
0.017
0.000
0.103
0.000
0.000
0.000
0.000
0.000
0.000
0.000
0.000
0.000
0.000
0.000
0.000
0.000
0.000
0.000
0.010
0.110
0.021
0.000
0.000
0.000
0.000
0.000
0.000
0.000
0.000
0.000
0.000
0.000
0.000
0.000
0.000
0.000
0.000
0.000
0.000
0.000
0.000
0.000
0.000
1.641
1.792
0.488
0.000
0.000
0.000
0.000
0.000
0.000
0.000
0.000
0.000
0.000
1.140
4.512
0.000
0.000
0.000
0.014
0.034
0.000
0.007
0.000
0.000
0.000
0.017
0.113
0.000
0.000
0.000
0.000
0.000
1.052
2.431
0.021
1.128
0.179
0.000
0.000
0.000
0.000
0.000
0.000
0.000
0.000
0.000
0.000
1.468
0.237
0.330
0.229
0.127
0.007
1.725
3.155
0.076
0.388
0.130
2.099
2.180
0.038
0.000
1.090
1.476
1.284
0.031
0.000
0.000
0.003
0.051
0.000
0.000
0.000
0.000
0.000
0.000
0.072
0.000
0.053
2.138
0.048
0.000
0.263
0.503
0.096
23.779
42.456
4.968
1.358
0.306
14.559
0.251
0.000
15.175
42.954
46.332
7.288
0.003
36.470
55.309
10.579
23.391
20.230
5.996
0.683
16.655
30.945
5.915
2.053
1.174
5.284
1.366
0.556
0.088
1.233
5.354
7.932
4.602
0.076
2.690
17.839
13.463
3.849
11.038
17.178
1.021
2.498
20.780
0.051
0.000
0.000
10.336
26.264
13.545
15.606
18.607
7.153
10.701
11.918
16.347
26.409
16.551
11.532
0.108
8.356
7.144
11.094
16.562
15.738
24.376
19.394
13.614
5.529
1.325
16.274
13.415
24.469
12.543
7.417
4.661
5.116
6.515
1.516
5.145
21.905
59.301
14.090
28.959
1.044
51.629
72.228
10.190
0.000
0.000
0.031
6.283
7.982
13.058
6.573
4.793
4.762
0.233
3.741
2.299
2.587
5.198
4.849
0.467
1.270
8.138
14.763
5.287
0.000
0.203
2.438
2.290
3.821
0.538
1.028
7.012
9.298
11.706
18.464
34.994
25.713
20.399
7.658
6.250
2.497
1.049
13.120
21.410
27.768
4.146
13.817
30.219
45.892
17.055
0.000
0.000
0.000
0.000
7.487
0.637
0.000
0.000
0.000
0.000
0.000
0.000
0.000
1.813
4.611
0.172
0.086
5.459
11.745
15.031
7.093
2.419
29.670
0.000
0.072
0.038
1.130
0.000
0.003
0.000
2.863
21.777
0.621
4.051
1.291
9.119
0.795
5.490
3.464
30.446
5.675
1.926
0.000
0.000
0.000
0.000
0.000
10.876
6.921
4.271
10.475
6.413
0.000
0.000
0.714
0.759
0.021
0.347
2.887
18.361
37.494
3.227
2.173
0.031
0.501
2.184
0.096
0.000
0.000
0.000
0.000
0.000
0.000
0.000
0.000
0.000
0.000
0.000
0.000
0.000
0.000
0.000
0.000
0.000
0.000
0.000
0.000
0.000
0.000
0.000
0.000
0.000
0.000
0.000
0.000
0.000
0.788
0.167
0.000
0.383
0.098
0.000
0.000
0.000
0.000
0.000
0.000
0.000
0.000
0.000
0.000
0.000
0.000
0.000
0.007
0.290
0.014
0.000
0.000
0.000
0.000
0.000
0.000
0.000
0.000
0.000
0.000
0.000
0.288
3.054
0.000
0.000
3.783
3.004
0.000
0.000
0.000
0.000
0.000
0.000
0.000
0.000
0.000
0.000
0.000
0.000
0.172
0.076
0.000
0.000
0.000
0.027
2.293
0.776
0.141
0.000
0.000
0.000
0.003
6.128
0.736
0.000
0.000
0.000
0.000
0.139
3.002
1.027
0.206
0.003
0.000
0.000
0.000
0.000
0.000
0.027
1.593
7.974
0.007
0.669
0.082
0.000
0.000
0.000
0.000
0.000
0.000
0.000
0.000
0.000
10.200
16.140
1.765
0.000
0.000
0.000
0.000
0.000
0.000
0.117
0.000
0.000
0.000
0.000
0.000
0.010
0.184
0.000
0.000
0.000
0.000
0.000
0.000
3.979
8.547
1.440
2.165
2.951
0.000
0.000
0.000
0.635
7.035
7.050
0.457
3.203
2.238
10.526
0.003
0.000
0.000
0.000
0.000
2.549
3.594
1.727
0.014
0.014
6.398
23.685
0.306
2.328
6.069
0.079
0.000
17.461
8.556
3.715
9.546
16.658
3.073
10.878
14.454
8.511
3.547
1.926
20.999
0.463
2.245
0.017
0.000
12.895
4.202
0.577
14.025
19.563
1.119
0.000
0.096
1.830
3.619
1.440
3.636
17.005
51.196
26.915
13.084
1.408
0.264
0.000
0.000
1.452
1.905
2.681
0.000
0.000
7.454
6.046
1.126
0.869
1.008
0.889
0.000
10.947
5.933
0.900
1.851
6.578
0.000
0.762
1.390
1.318
1.109
0.355
0.645
0.000
0.031
0.000
0.038
0.165
1.452
0.103
0.340
0.566
0.855
13.675
0.124
0.007
1.281
0.700
1.914
1.308
0.007
2.977
3.272
0.858
0.000
0.000
9.603
52.515
0.556
0.000
0.000
0.209
0.000
0.000
2.451
0.615
0.000
10.265
47.318
6.243
16.902
24.857
73.272
0.000
0.000
0.000
1.995
15.041
54.116
28.870
19.015
9.373
0.261
0.021
42.660
22.388
38.418
12.088
7.756
0.000
0.103
12.696
22.639
16.785
1.710
12.796
34.370
42.781
8.209
0.000
0.000
1.300
32.165
19.537
5.753
2.352
15.425
16.001
23.226
3.807
23.470
0.548
0.391
14.617
0.000
8.846
0.000
11.100
0.000
1.191
0.017
0.076
0.000
4.489
15.157
0.304
3.785
2.408
0.000
0.010
13.189
10.502
0.179
4.213
6.307
5.150
1.493
5.074
20.304
0.086
1.243
4.178
6.231
5.421
3.330
0.148
0.000
0.000
0.000
0.000
0.000
0.000
0.000
0.017
0.580
1.318
0.000
0.000
0.000
0.000
0.000
0.000
0.000
0.000
0.000
6.382
0.518
1.851
0.185
0.000
0.172
0.000
0.000
0.573
0.027
0.000
0.055
0.278
0.000
3.897
0.000
0.000
0.000
0.014
0.000
0.000
0.000
0.000
0.000
0.577
-99.000
0.000
0.000
0.000
0.000
0.000
0.000
0.000
0.000
0.000
0.000
0.000
0.000
0.000
0.000
0.000
0.000
0.000
0.000
0.000
0.007
0.000
0.000
1.044
0.000
0.000
0.000
0.000
0.000
0.079
0.127
0.106
0.000
0.000
0.000
0.000
0.000
0.000
0.000
0.000
0.000
0.000
0.000
0.000
0.000
0.000
0.055
0.038
0.450
1.432
2.786
2.771
0.010
0.000
0.000
0.000
0.000
0.000
0.000
0.000
0.000
0.000
0.000
0.000
0.000
0.000
0.000
0.000
0.000
0.000
0.000
0.017
0.659
0.676
0.027
0.058
5.637
4.480
0.797
0.227
0.000
0.000
0.000
0.000
0.000
0.003
0.481
0.391
0.000
0.000
15.295
2.702
0.216
4.755
1.806
0.515
0.091
0.000
0.000
0.000
0.000
0.000
0.000
0.000
0.000
0.000
0.000
0.000
0.000
0.000
0.000
0.000
0.000
0.000
0.000
0.000
0.000
7.357
7.141
1.045
0.034
0.000
0.000
0.000
0.240
3.174
2.228
0.282
0.096
1.555
8.983
6.233
1.947
0.010
0.089
0.000
0.206
0.010
0.000
3.193
6.654
0.415
0.192
0.058
0.082
0.000
0.041
0.831
0.041
0.024
0.017
0.721
0.618
0.041
0.079
0.000
3.964
0.112
0.000
0.000
0.000
0.000
1.056
1.976
0.439
0.000
0.000
0.007
0.079
13.508
26.851
0.675
1.145
12.607
13.657
12.114
26.448
9.815
0.050
0.474
0.846
0.628
7.194
0.560
20.594
13.632
11.699
0.000
0.000
1.502
12.221
19.652
44.639
6.250
23.971
11.549
22.345
46.809
41.347
22.115
30.177
44.941
46.267
0.158
24.734
26.955
29.467
0.000
-99.000
-99.000
-99.000
-99.000
-99.000
-99.000
-99.000
-99.000
28.568
1.445
0.934
23.185
43.973
25.145
2.443
0.278
35.918
25.516
3.114
17.894
36.674
17.798
0.261
0.215
30.681
54.664
36.736
27.613
42.260
41.882
29.890
34.494
22.402
14.437
34.332
11.196
7.522
6.952
59.302
1.445
0.000
27.981
31.862
2.329
14.826
38.765
25.725
0.000
0.000
0.000
0.000
0.000
0.000
7.218
6.648
13.799
15.109
22.398
28.771
15.032
6.881
4.711
13.182
8.518
15.722
11.180
11.410
2.336
24.383
39.065
30.339
39.733
16.641
36.316
18.957
19.841
0.021
0.000
0.156
0.407
0.233
0.027
0.003
0.000
29.244
36.994
15.772
2.077
5.797
17.401
9.682
1.945
4.051
0.000
8.454
14.365
4.809
3.081
1.753
0.295
0.000
0.000
0.000
11.034
0.275
2.587
10.332
0.306
0.000
0.000
0.014
0.000
0.000
2.456
6.254
1.222
0.000
0.060
0.069
0.096
0.237
0.239
12.780
37.082
12.267
5.256
0.572
4.609
1.792
0.034
0.024
0.000
0.000
0.000
0.000
0.000
0.000
0.000
0.000
0.000
0.000
0.000
0.000
0.000
0.659
1.658
3.831
0.391
0.000
0.000
0.906
2.582
0.086
0.000
0.000
0.000
0.000
0.000
0.000
0.000
0.000
0.000
1.143
0.632
0.000
0.000
0.000
0.000
0.000
0.000
0.000
0.000
0.000
0.000
0.000
0.000
0.000
0.000
0.000
0.000
0.000
0.000
0.000
0.000
0.000
0.000
0.000
0.000
0.000
0.000
0.000
0.000
0.000
0.000
0.000
0.000
0.000
0.000
0.000
0.000
0.000
0.000
0.000
0.000
0.000
0.000
0.000
0.000
0.000
0.000
0.000
0.000
0.000
0.000
0.000
0.000
5.145
17.707
0.000
0.000
0.000
0.007
0.003
0.256
2.233
0.000
0.000
0.000
0.000
0.000
0.000
0.065
0.402
0.103
0.000
0.000
0.000
0.000
0.000
0.000
0.000
0.000
0.000
0.000
0.000
0.000
0.000
1.957
0.245
0.000
0.000
0.000
0.000
0.000
0.000
0.000
0.000
0.000
0.000
0.000
0.007
0.000
0.000
0.021
0.007
9.217
0.000
0.000
0.093
0.000
0.000
0.000
0.000
0.000
0.000
0.000
0.000
0.000
0.000
0.929
3.457
0.021
0.014
0.000
2.647
2.082
3.071
0.165
0.639
0.000
0.000
0.000
0.000
0.000
0.233
0.500
0.041
0.024
3.297
10.409
0.000
1.469
6.164
11.014
14.861
22.622
6.037
0.196
0.000
0.268
19.896
13.139
31.878
21.822
12.171
19.490
4.597
0.000
0.079
0.419
0.542
0.051
18.560
46.809
18.196
6.425
18.831
1.102
12.257
18.481
6.806
3.238
6.787
2.896
4.889
16.370
0.000
0.261
10.882
5.617
7.090
8.161
19.892
32.600
17.863
40.673
0.862
8.156
12.018
19.209
1.607
0.000
1.881
3.505
0.103
4.314
7.622
15.134
28.053
3.080
0.488
0.347
4.140
0.254
5.004
10.506
19.997
14.602
26.645
16.546
9.637
1.981
0.336
12.342
22.541
16.713
4.286
3.572
9.774
1.519
2.457
26.695
6.178
2.094
7.225
14.180
22.002
26.113
24.736
16.023
21.760
10.144
49.773
13.297
0.996
3.813
11.858
6.561
10.439
9.555
11.799
32.106
14.272
1.746
0.522
0.021
0.573
2.980
2.702
26.264
34.911
21.041
7.817
8.496
9.900
24.360
13.005
12.210
10.069
0.000
13.896
30.281
24.223
18.050
17.084
10.696
13.474
15.589
6.767
8.398
15.781
57.743
22.668
15.446
3.955
10.681
1.892
0.000
1.748
4.855
19.453
15.759
15.110
16.236
1.136
0.580
6.606
17.235
16.129
9.448
10.329
1.229
0.409
4.741
3.347
21.374
8.422
0.649
0.000
24.057
29.746
3.845
15.551
51.653
9.227
0.106
1.876
0.203
1.514
5.219
3.571
0.999
0.000
0.000
1.475
0.721
0.000
0.000
9.833
8.676
0.000
0.000
9.873
3.265
6.400
18.534
0.618
0.070
0.625
3.299
6.405
0.772
0.014
0.000
0.175
1.483
3.962
0.055
0.000
0.518
0.103
0.000
0.000
0.000
0.000
0.354
0.000
0.000
0.041
3.042
1.020
0.000
3.076
0.134
0.000
2.280
2.702
0.374
0.041
0.000
0.364
1.284
3.214
1.669
0.000
0.000
0.000
0.000
0.000
0.000
0.000
0.000
0.000
0.000
0.000
0.000
0.021
0.000
0.000
0.000
0.000
1.097
1.054
0.000
0.000
0.000
0.000
0.021
0.007
0.000
0.000
0.000
0.000
0.000
0.000
0.000
0.096
0.110
0.000
0.014
0.031
0.000
0.000
0.000
0.000
0.000
0.000
0.000
0.000
0.000
0.000
0.000
0.409
7.127
1.451
0.000
0.000
0.000
0.000
0.000
0.000
0.000
0.000
0.000
0.000
0.000
0.034
0.000
0.000
0.000
0.000
0.000
0.000
0.000
0.069
0.000
0.000
0.000
0.000
0.000
0.000
0.000
0.000
0.000
0.000
0.000
0.000
0.000
0.000
0.000
0.000
0.000
0.000
0.000
0.000
0.000
0.000
0.000
0.000
0.000
0.000
0.000
0.000
0.000
0.000
0.000
0.000
0.000
0.124
0.989
0.196
0.577
1.984
0.027
0.000
0.247
0.041
0.419
0.100
0.000
0.000
0.027
0.127
0.086
0.000
0.000
0.000
0.000
0.000
0.000
0.000
0.000
0.000
0.000
1.104
7.710
2.630
21.465
22.524
0.180
13.917
22.113
0.245
11.152
4.516
6.113
35.409
6.896
5.356
3.905
0.331
2.553
0.024
0.000
0.000
0.000
0.865
1.476
0.000
0.342
0.014
0.120
0.000
0.000
0.000
0.000
0.014
0.014
0.420
0.742
0.000
13.072
0.520
4.885
26.532
53.665
1.507
1.626
0.167
0.000
0.000
0.000
0.000
0.000
0.048
0.094
10.178
22.534
2.539
0.328
22.136
18.828
14.416
15.977
31.139
5.701
31.151
26.862
24.618
11.850
33.549
0.000
0.110
1.201
27.574
40.014
8.491
0.296
0.572
2.918
6.508
1.378
26.403
6.690
1.269
11.877
1.734
11.855
12.827
22.007
9.144
0.900
0.934
0.021
25.384
18.019
3.279
3.819
2.880
0.137
0.292
2.954
16.220
11.958
0.326
0.091
4.882
14.540
30.844
0.000
4.740
30.037
9.122
0.790
2.735
0.000
0.000
0.216
0.000
2.800
30.137
5.709
101.675
0.000
10.224
7.944
35.036
1.260
0.014
0.000
0.000
0.000
5.740
1.751
11.879
1.332
0.000
0.000
4.425
11.486
10.073
0.000
11.113
2.836
0.000
0.220
0.000
2.395
11.803
16.308
6.094
23.040
68.788
18.773
18.478
1.830
1.356
22.979
13.753
0.000
0.000
0.000
0.000
6.557
6.012
0.282
0.676
0.000
0.000
0.000
3.900
33.395
28.214
3.873
0.038
0.587
10.461
1.181
3.244
0.580
1.322
1.030
4.192
18.855
0.797
8.950
0.000
20.720
30.477
0.000
0.000
0.494
0.127
4.803
3.423
0.498
2.129
0.185
0.000
1.617
1.133
0.714
5.170
7.660
0.000
0.000
2.077
0.419
0.000
0.000
0.000
0.347
4.546
3.186
0.000
0.000
0.000
0.000
0.105
0.000
0.000
0.000
0.000
0.000
0.000
0.000
0.000
0.000
0.000
0.000
0.000
0.069
0.048
0.000
0.000
0.000
0.000
0.000
0.000
2.604
2.717
0.302
0.000
0.000
0.007
0.000
0.000
0.010
1.936
4.328
0.230
0.000
1.241
0.369
0.000
0.346
0.027
0.000
0.000
0.000
0.000
1.409
0.664
0.271
0.182
0.000
0.000
0.000
0.000
0.000
0.000
0.000
0.000
0.000
0.000
0.000
0.000
0.000
0.000
0.137
0.098
0.000
0.000
0.003
0.007
0.000
0.000
0.000
0.000
0.000
0.000
0.088
0.000
0.000
0.000
0.000
0.000
0.000
0.000
0.000
0.000
0.000
0.000
0.000
0.000
0.000
0.000
0.000
0.000
0.000
0.000
0.000
0.000
0.000
0.000
0.000
0.000
0.000
0.000
0.000
0.196
0.185
0.000
0.000
0.000
0.000
0.000
0.000
0.000
0.000
0.000
0.000
0.000
0.000
0.000
0.000
0.000
0.000
0.000
0.000
0.000
0.000
3.713
6.874
0.620
0.027
0.000
0.000
0.000
0.000
0.000
0.000
0.000
0.000
1.914
1.317
0.038
0.469
1.269
0.331
0.045
0.000
0.000
0.000
0.000
0.000
0.292
5.239
32.413
4.120
6.503
9.932
4.086
0.079
0.106
2.544
5.486
11.591
0.007
0.000
0.096
0.673
2.166
0.000
0.000
17.540
2.767
0.000
0.000
0.000
0.000
0.271
0.707
0.003
0.275
0.288
0.000
0.038
9.014
16.502
16.216
11.075
18.098
9.618
4.429
0.000
0.000
0.076
0.307
1.803
11.307
7.081
32.483
32.023
10.468
1.797
3.529
6.910
54.654
37.563
1.277
7.883
18.941
41.846
24.611
17.193
4.151
5.346
20.874
37.803
21.597
32.698
3.156
13.767
26.149
36.669
20.551
0.000
13.584
24.017
0.000
0.000
0.000
0.036
7.636
0.279
0.149
1.996
11.538
6.082
1.471
8.731
0.467
0.000
10.974
22.345
18.031
20.920
1.995
0.000
1.519
18.545
42.890
8.204
3.507
11.848
55.211
18.700
1.160
0.014
12.803
0.000
0.000
0.000
0.199
27.282
38.586
42.049
0.158
7.309
7.317
17.128
11.215
26.487
65.784
55.371
23.464
21.039
5.210
0.044
6.118
17.594
40.941
6.269
4.894
16.938
14.716
23.287
13.614
12.115
28.389
32.435
54.971
31.021
53.303
33.162
0.805
17.623
17.472
25.712
2.278
0.000
0.010
1.423
2.317
0.048
5.864
17.815
11.259
2.242
7.948
8.260
36.076
18.828
48.484
53.373
12.669
4.645
1.796
4.547
9.460
11.223
21.851
21.451
18.936
4.891
4.645
5.988
10.150
0.316
0.031
0.000
0.668
4.178
0.000
2.523
10.681
20.910
6.142
14.032
3.897
5.425
1.916
19.892
14.536
0.000
0.000
0.000
0.000
0.000
7.306
0.354
0.000
0.000
0.039
2.880
7.852
3.306
0.024
0.797
0.051
0.185
0.000
0.003
0.000
0.000
0.000
0.718
7.639
0.295
17.619
2.671
0.000
1.353
5.236
2.935
1.497
1.250
0.779
1.717
0.007
0.000
0.000
0.000
0.000
0.000
0.000
0.000
0.000
0.000
2.259
0.000
0.034
0.014
0.000
0.000
0.000
0.003
0.299
0.000
0.000
0.000
0.000
0.000
2.005
0.469
0.831
0.000
0.000
0.000
0.000
0.000
0.000
0.469
0.076
0.000
0.000
0.000
0.000
0.000
0.000
0.000
0.000
0.000
0.000
0.000
0.000
0.000
0.000
0.000
0.000
2.946
4.868
0.970
0.000
0.000
0.000
0.000
0.000
0.000
0.000
0.244
0.451
0.082
0.398
0.007
0.000
0.000
0.000
0.000
0.000
0.000
0.000
0.000
0.000
0.000
0.000
0.000
0.000
0.000
0.000
0.000
0.000
0.189
0.117
0.000
0.000
0.000
0.000
0.000
0.172
0.000
0.000
0.093
0.065
0.000
0.079
2.314
2.832
0.618
1.545
0.076
0.735
0.120
0.000
0.000
0.000
0.000
0.000
0.000
0.000
0.000
8.183
15.587
0.000
0.000
0.000
0.000
0.003
0.000
0.000
0.000
0.000
0.000
0.000
0.000
0.000
0.000
0.000
0.000
0.000
0.000
0.000
0.853
5.428
0.014
0.000
0.000
0.233
4.568
5.902
11.642
5.510
1.020
0.120
0.000
0.000
0.134
0.034
0.000
0.000
0.110
0.103
0.003
4.134
0.158
2.781
5.208
16.328
32.410
9.220
2.184
0.179
18.694
14.013
0.419
1.281
34.329
5.321
0.101
5.073
6.545
0.010
0.000
3.418
2.074
0.051
0.978
17.794
1.092
0.366
3.519
15.468
34.641
0.027
25.912
7.126
36.346
0.240
9.177
11.506
20.093
2.868
16.646
0.120
0.000
0.743
48.757
0.865
24.156
12.717
0.110
11.683
17.406
9.517
6.516
37.340
27.198
8.583
10.866
6.348
0.062
0.106
1.428
17.166
43.458
0.295
18.066
8.343
79.023
2.757
23.655
4.037
12.564
20.965
26.367
0.354
0.034
6.379
26.159
66.855
16.399
18.610
32.195
39.958
46.151
32.353
16.970
74.829
17.714
20.127
1.208
10.756
18.052
42.230
0.278
0.834
0.185
0.000
9.876
2.245
66.157
37.146
13.379
1.221
0.292
2.544
2.850
0.000
0.137
9.469
12.720
16.280
21.571
35.105
2.019
16.215
25.334
4.020
27.291
36.857
2.496
3.049
3.186
0.058
5.634
11.124
2.022
22.467
14.444
1.401
0.412
1.380
0.343
18.739
24.846
13.990
1.003
0.000
24.134
18.541
10.489
0.115
19.096
23.267
32.253
34.583
7.802
2.338
5.257
6.683
11.702
11.436
0.403
0.369
0.184
14.837
9.306
0.211
0.055
13.736
29.352
17.032
1.955
0.017
0.000
0.000
17.036
33.122
0.000
7.114
21.011
6.789
1.439
0.185
0.014
0.000
0.000
0.625
0.426
12.584
8.106
6.362
5.843
0.003
0.446
2.771
0.000
0.000
0.000
0.000
0.000
0.000
0.000
0.000
0.000
0.000
0.357
0.790
3.474
0.690
4.302
5.730
0.625
0.038
0.000
0.000
0.017
0.165
0.251
16.600
7.859
0.000
0.000
0.000
0.000
0.000
3.934
34.027
5.205
0.000
0.000
0.000
0.093
0.000
0.000
0.000
0.000
0.021
0.069
0.649
0.137
0.034
0.000
0.591
5.277
0.144
0.000
0.000
0.000
0.000
0.000
0.000
0.000
0.000
0.000
0.000
1.023
0.000
0.000
0.000
0.742
0.124
0.000
0.000
0.000
0.000
0.000
0.000
0.000
0.000
0.000
0.021
0.058
0.003
0.000
0.000
0.000
0.000
0.007
0.017
1.035
0.374
0.000
0.000
0.000
0.000
0.000
0.000
0.007
3.282
0.187
0.000
0.000
0.000
0.000
0.000
0.000
0.000
0.000
0.000
0.000
0.000
0.000
0.000
0.000
0.000
0.000
0.000
0.054
0.000
0.000
0.000
0.000
0.000
0.000
0.000
0.000
0.007
0.000
2.680
1.475
0.000
0.000
0.000
0.359
4.860
0.000
0.000
0.000
0.000
1.267
0.704
0.694
0.192
0.000
0.024
0.230
0.007
0.000
0.000
20.368
7.908
0.000
0.000
0.000
0.000
0.000
0.117
1.044
0.000
0.000
0.000
0.000
0.000
0.000
0.089
0.076
3.457
7.594
0.000
0.000
0.000
0.048
0.285
5.644
6.430
3.136
0.494
0.048
0.000
0.000
0.000
0.000
0.000
0.841
1.360
0.000
0.000
0.000
0.000
0.117
30.350
8.775
24.048
1.542
0.027
0.491
18.807
15.841
20.465
19.865
5.934
2.465
11.807
9.510
4.580
17.080
8.738
0.556
18.550
20.040
33.069
20.057
3.334
8.573
5.637
16.280
22.000
10.684
14.227
23.233
0.223
8.367
0.354
4.733
4.712
2.630
0.106
0.457
13.772
19.540
19.437
28.823
17.300
16.231
31.393
10.453
15.502
27.476
12.581
9.096
0.192
0.010
0.182
2.422
14.722
1.409
0.569
13.275
14.493
4.897
18.703
8.475
2.275
26.523
23.278
1.566
7.266
0.010
2.208
13.212
34.051
14.743
15.983
12.578
0.124
11.383
21.181
52.128
28.651
15.245
30.884
10.870
1.133
20.806
28.679
28.177
28.895
0.946
6.300
6.963
15.259
13.632
23.898
9.397
11.864
6.046
3.576
1.015
16.874
21.023
24.791
12.803
5.438
12.363
4.863
16.105
3.268
11.484
7.642
13.743
4.659
0.498
3.114
9.338
1.430
17.456
17.060
14.941
22.510
9.076
0.000
0.000
0.000
1.408
4.704
0.659
0.062
3.728
18.112
22.773
1.260
0.659
8.199
8.918
10.535
10.197
11.621
18.576
24.728
27.424
21.709
24.488
18.223
0.578
15.032
17.388
9.489
0.000
0.003
3.377
5.955
0.045
11.496
6.635
0.645
0.000
0.010
6.127
15.326
9.733
0.100
0.065
4.109
5.521
0.694
0.745
1.277
5.016
6.259
0.941
0.000
0.000
0.065
18.272
8.768
0.000
0.000
0.000
0.000
0.000
0.216
0.460
1.463
1.198
0.110
0.460
0.014
3.787
3.605
3.406
0.900
0.168
0.728
0.014
0.000
0.000
0.000
0.000
0.000
2.211
1.037
0.007
0.000
0.000
0.000
0.000
0.000
0.000
0.000
3.567
9.566
0.343
0.000
0.000
0.007
0.203
0.000
0.000
0.000
0.247
2.865
1.914
0.000
0.000
0.000
0.000
0.003
0.110
0.000
0.000
0.000
0.000
0.000
0.000
0.000
0.000
0.000
0.014
0.000
0.960
0.235
0.000
0.154
1.332
0.608
0.031
0.000
0.000
0.000
0.045
0.000
0.000
0.000
0.179
0.680
0.000
0.000
0.000
0.031
0.000
0.000
0.000
0.000
0.000
0.024
2.074
2.269
1.840
0.000
0.076
2.225
0.048
0.000
0.000
0.000
0.000
0.000
0.000
0.000
1.414
0.113
0.000
0.000
0.230
0.388
0.000
0.000
0.000
0.000
0.000
0.000
1.274
1.210
0.000
0.000
0.000
0.000
0.000
0.000
0.000
0.912
4.532
19.014
9.246
4.540
0.105
0.000
0.000
0.000
0.000
0.000
0.062
1.409
0.515
0.381
9.598
8.382
0.154
0.000
0.000
1.091
3.014
3.559
2.769
6.777
6.570
0.568
7.982
13.838
7.919
0.328
0.000
0.003
0.093
0.000
0.000
0.010
2.477
0.048
0.017
0.027
0.000
0.000
0.000
0.216
20.522
13.866
12.140
0.915
3.020
9.733
0.920
0.000
0.003
0.000
0.608
1.423
7.624
4.889
12.733
2.420
1.296
0.240
0.000
0.010
5.036
2.255
0.154
8.447
35.154
8.866
22.828
0.000
1.003
0.000
0.694
0.000
0.000
0.017
0.000
0.034
0.000
0.000
0.137
1.363
2.913
2.781
13.517
2.752
2.834
27.428
36.530
0.082
0.014
2.690
22.244
31.021
28.202
9.970
5.402
3.627
6.942
3.892
17.980
9.582
16.624
0.100
36.777
13.065
9.853
13.541
16.898
13.204
6.643
23.768
31.527
5.897
5.981
4.942
8.942
20.823
3.002
4.906
20.040
0.639
15.759
24.544
10.207
7.553
54.218
32.375
23.693
33.986
17.005
2.946
35.465
22.333
26.367
5.730
16.706
30.709
28.922
39.985
33.452
18.114
77.231
0.000
0.000
0.000
0.572
0.034
0.465
1.590
8.044
13.173
0.529
12.150
28.063
5.836
16.074
3.387
2.544
8.061
19.985
19.082
27.613
5.215
0.151
21.559
69.821
16.066
6.829
11.745
12.123
12.839
8.598
29.244
0.000
0.000
0.000
9.867
10.655
0.630
0.000
0.294
1.498
9.785
21.952
22.004
0.252
0.051
0.014
0.000
1.727
5.476
10.475
10.119
1.804
5.655
2.389
5.795
4.764
4.324
2.411
0.742
16.448
8.504
2.123
10.688
22.551
3.306
24.867
29.488
8.291
22.792
16.742
1.330
7.471
2.417
7.939
11.096
10.494
18.478
0.000
1.181
23.234
16.835
14.513
0.000
5.531
6.132
3.801
0.857
0.613
0.031
0.034
0.000
0.000
0.000
0.000
0.000
0.000
0.529
0.094
0.000
0.000
11.038
3.694
1.980
0.657
0.000
0.000
0.000
1.257
0.508
0.578
15.844
16.061
5.205
10.396
0.000
0.010
0.000
0.000
0.000
0.003
0.000
0.007
0.697
0.405
2.578
0.000
0.000
0.000
0.000
0.000
0.000
0.000
0.000
2.802
3.059
3.148
0.051
0.000
0.000
0.000
0.000
0.000
0.000
0.000
0.000
0.000
0.000
0.000
0.000
0.000
0.000
0.000
0.000
0.000
0.000
0.000
0.000
0.057
0.014
0.000
0.000
0.000
0.000
0.000
0.000
0.000
0.000
0.000
0.000
0.000
0.000
0.000
0.000
0.000
0.000
0.148
0.189
2.069
1.817
0.000
0.000
0.000
0.316
0.196
0.802
0.007
0.000
0.000
0.000
0.000
0.000
0.000
0.000
0.000
0.000
0.539
3.205
0.000
0.000
0.000
0.051
2.638
0.082
0.000
0.000
0.000
0.000
0.000
0.000
0.000
0.000
0.050
0.000
0.000
0.000
0.338
4.970
0.000
0.000
0.000
0.000
0.000
0.000
0.003
0.118
0.122
0.000
0.000
0.000
0.000
0.000
0.000
0.000
0.000
0.014
0.000
0.055
0.093
0.000
0.000
0.000
0.000
0.000
0.000
0.000
0.000
0.000
1.236
0.000
0.000
0.000
0.000
0.093
0.000
0.385
1.105
0.041
0.007
0.288
0.958
0.117
0.000
0.000
0.000
0.467
2.990
1.095
0.560
0.076
0.007
0.000
0.000
0.529
0.000
0.000
1.057
18.309
3.708
1.394
0.000
0.000
0.336
0.433
4.216
5.473
4.606
4.233
4.453
5.215
6.214
0.347
0.000
1.926
31.630
9.452
8.391
0.172
0.000
0.000
0.000
1.425
0.038
0.000
0.000
24.795
40.897
24.053
12.869
20.627
5.057
3.577
7.412
2.450
0.000
0.501
9.984
16.586
24.948
17.461
25.402
37.632
20.187
0.645
0.137
10.008
4.432
0.000
0.113
0.000
0.050
0.086
0.136
0.961
2.285
34.533
19.161
0.000
18.646
40.869
30.326
11.381
3.157
0.494
10.744
12.526
12.454
0.100
14.071
0.912
52.216
15.841
14.138
18.191
16.568
16.399
3.507
6.988
10.083
23.782
0.463
3.011
5.512
3.653
11.294
14.516
0.168
0.000
0.000
0.179
0.556
0.522
1.627
0.113
4.927
2.699
0.347
0.360
4.604
2.793
5.045
1.425
7.914
0.024
0.000
0.000
0.014
0.206
20.122
13.376
13.693
13.017
12.545
36.262
0.829
0.000
3.133
3.234
7.484
3.286
5.449
7.138
0.721
0.172
0.182
5.737
0.079
0.031
6.829
22.800
2.777
13.410
15.429
29.864
28.472
5.476
2.204
2.441
0.072
0.017
1.332
5.799
1.765
0.000
0.007
0.120
0.000
0.000
4.889
4.875
7.007
14.636
6.726
0.082
0.000
0.000
13.170
4.549
0.031
0.000
2.393
5.912
0.000
0.000
1.463
7.230
0.838
1.825
0.000
0.000
0.115
3.835
9.093
1.363
0.000
0.007
2.084
2.815
0.625
0.966
0.443
2.808
0.000
6.345
1.133
3.868
0.000
0.000
0.000
0.014
0.618
0.330
0.000
0.000
0.000
0.000
0.000
0.000
0.000
0.000
0.180
0.290
0.014
0.000
0.021
5.643
5.979
0.525
1.260
0.000
0.000
0.000
0.000
0.000
0.000
0.000
0.000
0.000
1.382
0.000
0.000
0.000
0.000
1.699
3.129
2.079
0.294
0.000
0.000
0.000
0.000
0.151
0.096
0.000
3.196
3.083
0.000
0.000
0.000
0.000
9.033
1.576
0.010
0.076
0.051
0.000
0.000
0.132
0.007
0.000
0.000
0.000
0.000
0.000
0.000
0.000
0.000
0.000
0.000
0.000
0.000
0.017
0.031
0.000
0.000
0.000
0.000
0.000
0.000
0.000
0.000
0.000
0.000
0.000
0.000
0.000
0.000
0.000
0.000
0.000
0.330
0.000
0.000
0.000
0.000
0.000
0.014
0.034
0.076
0.031
0.000
0.000
0.000
0.000
0.000
0.000
0.101
0.000
0.328
0.000
0.000
0.000
0.000
0.154
0.021
0.003
0.000
0.000
0.000
0.000
0.000
0.474
0.227
0.000
0.000
0.000
0.000
0.000
0.000
0.000
0.000
0.295
0.000
0.000
0.000
0.000
0.000
0.000
0.000
0.000
0.000
0.000
0.000
0.000
0.000
0.113
0.000
0.000
0.000
0.000
0.000
0.000
0.000
0.657
1.794
2.935
0.105
0.007
8.332
28.120
13.743
18.457
10.319
12.714
0.836
18.389
15.312
4.309
8.092
27.413
3.835
0.220
1.555
1.902
0.000
0.010
0.771
0.652
0.000
0.510
8.148
4.925
1.590
0.467
1.813
24.295
21.650
16.632
9.924
7.175
1.428
0.038
0.000
0.000
16.924
29.727
29.234
15.525
2.169
17.369
1.987
0.055
16.258
1.205
0.331
0.000
0.000
4.508
5.501
0.446
2.704
0.694
0.059
0.000
0.807
0.934
0.151
4.480
1.627
0.177
0.000
0.027
1.157
0.134
0.034
0.000
0.000
0.381
0.000
2.190
5.624
0.010
13.700
5.564
11.488
35.374
7.376
41.981
17.849
10.998
12.040
0.062
2.163
0.024
0.000
2.065
2.173
0.000
0.000
0.216
0.227
0.000
0.000
1.105
3.444
4.819
10.707
26.801
18.596
4.777
2.638
6.062
1.875
8.854
2.446
1.696
3.117
3.763
16.849
12.584
8.917
21.658
3.444
18.129
0.046
15.165
1.068
3.699
0.213
13.407
1.989
0.615
4.345
6.381
12.186
0.082
0.161
6.008
0.206
0.113
1.027
0.034
11.543
14.763
28.425
3.145
0.017
7.376
17.141
6.087
19.257
2.044
0.000
1.540
12.191
26.470
5.440
7.996
1.926
14.111
30.046
16.025
3.727
1.228
3.545
27.164
6.530
23.083
27.258
12.906
0.288
0.051
0.034
7.543
1.658
0.707
21.097
30.503
17.910
9.685
13.278
17.612
2.190
3.936
4.074
0.000
0.791
0.637
0.367
0.003
6.444
1.045
0.441
0.000
0.000
0.000
0.034
1.868
0.079
0.000
2.146
7.579
0.371
0.000
0.000
0.062
0.048
0.000
0.000
0.141
7.993
7.189
1.105
0.000
0.000
0.000
0.000
0.000
0.000
0.000
0.000
0.000
0.000
5.390
0.017
0.000
4.776
6.588
7.989
0.000
0.000
0.000
0.000
0.000
0.072
0.048
0.062
0.014
0.000
1.353
0.609
2.578
1.246
0.000
0.000
0.000
0.000
0.336
0.000
0.000
0.000
0.000
0.000
0.000
0.000
0.010
0.000
0.000
0.000
0.007
0.010
0.000
0.000
0.000
0.000
0.000
0.045
0.100
0.000
0.000
0.000
0.000
0.000
0.000
0.000
0.000
0.000
0.000
0.000
0.000
0.000
0.000
0.000
0.000
0.000
0.000
0.000
0.000
0.000
0.000
0.000
0.000
0.000
0.000
0.000
0.000
0.055
0.014
0.027
0.000
0.000
0.000
0.000
0.000
0.000
0.000
0.000
0.000
0.000
0.000
0.000
0.000
0.000
0.000
0.000
0.000
0.000
0.093
0.093
0.000
0.000
0.000
0.000
0.000
0.000
0.282
0.000
0.000
0.000
0.000
0.000
0.000
0.000
0.000
0.000
0.000
0.000
0.000
0.000
0.000
0.000
0.000
0.000
0.000
0.000
0.000
0.000
0.000
0.000
0.000
0.000
0.000
0.000
0.007
0.000
0.000
0.096
0.051
0.000
0.000
0.000
0.000
0.000
0.000
0.000
0.000
0.000
0.000
0.000
0.089
0.007
0.134
2.348
1.545
0.031
0.000
0.000
0.000
0.000
0.007
0.000
0.000
0.017
0.055
0.120
0.000
0.000
0.007
9.061
0.000
0.000
0.000
0.010
0.014
0.034
0.113
0.000
0.000
0.027
1.761
15.738
7.651
1.057
1.263
0.185
0.000
0.000
0.000
0.000
0.000
0.000
1.444
5.723
2.712
36.284
33.911
0.449
0.585
0.786
0.000
0.007
0.241
0.493
4.298
3.701
0.029
0.029
16.737
2.361
1.703
14.531
19.568
14.325
10.123
0.057
0.007
0.069
0.391
0.115
21.176
31.926
22.997
13.174
37.412
1.057
0.113
0.749
8.323
5.591
0.024
0.034
0.483
1.087
0.927
0.000
0.000
0.000
0.000
0.000
0.000
0.000
0.652
1.358
0.055
0.000
1.293
0.017
0.000
0.000
3.548
7.136
14.729
0.000
1.857
11.913
1.057
0.172
2.139
0.000
0.089
25.342
12.775
3.426
4.879
0.191
0.014
0.896
1.847
0.450
0.117
3.864
0.381
9.283
8.731
24.848
0.591
9.469
20.678
12.524
21.207
22.767
0.496
24.467
24.074
0.723
0.017
16.637
19.221
23.461
5.835
0.270
0.041
0.000
0.000
0.017
0.017
0.029
0.280
50.079
8.707
0.986
45.095
3.064
7.678
8.813
13.724
28.903
7.740
0.220
0.828
0.750
0.500
3.365
0.041
0.000
0.645
2.305
0.615
0.000
1.083
12.234
17.278
6.554
7.072
1.921
0.000
0.000
0.000
1.729
4.468
4.508
0.017
0.000
3.030
0.397
0.045
0.000
0.000
10.794
0.903
0.000
0.326
1.761
0.027
0.000
0.000
0.000
0.184
0.062
0.000
0.482
0.285
0.000
0.000
0.197
0.000
0.000
0.000
0.000
0.000
0.000
0.115
6.062
4.649
3.231
0.220
0.000
0.031
0.663
1.166
3.881
21.540
3.531
0.139
0.007
0.000
0.711
0.048
0.000
0.024
0.000
0.000
0.334
0.072
0.000
0.000
0.114
3.413
0.731
0.076
0.223
0.510
0.000
0.000
0.000
0.000
0.000
2.039
10.655
0.470
0.000
0.000
0.000
0.000
0.000
0.000
0.000
0.000
0.000
0.000
0.000
0.000
0.000
0.000
0.000
0.003
0.079
0.853
0.197
0.000
0.000
0.000
0.000
0.000
0.000
1.047
1.392
0.573
0.000
0.000
0.000
0.000
0.000
0.000
0.000
0.000
0.000
0.127
0.014
0.000
0.000
0.000
0.000
0.000
0.000
0.000
0.000
0.000
0.000
0.000
0.000
0.000
0.000
0.000
0.000
0.000
0.000
0.000
0.000
0.000
0.000
0.000
0.000
0.000
0.000
0.000
0.000
0.000
0.000
0.000
0.000
0.000
0.000
0.000
0.000
0.000
0.000
0.000
0.000
0.000
0.000
0.000
0.000
0.000
0.000
0.000
0.000
0.014
0.000
0.041
4.707
1.409
0.000
0.000
0.000
0.000
0.000
0.000
0.000
0.000
0.000
0.000
0.000
0.000
0.000
0.000
0.000
0.000
0.000
0.000
0.000
0.000
0.060
3.716
8.114
5.079
0.166
0.003
0.007
0.086
0.028
1.300
0.000
0.000
0.000
0.000
0.000
0.000
0.000
0.000
0.549
0.597
0.161
0.000
0.034
0.000
0.000
0.000
0.000
0.000
23.149
20.476
2.366
0.281
0.086
0.010
0.000
0.000
0.000
0.506
5.867
7.445
0.000
0.467
8.813
1.919
1.512
0.165
0.003
0.553
0.038
1.838
0.069
0.010
1.370
6.714
16.445
26.779
5.555
0.354
0.360
2.194
5.668
0.000
10.380
0.000
0.000
0.007
0.000
0.000
0.000
0.958
0.755
0.000
1.881
0.512
5.229
14.826
0.578
0.388
0.000
0.243
2.481
0.086
4.082
0.017
0.000
0.248
8.999
14.197
0.948
9.465
0.086
6.882
0.007
0.096
0.038
11.555
16.013
0.102
0.414
0.031
0.007
0.027
0.673
0.000
0.000
0.000
0.000
0.000
0.000
0.400
1.507
0.000
0.000
0.000
0.000
0.000
0.000
0.000
0.000
0.050
2.331
2.044
0.000
0.048
0.086
0.007
0.000
0.069
1.336
3.881
12.322
13.973
0.457
4.794
0.283
0.721
0.515
3.426
0.879
0.460
2.860
0.082
2.980
3.632
1.614
0.158
4.290
6.698
17.746
29.958
27.510
24.513
0.007
0.000
0.082
0.062
0.000
6.077
13.664
6.707
0.553
0.021
0.027
0.242
0.403
0.000
0.000
1.026
9.592
3.809
1.382
1.262
9.927
25.396
7.215
4.689
12.729
10.181
1.955
0.000
12.227
10.250
1.093
8.602
0.055
0.003
3.093
7.333
0.233
0.000
0.000
0.000
0.000
0.000
0.000
0.000
0.000
0.000
0.000
0.000
0.300
0.000
0.000
0.000
0.000
0.233
1.566
0.312
0.000
0.000
0.000
0.000
0.000
0.000
0.000
0.000
0.000
0.000
0.000
0.000
0.000
0.000
0.000
0.000
0.000
0.000
0.000
0.000
0.000
0.000
0.000
0.000
1.881
16.258
19.602
1.706
0.000
0.000
0.000
0.000
0.000
0.000
0.439
0.122
0.000
0.000
0.000
0.021
0.014
0.000
0.000
0.000
0.000
0.000
0.000
0.000
0.027
0.014
0.003
0.000
0.000
0.000
0.000
0.000
0.000
0.000
0.000
0.000
0.000
0.000
0.000
0.000
0.000
0.000
0.000
0.000
0.000
0.000
0.000
0.000
0.000
0.000
0.000
0.000
0.000
0.000
0.000
0.000
0.000
0.000
0.000
0.000
0.323
0.597
0.007
0.000
0.000
0.000
0.000
0.000
0.000
0.000
0.000
0.000
0.000
0.000
0.000
0.000
0.000
0.000
0.000
0.000
0.000
0.079
0.027
0.000
1.080
1.442
0.007
0.000
0.000
0.000
0.000
0.000
0.000
0.000
0.000
0.000
0.000
0.000
0.000
0.000
0.000
0.386
0.014
0.000
0.000
0.000
0.000
0.000
0.000
0.010
0.601
0.577
0.427
0.000
0.000
0.000
0.000
0.000
0.000
0.000
0.000
0.000
0.000
0.000
0.000
0.000
0.000
0.000
0.000
0.000
0.034
3.210
4.717
0.000
0.000
0.000
0.000
1.277
0.388
0.000
0.000
11.769
11.843
0.064
0.000
0.000
0.003
0.000
0.000
0.000
0.000
0.000
0.000
0.000
0.000
0.007
0.625
0.223
0.017
0.007
0.000
0.197
0.000
0.000
8.258
5.754
0.000
0.082
0.501
0.065
0.158
1.183
0.539
1.547
0.000
0.000
1.275
0.003
1.009
1.665
0.536
0.199
0.201
0.000
3.111
3.196
1.842
0.000
0.000
2.937
3.340
0.003
0.000
3.437
7.878
0.082
12.906
26.693
6.411
8.739
17.868
4.346
3.224
12.780
0.194
0.144
5.025
12.705
24.843
11.510
17.290
11.738
5.818
12.871
16.548
19.803
2.764
0.000
0.000
1.368
0.702
0.180
2.474
19.156
32.463
16.722
0.101
0.014
0.000
0.148
0.000
1.634
4.465
42.254
35.385
22.925
3.080
0.549
6.741
4.182
35.476
18.495
4.137
0.578
3.897
10.054
25.793
0.936
31.445
0.167
6.909
24.348
17.207
0.000
4.564
3.603
2.415
0.000
1.626
0.992
0.058
5.682
12.215
0.687
0.014
0.000
0.000
0.046
8.350
2.874
0.051
1.775
10.864
8.434
36.610
25.178
2.836
0.517
0.014
0.883
0.225
0.017
0.810
1.780
2.190
5.471
2.652
2.168
0.288
1.092
3.655
0.714
6.279
0.373
0.338
0.000
0.000
0.000
0.000
0.007
3.861
2.947
0.122
22.194
1.009
0.003
0.000
1.579
3.136
4.523
3.656
0.278
0.000
1.437
4.456
0.874
1.645
9.851
14.430
0.017
0.093
0.875
0.676
0.185
0.130
0.330
0.021
0.000
0.182
13.857
9.428
1.229
0.000
0.000
0.000
2.355
6.561
0.869
0.604
7.127
23.123
0.395
0.000
0.000
0.000
0.340
3.893
7.351
2.637
2.475
0.501
1.493
0.402
0.000
0.000
0.051
1.758
5.428
9.445
0.889
0.007
0.000
0.000
0.051
0.010
5.119
4.604
1.085
5.380
6.197
0.000
0.000
0.000
0.000
0.000
0.000
0.000
0.000
0.158
1.439
0.340
0.000
0.343
1.645
0.017
0.000
0.000
0.000
0.000
0.000
0.000
0.161
1.130
0.354
0.014
1.199
2.269
0.189
0.010
0.000
0.000
0.000
0.000
0.000
0.000
0.115
0.295
0.000
0.034
0.104
0.000
0.000
0.000
0.000
0.000
0.000
0.000
0.000
0.000
0.000
0.000
0.014
0.817
2.002
0.017
0.000
0.000
0.000
0.000
0.000
0.415
0.374
0.000
0.000
0.000
0.000
0.257
0.237
0.017
4.391
0.000
0.000
0.000
0.000
0.211
0.093
1.105
0.000
0.000
0.000
0.017
0.124
0.800
1.073
0.247
2.031
3.318
4.072
0.000
0.460
0.851
0.000
0.000
2.029
1.602
0.000
5.667
0.130
0.000
0.000
0.627
10.937
0.233
0.000
0.000
0.000
0.000
0.000
0.000
0.508
0.364
3.354
0.549
1.964
2.759
5.461
5.131
0.000
0.000
0.003
3.522
0.357
0.034
0.000
4.388
9.144
0.297
0.014
0.000
0.000
0.003
1.210
1.794
0.288
0.000
0.000
0.000
0.000
0.043
0.100
0.014
0.000
0.058
0.010
0.000
0.000
0.000
0.000
0.000
6.127
25.183
28.781
14.909
0.453
0.285
0.494
0.747
12.064
5.050
0.000
26.093
4.789
0.702
6.363
1.126
0.496
5.219
22.546
37.827
32.705
38.753
19.401
15.322
10.341
11.234
9.314
5.043
7.526
17.475
8.511
28.461
0.825
14.559
18.953
9.780
12.649
0.007
0.000
0.034
2.075
0.960
20.984
21.685
7.718
0.285
1.471
13.560
1.734
0.709
20.299
13.053
0.017
1.882
5.431
0.000
8.072
7.739
6.153
0.000
0.000
0.000
1.883
2.966
3.972
0.244
0.000
0.000
0.014
23.809
13.122
4.812
0.000
0.000
0.038
0.359
1.037
0.784
15.005
9.491
72.127
0.532
1.823
25.190
7.625
27.236
18.780
0.014
44.896
76.190
13.225
1.686
17.681
20.483
1.909
0.062
1.051
8.992
10.902
1.044
1.174
7.258
6.314
13.122
22.783
0.910
21.410
26.810
7.958
0.556
2.668
2.788
0.333
7.773
32.983
91.496
61.836
29.509
71.689
0.027
0.031
0.769
0.793
9.795
39.489
0.000
1.188
1.281
0.900
1.569
0.000
10.166
32.386
43.087
37.958
2.753
0.000
8.197
2.719
0.014
33.677
50.941
13.465
17.626
0.000
0.000
23.877
63.589
9.321
1.294
9.050
1.411
7.587
9.071
17.223
27.950
16.596
2.654
5.288
1.818
0.367
0.865
0.889
0.936
44.910
7.256
5.723
12.803
5.848
1.219
1.286
4.013
2.585
2.884
2.353
1.366
6.578
4.305
3.986
2.959
2.953
3.426
2.503
1.463
0.000
3.880
4.091
0.000
0.082
0.007
0.014
0.017
0.000
2.850
4.254
5.256
1.260
0.058
0.704
4.070
0.209
0.112
0.225
3.277
17.719
0.000
0.000
0.000
1.444
28.679
0.000
3.310
10.605
2.769
0.014
1.039
2.417
6.555
3.047
2.202
0.072
0.041
0.100
0.276
2.848
0.213
0.584
0.055
0.024
0.051
0.129
0.000
0.791
0.168
1.079
0.649
0.381
0.671
0.038
1.353
2.808
0.000
0.000
0.000
0.000
0.000
0.000
0.731
0.031
0.096
0.000
0.000
0.000
0.000
0.027
0.000
0.007
0.000
0.076
2.304
0.637
0.000
0.000
0.903
8.362
0.731
0.000
0.000
0.000
0.000
0.000
0.000
0.000
2.187
1.298
0.264
0.179
0.010
0.007
0.000
0.000
0.000
0.165
0.256
0.000
0.000
0.000
0.645
0.536
0.000
0.299
0.549
0.000
0.000
0.000
0.000
0.000
0.000
5.970
5.019
0.000
0.000
0.000
0.000
0.532
0.845
0.096
0.000
0.000
0.000
0.000
0.000
0.000
0.676
5.479
0.601
0.124
0.000
0.000
0.000
0.000
0.000
0.000
0.000
0.000
0.000
0.534
1.035
0.000
0.000
0.000
0.000
0.025
0.106
0.000
0.000
0.000
0.000
0.000
0.000
0.000
0.000
5.332
11.448
41.102
15.857
1.612
8.209
8.258
11.103
3.009
0.215
14.730
0.038
7.846
4.686
0.734
0.027
0.000
0.199
0.390
0.096
0.367
1.612
5.106
0.129
6.085
0.465
6.509
7.284
2.057
0.288
0.000
8.374
12.687
4.619
21.342
2.361
0.695
4.899
14.064
15.429
4.873
3.741
1.884
1.650
2.803
3.724
22.431
0.000
0.000
12.900
7.024
1.511
0.092
1.348
15.553
8.605
5.555
32.833
53.087
30.796
23.953
25.905
23.892
15.611
14.378
1.310
44.925
30.848
15.415
17.671
33.459
32.229
24.238
7.608
2.736
0.584
0.014
1.926
0.834
0.024
0.848
0.518
9.798
10.221
1.150
10.331
20.380
1.583
9.908
14.808
14.783
1.263
9.428
3.862
12.888
4.994
77.127
42.519
17.156
2.757
59.467
39.618
7.896
0.209
0.158
0.299
3.831
20.665
10.533
30.145
29.763
28.939
33.721
26.117
36.490
40.488
44.211
51.313
19.650
60.171
53.297
0.216
8.415
4.322
26.929
73.093
1.866
14.258
3.972
0.501
0.348
18.589
25.265
13.781
1.130
1.641
38.181
18.896
10.949
18.543
24.239
23.696
18.055
8.545
12.490
9.920
4.405
19.738
3.045
0.357
0.450
0.079
3.038
14.315
24.853
2.328
13.523
26.003
29.745
12.803
15.141
20.792
8.253
0.144
0.848
3.981
10.646
3.859
3.011
3.692
18.412
30.473
7.522
14.402
12.748
26.106
31.702
23.085
17.420
20.033
20.304
7.151
1.475
5.661
31.393
7.694
0.326
1.617
2.460
6.068
12.075
0.621
0.000
0.106
5.977
11.115
1.984
4.721
4.370
3.323
5.371
5.342
1.768
0.391
17.060
4.692
1.356
1.849
4.316
4.080
7.714
12.379
0.451
0.472
0.357
2.712
1.222
0.027
0.000
0.000
2.356
4.853
6.312
0.014
3.756
5.243
10.095
0.963
1.281
0.333
0.000
0.000
0.000
0.055
1.105
0.113
0.651
0.657
0.306
3.641
0.027
0.000
1.088
0.141
0.000
0.000
0.000
0.182
0.003
0.000
0.512
0.034
0.000
0.000
1.991
1.174
0.450
0.144
0.000
0.000
0.000
1.184
0.137
0.000
0.000
0.319
0.137
0.000
0.000
0.000
1.583
3.299
1.387
0.051
0.017
0.000
0.000
0.000
0.000
0.000
0.000
0.000
0.000
0.000
0.000
0.000
0.000
0.000
0.000
0.000
0.000
0.000
0.000
0.273
0.910
17.504
4.207
0.003
0.000
0.000
0.000
0.000
0.000
0.000
0.000
0.000
0.802
4.883
0.000
0.000
0.000
0.000
0.000
0.017
0.492
0.000
0.000
0.000
0.137
0.630
0.203
0.000
0.000
0.000
0.000
1.728
1.117
0.055
0.000
0.000
0.000
0.000
0.000
0.000
0.000
0.000
0.000
0.000
0.000
0.000
0.000
0.031
0.045
0.000
0.000
0.000
0.000
0.000
0.000
0.000
0.000
0.010
0.045
0.000
0.000
0.003
0.000
0.000
0.000
0.000
0.108
0.336
0.000
0.000
0.000
0.000
0.000
0.000
0.000
0.000
0.000
0.000
0.000
0.000
0.000
0.000
0.000
0.000
0.000
0.000
0.000
0.000
0.000
0.000
0.000
0.000
0.000
0.000
0.000
0.000
0.007
2.947
2.534
9.920
0.192
0.767
0.017
1.396
0.000
4.152
7.785
3.005
2.188
1.721
0.258
4.734
2.851
0.470
1.198
8.708
3.585
0.592
5.747
4.880
5.236
10.533
13.846
9.440
4.144
0.560
3.316
3.027
2.347
0.136
0.924
0.680
0.000
1.466
5.270
0.000
4.975
3.383
9.871
0.010
0.000
2.233
8.993
12.765
4.274
7.155
1.957
31.845
18.472
0.369
0.010
13.817
0.728
10.430
16.449
9.538
21.259
26.542
20.974
18.847
0.295
0.000
0.000
1.809
3.821
0.924
0.055
0.536
0.000
0.027
0.522
0.182
2.616
5.543
0.817
1.655
0.604
0.055
0.000
20.199
8.876
11.718
19.221
26.135
29.186
5.761
0.055
0.000
4.336
1.829
0.202
3.291
27.965
36.639
30.017
0.724
20.502
39.595
18.953
13.565
0.000
0.017
0.249
3.516
0.451
1.449
3.926
23.042
7.920
29.883
1.976
8.156
1.233
14.161
2.217
0.000
2.057
0.000
1.188
0.010
5.897
6.471
3.481
13.319
0.129
0.000
0.000
0.000
0.000
11.903
27.253
17.515
18.146
23.317
0.000
1.028
0.112
1.205
17.851
41.436
26.595
0.992
14.028
0.094
19.537
9.991
0.167
13.451
3.389
0.354
2.995
2.839
11.216
50.375
14.433
22.364
13.343
3.064
0.695
0.568
1.016
8.434
1.432
0.609
0.496
0.000
0.000
0.548
6.559
18.481
8.714
3.440
1.542
1.098
0.362
0.089
1.943
14.105
0.017
15.108
2.336
0.613
0.007
0.000
0.000
0.000
0.814
0.000
8.451
4.075
0.000
0.000
0.000
2.252
0.573
0.000
0.000
0.000
0.512
1.039
0.000
0.000
0.000
0.000
0.038
5.067
10.446
2.002
0.975
0.215
0.007
0.041
0.000
0.000
0.000
0.000
0.000
0.000
0.000
0.000
0.000
0.000
0.000
0.000
0.000
0.000
0.110
0.096
0.000
0.915
0.726
0.742
0.240
0.000
0.000
0.276
0.367
0.000
0.000
0.000
0.000
2.014
4.130
3.432
3.188
0.041
0.000
0.062
0.000
0.000
4.300
1.604
0.000
0.000
0.000
0.000
0.000
0.000
0.000
0.000
0.000
0.000
0.000
0.000
0.000
0.000
0.000
0.000
0.000
0.000
0.000
0.000
0.000
0.000
0.000
0.000
0.000
0.000
0.604
0.134
0.000
0.000
0.608
0.065
0.000
0.000
0.000
0.000
0.000
0.000
0.000
0.000
0.000
0.000
0.000
0.000
0.000
0.000
0.000
0.652
1.408
0.000
0.000
0.194
0.185
0.000
0.000
0.000
0.000
0.000
0.000
0.000
0.000
0.000
0.000
0.000
0.000
0.000
1.251
1.023
0.367
0.208
0.606
0.110
0.014
0.000
0.024
0.472
0.000
0.070
0.014
0.000
0.000
0.000
0.000
0.000
0.000
0.000
4.793
3.150
0.216
0.051
2.802
8.216
1.410
0.017
1.315
0.058
0.000
0.000
0.000
0.081
0.560
1.612
0.968
6.394
0.723
0.000
0.086
0.127
0.386
1.163
10.767
37.774
3.687
2.211
14.450
2.158
12.662
8.195
0.077
1.118
0.148
0.000
1.979
9.932
6.198
0.843
0.038
0.379
2.860
5.782
5.701
0.000
0.000
1.916
2.026
1.085
0.213
0.137
0.000
0.014
9.665
6.781
14.220
10.015
0.034
12.377
7.225
0.000
12.600
3.066
0.000
3.979
0.000
0.024
0.096
2.132
33.409
0.676
0.000
3.893
7.758
0.086
0.010
2.723
17.218
13.347
0.110
0.357
11.192
35.180
19.732
19.871
1.468
1.078
1.202
0.748
15.709
6.379
9.050
1.313
0.058
0.051
1.147
10.361
2.364
1.887
16.154
29.579
15.642
1.117
0.000
0.000
7.953
3.594
6.015
1.154
2.426
19.865
0.189
0.000
0.000
2.123
26.444
0.014
0.326
0.853
0.750
0.299
0.573
0.000
0.003
5.843
7.704
12.097
13.824
2.215
0.484
18.392
6.442
10.220
17.276
1.826
0.184
20.711
32.288
1.521
5.079
21.858
4.595
5.481
0.786
1.797
13.984
18.754
27.031
2.264
1.104
4.690
2.913
3.299
11.669
0.014
0.045
5.606
0.956
0.000
0.000
10.269
4.012
0.591
2.031
32.005
52.166
23.827
2.216
0.000
9.605
28.328
58.159
32.152
0.288
0.000
0.000
1.785
22.217
9.155
11.038
0.853
0.051
0.000
0.000
0.000
0.000
12.648
3.711
0.541
0.115
2.022
0.142
0.048
0.000
0.000
0.048
0.100
0.027
0.000
2.276
6.606
2.341
1.483
2.795
2.228
0.882
0.130
0.000
0.000
0.000
0.000
4.168
0.316
0.000
0.000
0.010
0.014
0.628
0.003
0.268
0.021
1.064
0.398
0.000
0.000
0.455
12.135
1.720
0.000
0.000
0.000
0.000
0.000
0.000
0.000
0.000
0.010
0.000
0.134
0.110
0.151
0.827
0.027
0.000
0.000
0.000
0.000
0.000
0.000
0.347
0.639
0.000
0.000
0.000
0.000
0.000
0.000
0.000
0.000
0.000
0.000
0.041
0.838
0.000
0.000
0.000
0.000
0.000
0.000
0.007
0.014
0.000
0.000
0.096
0.426
0.000
0.000
0.000
0.000
0.000
0.000
0.082
0.491
0.000
0.134
0.252
4.005
0.000
0.257
0.000
0.000
0.041
0.000
0.000
0.000
0.000
0.000
0.000
0.000
0.000
0.000
0.000
0.000
0.000
0.000
0.000
0.208
1.336
0.000
0.000
0.000
0.000
0.000
0.010
0.098
0.000
0.000
0.000
0.000
0.000
0.000
0.000
0.065
0.000
0.000
0.000
0.000
0.000
0.000
0.000
0.000
0.000
0.000
0.000
0.000
0.000
0.000
0.000
0.000
0.000
0.000
0.007
0.000
0.000
0.000
0.000
0.000
0.000
0.000
0.000
0.000
0.000
0.000
0.000
0.000
0.003
0.000
0.000
0.079
0.204
0.027
0.000
0.000
0.124
0.000
0.000
0.000
0.000
0.000
0.000
0.000
0.000
0.000
0.000
0.000
0.000
0.000
0.000
0.000
0.254
0.053
0.469
1.634
12.718
4.908
0.905
0.328
0.482
7.385
36.013
104.521
0.000
0.000
0.527
0.017
0.211
0.000
0.000
0.007
0.000
3.153
14.882
16.469
10.471
0.846
0.000
0.000
4.007
8.937
0.457
0.000
0.000
0.000
1.325
2.118
0.000
0.000
0.000
0.000
2.170
14.289
1.936
5.164
0.000
7.495
14.468
5.239
0.268
18.624
33.555
9.297
0.336
10.391
0.333
0.000
3.169
2.170
5.732
3.093
0.285
0.076
3.536
12.634
4.959
3.933
4.075
11.934
29.375
27.112
27.160
0.113
1.068
15.264
4.000
13.290
1.233
0.257
1.078
12.082
0.000
0.000
0.000
3.358
14.595
26.513
19.604
2.008
6.281
1.020
3.224
18.598
10.341
6.212
0.000
0.000
0.669
16.232
20.421
22.941
20.342
32.796
15.824
20.558
15.753
55.951
0.014
0.645
10.952
6.781
7.539
0.000
2.062
0.446
0.398
5.304
5.493
0.010
0.000
0.000
0.000
0.000
11.196
28.025
4.789
26.874
14.234
16.766
27.646
15.686
15.250
12.001
0.000
0.398
0.048
0.000
0.014
1.631
1.243
0.000
0.000
0.000
0.000
0.053
2.407
13.096
42.019
35.191
11.649
8.408
2.398
18.121
11.052
8.470
20.550
12.418
6.700
4.928
3.323
2.736
0.048
7.124
2.839
0.000
21.629
29.546
10.617
0.903
0.000
0.031
1.480
1.744
0.144
9.071
4.831
16.843
16.483
1.363
1.521
1.566
0.395
0.855
1.943
0.477
0.591
0.086
17.218
9.476
3.262
3.759
0.038
0.000
0.000
0.000
2.235
2.451
0.611
0.000
0.000
0.000
0.000
1.085
1.287
0.172
0.103
0.034
0.000
0.014
0.215
0.661
0.327
0.666
0.302
0.038
0.000
0.000
0.000
0.000
0.000
0.000
0.038
0.000
0.273
0.014
0.000
0.143
0.203
0.000
0.000
0.611
0.470
0.000
0.000
0.000
0.000
0.000
0.000
0.000
0.000
0.000
2.747
4.185
0.649
0.000
0.000
0.000
0.000
0.000
0.000
0.000
0.000
0.000
0.000
0.000
0.000
0.003
0.000
0.000
0.000
0.000
0.000
0.000
0.000
0.082
0.196
0.089
0.966
0.179
0.038
1.133
3.315
0.000
0.024
0.148
0.096
0.000
0.003
0.517
0.000
0.000
0.000
0.000
0.000
0.000
0.000
0.000
0.000
0.000
0.000
0.000
0.000
0.000
0.000
0.079
0.000
0.000
0.000
0.000
0.000
0.000
0.000
2.410
0.000
0.000
0.000
0.000
0.000
0.000
0.000
0.000
0.000
0.000
0.000
0.000
0.000
0.000
0.000
0.000
0.000
0.000
0.000
0.000
0.000
0.000
0.000
0.000
0.165
0.137
0.000
0.000
0.000
0.000
0.000
0.000
0.000
0.000
0.000
0.000
0.315
2.597
0.000
0.000
0.000
0.000
0.000
0.000
0.000
0.000
0.000
0.000
0.000
0.000
0.000
0.000
0.000
2.556
2.099
2.048
6.173
0.000
0.000
0.000
2.517
2.942
6.149
8.468
3.069
0.067
0.000
0.161
0.000
0.000
0.000
0.000
0.000
0.000
0.000
0.000
0.000
0.515
0.910
5.217
3.890
0.000
0.192
0.177
4.915
2.331
0.563
0.781
42.651
32.429
0.014
0.000
0.355
0.000
1.028
0.972
0.000
1.792
5.397
0.450
0.139
0.093
0.000
0.000
0.000
0.000
0.000
0.000
0.000
0.000
0.507
1.861
5.811
9.345
8.839
16.447
8.856
9.023
23.938
8.868
0.572
16.349
16.057
7.960
17.357
10.851
9.867
2.238
0.089
0.000
5.210
0.833
16.472
10.825
17.683
16.712
0.038
0.742
10.926
19.551
7.646
25.056
0.000
1.208
5.457
10.054
5.618
12.042
0.014
0.000
5.885
0.118
0.891
0.000
12.908
18.775
10.451
24.326
15.130
2.949
11.407
10.463
3.440
13.954
6.647
0.038
1.770
20.699
12.173
20.246
17.806
19.807
31.074
13.620
1.308
0.000
0.000
0.000
1.025
3.116
5.886
4.383
3.426
11.031
12.473
3.545
4.772
1.119
1.188
0.144
1.966
10.777
9.237
12.504
1.294
0.213
0.069
1.672
19.357
1.729
0.038
0.398
0.611
1.294
1.504
0.000
0.343
0.000
0.000
4.752
21.075
1.866
0.000
0.000
0.000
0.000
4.554
11.646
0.000
0.230
3.459
1.703
1.364
0.197
0.014
6.561
9.330
19.157
4.458
2.758
4.685
14.656
2.494
6.731
6.159
9.448
10.382
20.745
2.482
6.619
21.548
0.982
0.898
0.619
0.965
4.990
0.724
0.000
14.080
16.623
27.556
1.886
0.662
0.000
0.000
9.101
2.074
2.086
5.014
0.031
5.873
0.007
0.000
0.130
0.417
0.299
0.920
0.017
0.000
0.000
0.007
0.457
0.000
0.000
7.498
4.934
0.257
0.038
0.000
0.000
0.000
0.017
0.165
7.723
10.852
1.538
0.000
0.000
1.044
1.785
0.484
0.100
0.415
1.126
1.294
2.002
0.017
0.000
0.000
0.000
0.000
0.024
0.096
0.172
0.000
0.000
0.000
0.000
3.337
0.124
0.000
0.000
0.113
0.913
0.000
0.000
0.000
0.000
0.000
0.000
0.000
0.000
0.000
0.000
0.000
0.000
0.000
0.000
0.000
0.000
0.000
0.000
0.031
0.000
0.000
0.000
0.000
0.000
0.000
0.003
0.000
0.000
0.000
0.000
0.000
0.000
0.000
0.000
0.000
0.000
0.000
0.000
0.000
0.000
0.000
0.000
0.055
0.000
0.000
0.050
0.944
0.000
0.000
0.000
0.000
0.000
0.000
0.000
0.000
0.304
0.000
0.000
0.000
0.000
0.000
0.000
0.000
0.000
0.000
0.000
0.000
0.000
0.000
0.000
0.000
0.000
0.000
0.215
0.606
0.048
0.088
0.000
0.000
0.000
0.000
0.000
0.000
0.000
0.000
0.000
0.000
0.024
0.024
0.000
0.783
9.661
0.014
0.000
0.000
0.000
0.000
0.000
0.000
0.000
0.000
0.000
0.000
0.000
0.000
0.000
0.608
12.914
16.804
6.240
0.021
0.000
5.915
14.043
3.172
7.030
0.010
0.000
0.000
0.000
0.000
0.000
0.007
0.000
0.000
0.000
0.000
0.000
0.000
0.120
0.007
0.000
0.000
2.796
12.236
0.000
0.000
0.000
0.000
1.851
4.373
0.280
0.000
0.034
0.014
4.642
9.907
0.000
0.000
0.000
1.579
31.322
0.712
0.301
0.096
3.275
13.946
8.175
2.466
20.187
8.897
19.037
7.490
1.627
2.225
0.323
1.533
10.540
14.421
0.872
8.381
27.649
4.079
5.300
4.405
1.848
3.802
37.182
31.944
25.794
16.538
3.339
3.971
17.483
33.127
26.401
3.732
10.367
0.000
0.050
9.380
11.518
10.967
11.338
5.370
15.904
4.899
1.445
11.632
7.617
1.111
1.845
16.431
42.709
21.032
0.161
1.377
0.937
7.543
13.338
33.817
16.957
4.791
4.927
9.653
3.797
22.120
12.820
0.000
0.000
0.000
1.013
3.859
0.010
11.003
18.591
5.224
7.804
0.021
0.000
0.000
0.000
0.206
1.723
2.482
0.027
0.000
0.000
13.757
28.001
25.049
12.262
15.535
22.405
1.487
2.383
16.225
20.586
18.718
22.673
24.019
0.367
0.000
17.242
27.129
51.953
37.329
29.833
5.297
4.405
6.094
30.563
5.222
8.717
0.110
0.000
9.119
0.076
1.133
3.437
0.278
1.116
22.309
9.846
3.625
0.000
0.000
0.000
0.000
22.501
0.010
0.000
2.997
1.449
0.000
0.000
0.299
0.106
5.294
4.405
7.249
12.863
0.618
6.363
12.881
0.777
0.038
0.000
0.000
0.000
0.615
0.000
0.000
0.886
8.638
0.086
0.000
0.000
0.000
0.000
0.141
13.305
24.510
2.305
0.989
9.038
7.871
8.178
0.003
0.000
0.692
1.440
0.000
0.000
0.000
0.000
0.000
3.291
0.422
0.000
0.000
0.000
0.000
0.010
0.000
0.000
2.592
0.335
0.000
0.000
0.000
0.000
0.000
0.000
0.000
0.000
0.000
0.000
0.000
0.000
0.000
0.000
0.889
0.000
0.000
0.000
0.084
0.021
0.493
0.021
0.000
0.561
0.076
0.000
0.000
0.000
0.046
0.017
0.000
0.000
0.000
0.000
0.534
0.692
0.110
0.000
0.000
0.000
0.000
0.000
0.000
0.007
0.000
0.000
0.000
0.000
0.000
0.024
0.810
1.304
0.000
0.000
0.000
0.000
0.000
0.000
0.000
2.518
3.241
3.934
0.000
0.000
0.000
0.000
0.223
0.611
0.000
0.000
0.000
0.000
0.000
0.000
0.000
0.000
0.000
0.000
0.000
0.000
0.000
0.000
0.000
0.000
0.000
0.000
0.000
0.000
0.000
0.000
0.000
0.000
0.000
0.000
0.000
0.000
0.000
0.000
0.000
0.340
0.003
0.000
0.000
0.000
0.000
0.000
5.025
22.098
0.223
0.000
0.000
0.000
0.000
0.000
0.000
0.000
0.000
0.850
1.361
0.079
0.868
0.081
0.139
0.441
0.501
0.017
0.000
0.000
0.000
0.024
0.000
25.670
24.618
0.117
0.000
0.000
0.000
0.000
0.000
0.000
0.000
2.609
1.521
0.000
0.003
0.034
0.000
0.000
0.000
0.000
0.000
1.370
1.538
0.354
0.285
5.215
0.082
0.048
0.000
0.419
9.107
0.422
0.652
0.367
3.625
6.300
3.789
2.796
0.103
2.611
0.100
0.000
0.482
0.605
0.055
0.566
1.538
5.304
26.557
6.647
13.134
23.789
27.437
17.968
8.326
14.408
17.301
0.000
6.312
0.632
3.559
0.501
0.512
0.000
0.000
2.032
0.076
1.614
5.227
5.184
1.837
6.386
9.980
6.424
1.147
0.501
0.017
6.873
2.705
0.185
2.609
13.699
19.975
29.612
17.087
8.985
5.596
14.423
13.908
0.742
10.458
27.922
16.943
4.027
16.627
11.937
24.764
46.445
24.063
13.046
30.269
36.265
21.284
0.014
0.879
0.158
0.000
0.000
0.000
7.210
27.528
23.174
48.213
24.733
20.489
69.969
16.806
2.046
11.773
24.148
19.106
19.030
20.826
9.558
18.151
11.821
11.302
26.271
13.590
37.275
32.830
18.241
10.969
17.040
22.620
18.022
24.949
27.639
28.489
0.950
0.366
4.300
19.236
11.257
5.923
10.933
16.161
14.271
0.000
2.013
7.983
28.774
25.836
13.251
0.298
0.025
0.000
4.323
12.124
6.887
7.282
1.888
1.339
0.254
0.367
0.021
13.281
29.721
2.132
33.079
60.064
0.869
17.530
2.999
3.749
6.321
4.123
0.508
9.634
13.221
30.024
1.940
10.193
7.299
0.642
3.334
7.423
0.786
0.896
2.527
6.496
15.404
7.047
15.810
3.255
21.314
8.918
6.273
0.165
0.978
1.119
0.204
0.388
4.973
0.192
0.069
0.000
0.000
0.000
0.000
0.007
0.000
0.003
0.201
1.313
1.030
1.893
1.909
23.252
5.895
0.453
0.659
0.608
1.176
2.043
3.277
2.105
1.250
0.130
0.000
0.000
0.000
0.003
0.000
0.000
0.000
0.000
2.141
2.352
0.000
0.096
0.069
0.000
0.000
0.000
0.000
0.000
0.010
0.000
0.014
0.034
0.000
0.415
0.652
0.007
0.003
0.000
0.000
0.000
0.862
0.505
0.000
0.000
0.000
0.000
0.185
0.364
0.000
0.000
0.000
0.000
0.031
0.000
0.000
0.000
0.000
0.000
0.048
0.000
0.000
0.000
0.000
0.000
0.000
0.000
0.000
0.000
0.000
0.000
0.000
0.000
0.000
0.000
0.000
0.000
0.000
0.000
0.000
0.000
0.000
0.000
0.000
0.000
0.000
0.000
0.000
0.000
0.000
0.000
0.000
0.031
0.000
0.000
0.000
0.000
0.000
0.000
0.000
0.000
0.000
0.000
0.000
0.000
0.000
0.000
0.000
0.089
0.000
0.000
0.000
0.000
0.000
0.000
0.000
0.000
0.000
0.166
0.000
0.000
0.069
0.000
0.000
0.000
0.000
0.000
0.000
0.000
0.000
0.000
0.000
0.000
0.000
0.000
0.000
0.000
0.000
0.000
0.276
0.000
0.000
0.000
0.000
0.000
0.000
0.000
0.000
0.000
0.000
0.000
0.000
0.007
0.055
4.128
0.160
15.278
9.690
0.206
4.019
0.000
0.000
0.000
0.000
9.141
27.622
0.000
0.000
1.037
0.220
0.000
0.000
1.557
2.317
2.525
0.776
2.776
0.433
0.142
19.621
12.651
0.041
1.914
11.719
0.228
7.110
1.334
6.707
14.461
3.210
1.224
0.338
0.778
0.407
0.142
0.161
0.000
0.000
0.000
0.000
0.000
0.000
2.827
5.679
2.182
0.000
0.007
0.596
29.512
6.012
4.037
30.569
18.630
8.190
0.927
0.172
6.413
14.941
31.421
2.046
6.724
18.368
14.620
18.900
12.864
15.837
12.160
31.417
0.762
1.160
0.994
0.254
32.070
28.101
14.808
30.638
0.968
9.603
10.688
21.674
14.615
0.323
15.477
24.990
11.094
11.264
1.490
0.367
17.899
29.498
5.279
2.262
1.765
2.908
7.242
20.611
71.559
50.278
2.939
3.207
0.618
22.225
25.520
3.457
0.663
2.159
10.883
0.096
0.024
20.687
37.173
16.016
10.545
13.354
1.866
16.764
17.491
11.295
21.168
4.228
11.591
14.759
1.366
7.672
8.121
3.232
8.405
28.123
1.717
1.576
16.934
19.235
23.211
23.580
44.292
0.409
1.198
9.749
1.085
2.695
2.618
4.451
1.543
5.782
26.205
27.979
16.394
14.555
0.956
2.000
1.071
23.224
35.510
30.892
29.565
4.669
0.434
18.907
26.333
30.400
2.072
4.820
1.602
0.003
0.000
1.234
1.224
14.190
20.730
9.577
1.274
1.823
6.597
5.648
1.495
3.078
1.684
0.988
0.980
3.752
4.056
1.456
10.373
0.021
0.133
0.366
1.318
6.649
11.549
0.051
0.000
0.000
0.000
0.032
0.007
0.000
4.268
4.685
0.224
0.952
3.438
3.295
0.291
0.000
0.007
0.000
0.000
0.000
0.560
0.453
0.000
8.178
7.337
6.777
0.103
0.319
0.000
0.000
0.460
0.000
0.000
0.240
1.627
0.687
0.925
0.367
0.000
0.010
1.404
0.062
0.000
0.000
0.000
0.257
1.899
0.285
0.000
0.000
0.000
0.000
0.000
0.000
0.000
0.000
0.000
0.000
0.000
0.000
0.000
0.000
0.000
0.000
0.000
0.000
0.000
0.000
0.000
0.000
0.000
0.000
0.000
0.330
1.579
0.000
0.000
0.000
0.000
0.000
0.000
0.000
0.000
0.000
0.000
0.000
0.000
0.096
0.161
0.000
0.000
0.000
0.000
0.000
0.000
0.000
0.000
0.000
0.000
0.000
0.000
0.000
0.000
0.000
0.000
0.000
0.000
0.048
0.014
0.000
0.000
0.027
0.673
0.003
0.000
0.000
0.000
0.000
0.000
0.000
0.000
0.000
0.000
0.000
0.000
0.000
0.000
0.000
0.165
0.076
0.000
0.000
0.000
0.000
0.268
1.492
0.318
0.000
0.000
0.000
0.000
0.000
0.000
0.000
0.000
0.000
0.000
0.000
0.381
0.000
0.000
0.000
0.007
0.944
0.386
0.070
0.051
0.000
0.072
0.000
0.000
0.000
0.014
0.014
5.375
0.041
0.000
0.000
0.000
0.000
0.000
0.000
1.325
1.782
0.000
0.000
2.582
8.734
0.958
0.062
0.000
1.030
0.944
0.882
0.680
5.679
11.082
2.067
0.251
1.572
0.027
4.470
9.297
4.844
3.766
0.034
0.024
0.714
11.350
1.681
27.126
15.628
6.849
7.771
5.152
0.007
0.000
14.114
15.783
2.362
13.101
0.752
0.383
0.527
0.000
0.477
5.538
0.000
0.000
0.000
1.296
17.153
19.456
12.147
3.710
22.843
0.257
0.000
0.000
13.506
9.673
1.430
2.103
52.602
27.459
1.269
18.227
8.909
0.893
1.441
15.130
5.529
1.171
0.586
0.000
0.000
8.159
0.803
0.848
7.584
1.471
0.000
0.000
0.000
0.000
3.504
23.864
0.591
4.724
1.960
7.639
14.073
8.032
18.785
0.021
19.106
81.347
27.510
2.513
0.027
38.311
16.634
1.428
19.322
8.968
0.069
0.841
2.190
5.579
54.502
9.421
21.406
5.172
3.123
1.208
6.908
6.635
10.979
12.451
12.784
12.078
25.142
23.478
8.926
9.140
11.401
7.927
0.000
0.077
1.017
1.604
16.024
12.963
2.253
16.073
0.014
0.000
1.217
10.840
12.049
25.908
20.744
68.613
85.780
30.696
16.313
28.929
3.003
4.027
10.432
2.938
12.128
1.401
0.000
1.620
12.912
13.407
9.627
14.986
20.901
2.850
4.990
10.295
5.756
2.937
2.487
0.628
0.048
0.101
0.397
2.384
1.368
0.141
0.003
0.184
28.896
4.664
1.303
0.964
15.589
35.189
8.815
1.847
1.686
2.135
7.466
1.804
1.231
0.601
0.000
0.000
14.794
30.947
0.017
0.000
0.000
0.906
4.459
5.883
0.112
0.003
0.000
0.000
0.000
0.000
0.000
0.007
1.497
0.697
0.184
0.000
0.000
2.937
5.708
0.014
0.000
0.000
0.021
0.000
0.000
0.000
2.077
4.087
1.917
2.963
1.909
0.014
0.000
0.000
0.000
0.000
0.000
0.000
0.000
0.000
0.000
0.000
0.003
0.209
0.000
0.000
0.000
4.432
0.855
0.000
0.000
0.000
0.000
0.000
0.000
0.000
0.062
0.000
0.148
0.467
0.000
0.000
0.000
0.000
0.000
0.000
0.000
0.000
0.007
0.000
0.000
0.000
0.000
0.000
0.000
0.000
0.367
0.021
0.000
0.000
0.000
0.000
0.007
0.000
0.000
0.000
0.021
0.014
0.000
0.010
0.211
0.027
0.000
0.000
0.000
0.000
0.000
0.000
0.000
0.000
0.000
0.000
0.000
0.000
0.000
0.000
0.000
0.000
0.000
0.000
0.000
0.000
0.000
1.366
0.426
0.000
0.000
0.000
0.000
0.409
0.003
0.000
0.000
0.000
0.000
0.000
0.000
0.000
0.000
0.000
0.000
0.000
0.000
0.237
0.000
0.000
0.000
0.000
0.000
0.000
0.000
0.000
0.000
0.000
0.000
0.000
0.000
0.419
0.000
0.000
0.000
0.000
0.000
0.000
0.728
0.000
0.000
0.000
0.000
0.000
0.000
1.208
0.000
0.000
0.000
0.000
1.964
1.301
0.000
0.000
0.755
1.123
0.096
0.000
1.411
0.893
3.522
0.003
0.000
0.000
0.000
0.007
0.010
0.000
4.369
5.617
2.831
3.571
4.250
3.557
0.086
0.000
0.000
2.678
13.408
0.017
0.520
4.091
1.710
0.084
0.000
13.436
0.961
1.184
10.197
5.485
14.353
15.410
12.677
4.827
0.498
2.096
18.661
5.603
4.586
2.659
0.292
2.704
5.939
0.000
0.000
0.578
1.406
0.000
0.000
0.000
0.213
9.828
0.436
3.250
0.549
16.904
8.310
0.886
5.960
2.151
0.360
1.809
2.688
1.243
0.010
1.332
5.627
12.854
0.203
11.264
18.440
0.362
0.106
2.053
5.751
1.566
0.010
5.545
31.735
26.800
2.249
0.882
0.251
1.566
10.389
8.705
11.954
1.126
14.564
37.427
5.478
0.805
0.038
0.295
1.293
8.308
8.817
0.525
0.000
0.014
2.046
0.082
13.487
21.463
0.901
1.255
11.278
0.000
0.000
0.000
0.836
17.266
7.163
0.003
0.659
0.386
1.454
0.034
0.000
14.884
4.923
25.135
7.320
17.921
6.430
18.479
2.719
0.683
0.041
1.105
1.681
0.635
18.862
5.164
0.000
2.101
4.570
1.286
12.562
20.053
57.273
9.060
0.179
0.003
0.072
0.381
0.247
1.171
9.143
20.043
21.180
20.771
0.381
0.048
1.336
32.221
9.084
1.226
0.100
0.754
0.982
0.000
0.021
0.000
14.227
7.155
1.370
8.353
0.021
18.303
26.250
8.518
19.999
1.517
0.470
0.000
0.336
10.413
7.854
1.044
1.610
0.165
0.999
0.034
1.469
10.827
0.244
1.257
0.000
0.209
13.125
0.512
0.007
0.000
0.000
0.000
0.000
1.954
1.469
0.021
0.000
5.078
9.805
3.753
2.482
1.023
7.505
8.806
0.542
0.776
0.027
0.000
0.668
0.402
0.076
10.107
0.000
0.000
0.000
0.000
0.000
0.130
2.479
0.000
0.000
0.000
0.000
0.051
0.000
0.027
0.000
0.000
0.000
0.546
6.408
1.420
2.238
0.587
0.000
0.000
0.000
0.000
0.000
0.000
0.000
0.000
0.000
0.000
0.000
0.014
0.055
0.000
0.000
0.000
0.000
0.000
0.000
0.000
0.000
0.151
0.052
0.010
0.000
0.000
0.000
0.000
0.000
0.000
0.000
0.000
0.000
0.000
0.000
0.000
0.000
0.000
0.000
0.000
0.000
0.000
0.000
0.000
0.014
0.378
0.057
0.000
0.000
0.000
0.000
0.000
0.065
2.953
0.431
0.000
0.000
0.000
0.000
0.000
0.000
0.000
0.000
0.000
0.000
0.000
0.000
0.000
0.000
0.000
0.113
0.041
0.000
0.000
0.000
0.000
0.000
0.000
0.000
0.000
0.000
0.000
0.000
0.000
0.000
0.000
0.000
0.000
0.000
0.000
0.000
0.000
0.000
0.000
0.000
0.000
0.203
0.021
0.000
0.000
0.089
1.785
0.532
0.000
0.000
0.000
0.000
0.000
0.000
0.700
0.463
0.000
0.000
0.000
0.000
0.055
0.000
0.000
0.000
0.000
0.041
0.072
0.000
0.000
0.000
0.000
0.000
0.000
0.000
0.745
0.000
0.000
0.000
0.000
0.000
0.000
0.000
0.000
1.887
0.079
0.000
0.000
0.048
0.706
0.000
0.000
0.000
0.649
0.000
0.000
0.000
0.000
0.000
0.130
0.117
0.417
0.414
0.007
0.000
0.426
9.744
9.259
0.000
0.554
3.086
0.786
1.603
0.563
5.716
17.942
3.938
14.675
4.863
1.648
0.463
0.144
0.633
23.511
11.120
20.674
24.170
11.261
25.001
17.118
18.023
0.062
5.304
22.558
1.868
0.010
0.894
0.512
0.786
2.024
4.625
4.704
1.130
0.000
0.350
1.655
9.675
13.760
19.288
22.666
16.631
0.323
4.805
26.086
36.869
2.922
20.819
8.020
16.589
35.896
10.272
1.981
20.280
21.519
4.621
18.014
18.569
34.593
9.210
2.213
4.068
9.754
0.333
17.901
0.089
0.027
0.000
0.694
12.389
24.318
15.419
0.194
0.093
0.182
0.958
2.474
3.066
9.991
6.097
0.000
4.044
19.844
19.001
10.035
26.168
12.157
23.146
0.960
9.562
4.097
2.228
0.594
29.780
9.173
0.451
0.534
20.646
21.075
2.484
0.112
1.153
7.105
33.769
21.990
15.738
13.288
11.819
7.232
4.298
0.969
0.211
0.934
12.399
15.621
2.019
3.002
0.845
0.017
1.820
1.517
4.604
4.473
13.486
12.207
11.948
2.057
2.101
1.057
15.570
16.315
3.571
1.689
19.205
0.385
0.072
0.635
0.570
1.030
8.895
22.234
0.544
0.000
0.130
19.296
16.073
2.220
1.044
0.000
1.020
1.468
0.530
0.412
1.253
0.718
9.939
3.939
0.084
0.000
0.000
0.000
0.180
1.512
3.416
5.958
2.070
0.021
0.311
0.000
0.000
2.213
2.269
0.000
0.433
7.272
0.000
0.014
0.000
4.528
0.498
0.130
0.312
0.000
0.000
0.000
0.000
0.000
2.081
3.802
3.401
0.000
0.000
0.000
0.192
0.000
2.341
0.807
0.000
1.463
2.362
0.336
0.348
0.069
0.426
0.045
0.000
0.000
0.000
0.000
0.000
0.000
0.501
0.795
0.048
0.000
0.000
0.000
0.000
0.000
0.000
0.000
0.000
0.000
0.003
0.000
0.000
0.000
0.038
0.000
0.000
0.000
0.000
0.000
0.000
0.000
0.000
0.000
0.000
0.122
0.021
0.546
0.255
0.000
0.000
0.000
0.167
0.000
0.000
1.286
4.487
0.410
0.007
0.000
0.000
0.000
0.000
0.000
0.000
0.000
0.000
0.000
0.000
0.000
0.000
0.000
0.000
0.000
0.354
0.045
0.000
0.000
0.000
0.014
0.000
0.010
0.024
0.113
0.000
0.000
0.000
0.000
0.000
0.000
0.027
0.000
0.000
0.000
0.000
0.347
0.000
0.000
0.000
0.000
0.086
0.031
0.017
0.965
0.007
0.000
0.000
0.000
0.000
0.000
0.000
0.000
0.000
0.223
0.041
0.058
0.000
0.000
0.000
0.458
0.055
0.000
0.000
0.000
9.356
7.206
2.118
2.541
10.959
3.543
4.281
0.687
0.772
4.032
0.323
0.163
0.000
0.000
0.045
3.339
0.402
0.783
1.479
3.670
2.438
0.000
0.901
2.477
2.826
1.193
0.000
0.000
1.586
24.544
20.193
1.418
4.443
3.466
0.007
0.000
0.038
0.000
0.000
0.000
0.000
0.000
0.086
13.266
3.658
0.000
0.000
0.398
0.014
0.000
0.000
0.000
0.000
1.651
6.200
2.599
0.752
14.672
3.365
18.546
5.033
16.152
19.820
0.000
1.787
0.179
22.361
12.449
1.459
5.479
12.260
0.038
0.635
2.331
10.049
0.584
1.528
26.753
1.171
22.906
27.198
5.555
0.000
0.000
0.000
0.000
0.000
0.003
0.357
8.114
0.113
0.422
6.887
125.186
4.800
8.223
28.976
29.143
1.006
0.628
1.991
0.154
0.106
0.038
0.000
0.017
0.000
0.000
0.144
1.548
0.539
1.105
0.009
0.038
0.206
0.000
0.000
0.000
0.000
0.002
0.038
0.179
0.000
0.062
1.854
0.017
0.498
0.038
1.011
0.500
0.000
0.038
0.795
0.170
0.170
2.146
0.076
0.652
0.045
1.727
1.315
0.706
0.158
0.000
0.000
0.000
0.000
0.000
0.000
0.383
0.882
0.498
0.000
0.000
0.000
0.621
0.082
0.680
0.941
1.699
0.029
0.003
0.656
0.546
0.239
0.316
0.003
0.154
0.000
0.002
0.000
0.002
0.314
0.000
0.000
0.299
0.062
0.793
0.154
0.000
0.000
0.000
0.142
0.580
0.009
0.021
0.012
0.106
0.048
0.000
0.002
0.242
0.127
0.003
0.000
0.003
0.000
0.000
0.082
0.000
1.229
0.000
0.000
0.002
0.000
0.000
0.000
0.021
0.007
0.000
0.000
0.000
0.000
0.002
0.000
0.000
0.000
0.000
0.000
0.003
0.000
0.000
0.000
0.000
0.000
0.000
0.000
0.000
0.000
0.000
0.000
0.000
0.000
0.000
0.000
0.000
0.000
0.000
0.000
0.000
0.000
0.000
0.000
0.000
0.000
0.000
0.000
0.000
0.000
0.000
0.000
0.000
0.000
0.000
0.000
0.000
0.000
0.000
0.000
0.000
0.003
0.000
0.000
0.000
0.007
0.000
0.000
0.003
0.000
0.000
0.000
0.000
0.000
0.000
0.003
0.000
0.003
0.002
0.000
0.000
0.000
0.000
0.000
0.000
0.000
0.000
0.000
0.000
0.100
0.034
0.065
0.000
0.000
0.002
0.000
0.000
0.000
0.002
0.000
0.000
0.000
0.000
0.000
0.000
0.003
0.000
0.000
0.000
0.000
0.000
0.000
0.000
0.007
0.003
0.000
0.000
0.000
0.000
0.000
0.000
0.000
0.000
0.000
0.000
0.000
0.000
0.000
0.000
0.000
0.000
0.003
0.000
0.000
0.000
0.000
0.000
0.000
0.000
0.000
0.000
0.000
0.000
0.000
0.000
0.000
0.000
0.000
0.003
0.000
0.000
0.000
0.000
0.000
0.002
0.000
0.000
0.000
0.000
0.000
0.000
0.000
0.000
0.000
0.000
0.002
0.000
0.000
0.000
0.000
0.000
0.000
0.000
0.000
0.000
0.002
0.000
0.000
0.000
0.000
0.000
0.000
0.000
0.000
0.000
0.000
0.000
0.000
0.003
0.525
0.002
0.055
0.038
0.000
0.000
0.000
0.010
0.072
0.000
0.000
0.000
0.000
0.000
0.060
0.230
0.000
0.000
0.002
0.000
0.003
0.000
0.000
0.000
0.000
0.000
0.007
0.000
0.000
0.000
0.007
0.067
0.014
0.000
0.000
0.000
0.000
0.000
0.014
0.007
0.000
0.000
0.002
0.000
0.000
0.000
0.021
0.000
0.000
0.000
0.000
0.062
0.566
0.067
0.000
0.000
0.002
0.000
0.041
0.000
0.000
0.000
0.000
0.000
0.000
0.093
0.041
0.000
0.000
3.062
10.798
0.187
1.851
0.558
3.718
0.718
0.000
0.213
0.000
0.000
0.536
3.960
1.849
0.489
0.134
0.000
0.261
0.831
0.000
0.252
0.175
0.009
0.002
0.000
0.000
0.000
0.000
0.000
0.000
0.000
0.000
0.055
0.879
0.216
0.206
0.233
0.975
4.511
0.772
0.021
0.031
0.000
0.000
6.255
2.051
1.160
0.093
0.371
0.165
0.000
0.000
0.031
0.100
0.000
2.541
2.930
24.067
18.684
0.158
2.551
0.000
5.572
0.086
0.000
0.000
0.000
0.000
0.000
0.000
0.000
0.000
0.000
0.000
0.000
0.000
0.000
0.010
0.007
0.000
0.000
0.000
0.000
0.000
0.000
0.002
0.017
0.062
0.041
0.003
0.009
0.000
0.000
0.000
0.041
0.000
0.000
0.000
0.000
0.000
0.000
0.000
0.000
0.000
0.000
0.000
0.000
0.000
0.000
0.000
0.005
0.010
0.000
0.010
0.005
0.000
0.000
0.000
0.038
0.027
0.175
0.076
0.027
0.015
0.000
0.000
0.000
0.000
0.000
0.000
0.000
0.000
0.000
0.000
0.000
0.000
0.000
0.000
0.000
0.002
0.000
0.000
0.000
0.000
0.000
0.000
0.000
0.000
0.000
0.000
0.000
0.000
0.000
0.000
0.000
0.000
0.000
0.000
0.000
0.000
0.000
0.000
0.000
0.000
0.000
0.000
0.000
0.000
0.000
0.000
0.000
0.000
0.000
0.000
0.000
0.000
0.000
0.000
0.000
0.000
0.000
0.000
0.000
0.000
0.000
0.000
0.000
0.000
0.000
0.000
0.000
0.000
0.000
0.003
0.000
0.000
0.002
0.000
0.000
0.000
0.000
0.000
0.000
0.000
0.000
0.000
0.000
0.000
0.000
0.000
0.000
0.000
0.000
0.000
0.000
0.000
0.000
0.000
0.000
0.000
0.000
0.000
0.000
0.000
0.000
0.000
0.000
0.002
0.000
0.000
0.000
0.000
0.000
0.000
0.000
0.000
0.000
0.002
0.000
0.000
0.000
0.000
0.000
0.000
0.000
0.003
0.000
0.000
0.000
0.000
0.002
0.000
0.000
0.007
1.926
1.542
0.000
0.017
0.000
0.003
0.055
0.079
0.010
0.000
0.000
0.000
0.000
0.000
0.000
0.000
0.000
0.000
0.002
0.000
0.000
0.000
0.000
0.000
0.003
0.000
0.000
0.000
0.000
0.000
0.000
0.000
0.000
0.000
0.000
0.000
0.000
0.158
0.477
0.000
0.000
0.000
0.000
0.000
0.000
0.000
0.000
0.000
0.000
0.000
0.000
0.002
0.000
0.000
0.000
0.000
0.000
0.000
0.027
0.000
0.003
0.000
0.000
0.000
0.000
0.000
0.000
0.000
0.000
0.115
0.048
0.096
0.000
0.000
0.010
0.019
0.003
0.000
0.000
0.000
0.000
0.002
0.003
0.350
0.000
0.000
0.000
0.000
0.000
0.000
0.000
0.003
0.000
0.000
0.000
0.000
0.000
0.010
0.000
0.000
0.172
0.000
0.002
0.000
0.000
0.000
0.000
0.000
0.000
0.000
0.021
0.000
0.000
0.060
0.000
1.567
0.007
0.038
0.000
0.000
0.000
0.007
0.032
0.012
0.000
0.000
0.000
0.000
0.000
0.000
0.005
0.894
0.009
0.007
0.115
0.117
0.105
1.197
0.182
1.990
2.235
2.175
0.060
0.000
0.000
0.002
0.003
0.000
0.031
0.017
0.000
0.014
0.000
0.000
0.000
0.000
0.000
0.254
0.000
0.070
0.010
0.000
0.561
0.000
0.000
0.137
0.000
0.000
0.000
0.007
0.003
0.007
0.000
0.000
0.000
0.003
0.395
0.010
0.000
0.000
0.000
0.062
0.062
0.009
0.003
0.000
0.003
0.003
0.000
0.000
0.000
0.002
0.043
0.144
0.021
0.000
0.003
0.000
0.000
0.000
0.000
0.000
0.000
0.003
0.000
0.010
0.003
0.000
0.000
0.000
0.000
0.000
0.003
0.015
0.000
0.000
0.000
0.000
0.000
0.000
0.000
0.000
0.000
0.000
0.000
0.000
0.000
0.000
0.000
0.000
0.000
0.000
0.000
0.000
0.000
0.000
0.000
0.000
0.000
0.000
0.003
0.000
0.000
0.000
0.000
0.000
0.000
0.000
0.000
0.000
0.000
0.000
0.000
0.000
0.000
0.000
0.000
0.000
0.000
0.000
0.000
0.000
0.000
0.000
0.002
0.000
0.000
0.000
0.000
0.000
0.000
0.000
0.000
0.000
0.000
0.000
0.000
0.000
0.000
0.000
0.000
0.000
0.000
0.000
0.000
0.000
0.019
0.000
0.000
0.000
0.000
0.000
0.000
0.000
0.000
0.001
0.000
0.000
0.000
0.000
0.000
0.000
0.000
0.000
0.000
0.000
0.000
0.000
0.000
0.002
0.000
0.000
0.000
0.000
0.000
0.000
0.000
0.000
0.000
0.000
0.000
0.000
0.000
0.000
0.000
0.000
0.000
0.002
0.000
0.000
0.000
0.000
0.000
0.000
0.000
0.000
0.000
0.000
0.000
0.003
0.000
0.000
0.000
0.000
0.000
0.003
0.000
0.000
0.000
0.000
0.000
0.000
0.000
0.000
0.000
0.000
0.051
0.209
0.000
0.000
0.000
0.000
0.000
0.000
0.002
0.000
0.000
0.000
0.000
0.000
0.000
0.000
0.003
0.000
0.000
0.000
0.000
0.000
0.000
0.000
0.000
0.000
0.003
0.000
0.000
0.000
0.000
0.000
0.000
0.000
0.003
0.000
0.000
0.000
0.000
0.000
0.000
0.000
0.002
0.000
0.000
0.000
0.000
0.000
0.000
0.000
0.000
0.000
0.000
0.000
0.000
0.000
0.000
0.000
0.000
0.000
0.000
0.000
0.000
0.000
0.106
0.015
0.000
0.000
0.000
0.058
0.013
0.038
0.000
0.065
0.026
0.077
0.096
0.000
0.014
0.063
0.000
0.000
0.000
0.079
0.366
0.000
0.007
1.136
0.280
0.000
0.000
0.000
0.000
0.000
0.034
0.000
0.000
0.029
0.021
0.000
0.002
0.000
0.000
0.000
0.000
0.000
0.002
0.000
0.165
0.010
0.026
0.000
0.000
0.136
0.062
0.000
0.100
0.041
0.000
0.031
0.017
0.247
0.000
0.000
0.000
0.000
0.000
0.000
0.038
0.000
0.000
0.000
1.373
0.000
0.000
0.000
0.007
0.000
0.007
0.003
0.587
0.060
0.000
0.003
0.017
0.369
0.996
0.000
0.000
0.014
0.003
0.000
0.015
4.353
2.424
0.014
0.000
0.223
1.984
0.216
0.000
0.000
0.000
0.000
0.000
0.000
0.003
0.000
0.000
0.196
0.501
0.000
0.027
0.216
1.088
0.309
0.062
0.021
0.000
0.000
0.000
0.000
0.000
0.000
0.000
0.158
0.208
0.003
0.000
0.002
0.000
0.009
0.000
0.000
0.000
0.000
0.000
0.003
0.000
0.000
0.000
0.000
0.000
0.136
0.003
0.055
0.134
0.000
0.000
0.000
0.002
0.000
0.000
0.106
0.051
0.000
0.000
0.000
0.000
0.000
0.000
0.000
0.000
0.003
0.002
0.560
0.000
0.000
0.000
0.175
0.639
0.000
0.000
0.000
0.000
0.000
0.000
0.000
0.000
0.000
0.000
0.000
0.000
0.000
0.000
0.000
0.000
0.000
0.000
0.000
0.003
0.000
0.000
0.000
0.000
0.000
0.000
0.002
0.000
0.000
0.000
0.000
0.000
0.000
0.000
0.000
0.000
0.000
0.000
0.000
0.000
1.857
2.311
0.027
0.000
0.000
0.000
0.000
0.000
0.000
0.002
0.000
0.003
0.000
0.000
0.002
0.000
0.000
0.000
0.000
0.000
0.000
0.000
0.000
0.000
0.000
0.000
0.000
0.000
0.000
0.000
0.000
0.000
0.000
0.000
0.000
0.017
2.505
0.000
0.002
0.000
0.000
0.000
0.000
0.002
0.000
0.000
0.000
0.000
0.000
0.000
0.000
0.000
0.000
0.000
0.000
0.000
0.000
0.000
0.000
0.000
0.000
0.000
0.000
0.000
0.000
0.000
0.000
0.000
0.000
0.000
0.000
