19790101
14.018
26.469
12.981
15.174
15.494
3.750
18.363
13.410
8.883
28.537
21.972
30.034
23.958
15.996
11.142
25.997
23.334
17.653
13.323
22.140
20.884
26.265
26.735
27.864
7.295
18.289
12.938
14.853
13.626
26.137
5.007
13.742
19.874
25.741
22.795
23.384
21.872
20.879
5.479
21.950
19.306
5.670
28.816
17.135
19.749
13.983
28.132
27.782
18.691
6.366
16.954
30.025
29.954
31.609
27.725
3.741
2.480
28.327
22.584
15.428
21.782
19.173
25.867
27.347
28.098
5.517
22.251
21.023
11.960
2.865
3.501
9.043
13.293
14.022
7.346
14.269
19.006
19.179
23.778
14.473
3.741
2.888
8.702
7.098
9.035
7.071
2.789
17.822
4.310
25.041
25.756
23.969
2.638
3.625
17.898
25.574
23.396
19.814
24.564
23.019
1.632
1.940
1.891
20.511
23.691
22.873
23.209
22.380
16.980
10.673
11.302
7.308
4.472
6.279
4.319
11.203
19.377
17.584
6.890
11.571
20.447
20.468
11.586
15.252
15.236
16.656
13.359
8.738
18.926
19.036
18.497
16.967
17.371
11.061
18.293
17.914
17.955
12.274
17.878
17.555
17.536
6.154
17.354
17.506
17.411
17.214
17.229
17.398
5.428
17.373
17.464
17.210
17.002
16.852
9.174
11.978
13.107
14.122
12.322
16.502
16.596
16.392
16.427
11.776
16.441
16.105
11.254
12.075
16.202
16.141
15.725
15.795
16.110
16.389
16.298
16.293
16.035
16.029
14.211
15.959
15.979
16.315
16.635
16.361
11.494
14.194
15.896
16.394
16.136
16.463
15.063
9.894
14.145
16.714
16.709
13.513
17.174
17.831
13.027
17.893
17.962
17.951
17.779
18.198
17.577
18.105
18.404
17.737
18.913
18.546
19.395
18.703
18.586
18.939
19.493
19.501
19.158
19.398
18.563
19.281
19.710
19.221
3.170
20.155
20.123
20.864
20.959
19.347
20.740
21.738
21.714
21.516
21.737
21.737
18.170
21.675
22.945
11.835
23.771
23.140
23.365
23.853
24.035
24.170
24.629
24.561
24.384
24.503
23.500
19.287
6.873
25.594
26.083
26.024
19.698
18.490
26.713
20.706
10.262
14.963
27.161
27.325
27.096
26.872
27.352
27.799
27.621
27.810
27.945
19.229
14.830
28.515
28.993
28.135
18.867
23.104
29.755
29.005
28.909
29.922
29.870
29.645
25.373
15.224
15.412
16.664
9.549
25.693
28.885
29.549
22.828
29.500
30.887
9.028
25.956
5.874
32.228
21.410
30.201
31.795
30.861
31.917
19.925
32.378
29.786
30.329
8.547
18.353
23.859
28.889
25.265
6.892
34.192
34.437
34.227
29.990
9.518
15.958
31.918
9.608
32.870
16.374
33.809
20.294
22.047
18.250
4.581
2.302
3.169
30.650
25.133
23.955
33.553
23.653
15.544
5.576
29.073
10.139
33.270
34.554
28.585
21.462
14.606
18.946
25.356
14.770
28.541
2.143
17.767
30.363
28.736
17.081
19.057
17.579
4.506
1.713
2.926
9.810
15.407
11.398
5.341
8.120
21.634
17.118
29.419
19.934
23.105
23.535
17.204
13.620
33.718
17.689
29.007
28.966
25.117
26.863
29.047
30.931
8.221
15.993
22.419
26.150
28.916
10.575
20.735
20.755
31.295
28.968
4.544
21.469
27.192
11.910
21.848
23.542
15.471
17.780
14.053
23.229
23.216
7.189
26.675
32.904
23.656
26.577
32.550
11.225
32.982
32.295
19.557
24.163
11.839
21.111
21.144
15.927
12.858
18.498
6.360
12.695
23.120
11.458
24.234
23.732
17.539
30.172
27.472
14.139
20.415
19.327
25.849
22.997
8.537
5.576
18.231
17.274
8.152
16.493
21.408
15.358
23.989
18.120
18.137
16.707
27.588
27.731
27.335
22.198
17.276
14.761
9.046
6.096
25.792
26.449
25.885
5.963
9.244
8.987
23.406
24.581
24.565
6.604
11.955
13.246
23.236
24.532
24.759
23.757
8.114
23.664
19.176
17.583
23.320
22.912
23.244
20.589
13.056
10.588
17.880
20.665
18.148
18.406
14.526
19.875
20.486
18.565
5.811
5.796
15.673
20.259
20.168
20.074
19.967
14.837
19.579
15.084
19.627
19.432
19.164
19.335
18.740
18.523
1.052
8.391
18.204
18.089
17.126
16.744
17.842
17.868
18.135
13.050
16.660
17.341
17.685
16.599
17.354
16.055
16.736
16.342
17.014
16.895
16.958
16.663
16.351
16.448
16.751
15.784
10.584
4.888
3.690
16.627
16.762
16.813
16.536
16.224
16.323
11.039
16.069
14.554
16.121
15.606
16.119
12.025
15.715
16.513
16.350
16.446
16.619
16.694
16.854
16.820
16.699
16.673
16.721
16.870
16.889
16.833
16.958
17.166
16.859
17.517
17.143
16.082
16.740
17.176
17.723
17.755
18.019
18.133
17.999
18.360
18.436
18.594
19.064
18.867
19.286
18.856
19.240
19.318
19.320
19.183
19.246
10.753
20.214
20.368
20.574
20.553
20.869
20.629
19.859
19.763
20.927
21.535
21.806
21.310
21.314
21.515
12.223
22.109
22.428
8.384
22.427
22.751
22.726
22.957
23.213
23.732
23.805
23.807
23.854
23.960
20.468
24.843
24.742
25.069
25.629
25.517
25.473
25.929
26.106
25.929
25.963
26.431
23.202
23.722
27.294
27.537
25.592
24.102
21.771
25.955
27.922
28.021
28.135
28.211
27.348
20.565
28.129
29.266
29.053
25.656
29.438
29.629
30.080
30.108
30.034
30.411
30.180
29.798
22.411
24.991
30.664
21.578
25.622
25.247
30.645
21.008
18.223
28.254
28.958
21.560
5.078
20.432
32.254
32.025
31.170
29.449
12.580
20.046
16.248
24.545
32.932
33.049
32.297
26.501
24.666
32.044
28.524
11.882
30.391
32.115
33.512
33.841
33.844
33.658
26.426
8.754
3.222
34.240
31.106
18.542
24.256
13.658
33.948
34.533
18.431
27.244
19.581
17.473
13.679
34.579
35.334
35.561
34.565
25.453
20.918
16.382
19.144
29.336
22.497
26.372
27.518
27.359
30.560
34.435
30.367
28.226
30.824
15.931
15.657
34.100
33.459
27.997
21.865
12.171
25.579
19.812
34.630
30.779
33.427
27.805
15.280
2.627
7.596
18.656
29.688
23.543
4.252
16.669
29.245
24.617
15.209
25.300
21.613
25.174
25.003
16.572
20.738
31.403
33.168
31.816
10.845
8.284
12.877
2.480
11.909
18.381
16.282
8.051
5.551
13.004
12.993
27.884
12.746
19.502
24.782
16.960
6.508
19.104
11.341
1.643
5.819
18.255
5.293
20.861
3.018
3.859
18.160
28.419
26.666
15.771
5.041
22.028
12.601
14.764
25.975
30.637
30.162
29.701
28.570
16.258
21.665
24.926
14.439
18.326
21.417
22.181
8.383
12.284
18.903
21.751
16.681
26.597
25.075
22.581
28.543
2.517
15.116
10.700
1.348
19.069
27.104
25.473
20.413
10.445
19.474
19.160
25.514
15.963
14.066
14.735
12.813
7.828
14.007
4.021
14.390
12.865
19.592
13.229
14.199
13.858
14.080
21.219
12.568
19.913
12.345
8.850
10.337
6.086
8.468
16.217
21.976
21.332
21.788
11.849
11.591
21.514
15.799
14.874
3.953
20.807
19.880
13.375
20.416
20.251
20.119
19.628
19.145
19.573
19.722
13.575
19.164
18.580
15.290
14.395
18.624
18.608
18.473
17.114
17.719
15.734
16.388
17.714
17.933
17.821
17.706
11.721
16.887
17.213
17.039
17.204
17.105
17.380
14.306
16.167
16.212
11.516
13.077
16.520
16.299
16.403
16.545
16.229
15.724
16.223
16.036
16.117
16.551
16.115
16.129
16.250
16.518
16.426
16.123
16.124
16.311
16.516
16.514
15.942
16.362
15.997
16.147
16.598
16.479
16.203
16.304
16.216
16.605
16.411
16.130
16.629
14.331
16.593
16.836
16.849
16.654
17.204
16.869
6.742
17.375
17.626
18.011
18.135
17.846
5.186
18.208
18.453
18.607
18.438
18.506
18.676
18.525
18.947
18.922
19.636
19.784
19.815
19.692
19.311
16.302
17.238
9.446
19.406
20.284
20.685
20.544
20.827
20.893
20.840
21.166
21.559
21.770
21.537
19.229
21.753
22.028
22.273
22.580
23.025
22.854
23.325
23.531
23.267
2.040
21.619
24.153
22.003
23.217
17.591
24.707
25.679
25.539
25.568
25.866
25.772
24.872
18.637
5.387
26.600
27.231
27.097
26.906
27.233
27.305
19.286
20.586
25.877
27.161
27.807
27.909
28.041
20.385
27.622
29.037
29.062
29.571
25.035
29.621
28.943
29.021
29.741
21.792
30.288
30.165
30.343
29.386
28.436
29.614
27.181
31.198
26.646
26.353
28.762
31.555
31.539
19.077
19.713
25.364
21.079
28.401
26.129
25.073
31.450
29.853
15.244
3.405
24.430
32.642
31.930
18.285
11.750
33.686
33.791
32.513
21.841
24.040
16.968
14.675
30.268
3.773
5.280
24.689
31.723
3.420
34.515
35.092
33.448
15.246
5.556
20.106
9.138
17.115
32.844
17.326
33.633
5.738
15.165
16.470
34.638
35.079
27.748
23.816
28.289
35.423
34.024
24.013
26.813
24.391
29.216
31.175
10.378
33.118
24.290
4.289
21.313
21.246
9.341
29.979
35.529
32.166
19.486
16.859
30.138
17.339
15.602
25.312
6.421
10.599
26.255
24.381
29.961
11.991
5.567
26.151
22.443
6.386
5.552
19.781
34.011
18.496
16.609
24.557
32.340
5.459
9.168
13.270
23.239
14.128
31.724
34.982
27.996
8.182
24.834
14.949
24.296
25.641
30.738
31.553
28.671
26.412
6.375
26.111
23.572
17.074
12.010
15.457
30.228
32.231
27.807
31.477
31.710
21.807
28.956
2.206
7.408
11.776
6.475
13.780
10.814
2.258
3.465
4.468
18.543
18.524
6.899
15.689
9.824
1.669
2.263
2.310
9.902
23.134
19.280
21.986
27.913
12.748
9.968
9.552
16.350
25.858
28.398
28.477
22.891
17.118
20.959
15.530
17.975
22.319
27.043
27.315
14.444
10.550
26.190
26.049
26.342
25.045
25.514
18.467
13.495
16.056
16.375
13.632
14.029
9.944
7.923
14.523
22.849
23.862
24.007
16.354
12.647
1.604
13.206
22.793
21.130
22.768
17.128
22.116
15.146
21.956
21.360
20.872
17.258
20.259
19.272
8.414
20.037
20.192
11.126
11.557
15.179
19.880
19.173
18.989
19.643
19.684
19.041
19.126
19.225
18.600
10.697
18.595
18.386
17.295
18.056
18.781
18.291
15.193
17.340
16.160
17.814
17.487
16.313
16.968
17.444
17.464
17.460
17.378
15.447
16.125
16.781
17.054
16.695
16.871
16.248
16.797
16.715
16.974
16.736
16.096
16.447
16.303
16.243
15.799
16.109
12.116
16.260
16.048
15.328
15.520
12.822
16.243
16.104
15.807
16.047
7.798
16.829
16.619
16.481
16.663
16.145
16.124
16.717
16.439
16.098
16.458
16.449
16.606
16.687
17.264
16.653
17.074
16.120
17.244
17.347
17.667
17.982
18.010
9.270
17.849
17.735
17.123
18.223
17.529
17.716
18.276
18.159
18.345
16.639
16.818
19.031
19.093
19.196
19.586
3.422
19.369
20.191
20.483
20.490
20.645
20.768
21.100
20.736
20.744
20.734
20.464
21.455
21.564
20.947
21.667
21.962
22.248
20.383
22.472
21.856
23.161
22.059
23.392
22.407
22.424
23.505
23.910
22.969
18.180
24.009
24.131
23.100
24.762
25.332
24.531
25.420
25.820
26.348
26.219
26.581
23.121
4.094
26.942
27.168
23.529
13.451
16.049
27.051
27.203
18.749
18.008
8.108
15.656
25.948
28.150
23.623
11.681
29.278
29.648
12.153
29.900
27.933
26.542
30.115
29.016
30.698
30.521
30.713
30.868
29.302
31.130
31.783
31.541
29.332
30.395
31.741
32.080
29.318
32.299
16.547
30.600
3.167
31.924
24.547
32.139
29.288
32.836
33.130
33.495
33.483
33.543
21.755
19.775
6.607
33.320
32.784
33.725
33.594
33.500
33.777
22.344
33.610
33.362
29.033
1.823
22.476
26.090
17.276
8.233
30.767
25.189
27.913
34.750
32.506
29.844
14.560
2.783
6.505
13.597
8.923
29.751
13.176
32.728
33.285
34.863
34.068
13.138
29.080
34.713
6.415
25.022
17.155
30.835
15.229
19.625
31.070
15.507
15.738
35.474
35.594
26.868
27.009
31.687
33.152
24.741
30.289
26.114
34.442
22.646
33.977
30.081
32.635
31.875
31.790
25.599
32.400
23.614
17.820
27.933
21.115
21.770
15.957
7.928
12.220
14.875
33.662
33.534
33.036
33.543
32.971
33.627
33.519
9.602
16.631
29.152
32.433
23.900
2.500
5.894
32.727
27.619
23.534
18.668
24.022
22.589
28.979
32.710
32.122
18.752
2.160
18.799
23.617
4.245
31.678
32.559
30.501
22.988
27.037
28.499
30.970
30.451
29.579
19.470
2.218
7.871
16.766
28.322
3.108
18.060
23.881
26.630
29.571
29.592
28.875
28.784
27.711
28.414
15.752
6.406
18.061
26.988
16.729
3.432
27.928
27.644
27.076
26.990
25.781
25.721
26.512
26.532
26.028
15.914
7.392
11.351
13.369
14.682
16.399
22.606
6.417
24.758
24.195
24.276
24.278
22.336
23.647
23.671
23.785
23.399
12.865
13.765
15.017
14.963
21.629
11.004
10.735
10.059
13.211
21.490
20.666
20.751
21.084
21.376
21.241
19.640
2.836
20.385
20.265
20.331
19.934
19.864
19.246
19.298
19.018
16.329
18.610
9.529
10.502
13.434
16.069
16.178
18.814
18.482
17.752
18.088
18.224
14.406
14.090
13.080
17.505
12.961
14.761
14.039
14.277
15.973
16.931
15.904
14.551
16.750
16.762
16.493
13.267
16.475
16.772
16.782
16.635
14.707
16.396
8.939
15.420
16.353
16.159
16.149
16.202
16.187
16.255
16.126
16.199
16.497
15.936
16.056
16.103
16.406
16.401
16.147
16.325
16.204
16.233
13.463
16.620
16.388
16.274
16.838
16.832
17.058
16.830
16.724
16.934
17.293
17.175
17.497
17.094
12.813
17.152
17.333
17.207
17.737
17.783
17.830
17.754
17.567
4.537
6.487
17.053
18.660
18.544
14.123
11.063
14.457
19.110
19.192
19.302
19.653
19.794
19.308
17.686
19.861
20.251
20.645
20.813
20.879
20.585
20.932
19.155
21.127
21.780
21.623
21.690
21.868
22.259
22.359
21.063
23.104
23.012
22.615
22.245
21.436
23.210
23.790
23.847
24.240
24.456
23.985
25.129
25.475
22.032
9.903
25.454
25.773
16.711
14.063
25.869
22.953
19.166
23.964
22.948
24.335
19.047
27.052
27.575
25.985
28.075
28.031
28.341
28.254
29.312
28.615
28.942
27.735
29.028
29.839
29.710
30.122
30.159
29.753
29.909
29.474
29.494
16.989
26.992
28.619
29.592
29.963
30.020
29.463
20.708
21.835
28.942
24.641
28.650
27.407
32.712
31.857
32.050
32.844
31.301
27.609
31.512
13.574
18.511
5.250
6.234
18.534
30.253
33.187
22.875
28.895
12.518
21.275
27.212
18.135
28.604
21.173
5.982
19.170
34.105
33.920
22.972
16.328
33.384
26.761
4.128
30.098
30.049
14.491
12.867
13.017
24.394
26.221
27.206
26.315
11.867
14.725
16.223
16.048
25.806
30.075
35.533
32.079
33.074
33.605
27.246
34.748
33.667
25.564
25.124
22.329
20.562
18.159
32.499
28.503
27.686
31.542
25.901
19.264
33.795
19.941
28.885
29.178
25.973
27.718
21.705
19.514
28.345
17.221
32.708
31.017
24.857
17.849
14.741
12.905
23.797
28.602
15.998
6.081
9.073
28.504
30.010
21.238
22.368
23.978
2.428
9.465
9.124
25.546
20.442
23.777
23.576
22.063
34.468
22.445
13.051
14.121
28.756
16.730
17.698
32.369
4.841
29.267
11.942
7.882
26.493
31.011
30.136
14.083
6.385
26.503
26.091
21.461
25.463
31.189
9.491
20.450
13.256
1.567
14.705
28.572
30.595
12.702
13.196
18.330
8.531
14.348
20.210
18.127
19.114
21.857
27.512
26.884
15.931
17.122
9.095
7.428
12.635
17.343
28.386
24.274
1.834
1.698
1.434
3.532
6.112
6.908
16.338
25.287
11.705
14.489
3.727
19.299
13.096
2.139
5.541
7.684
24.666
12.385
2.076
22.489
22.375
1.658
15.193
12.959
13.342
17.021
14.894
6.662
21.236
22.664
23.140
6.808
12.805
12.035
17.417
9.526
15.389
18.137
20.720
3.904
21.265
21.432
20.219
20.848
1.132
19.556
20.711
20.323
19.281
19.726
15.361
19.697
17.548
18.259
14.696
11.016
18.970
3.782
18.401
19.312
18.635
18.592
18.640
18.542
17.759
18.184
17.076
16.757
16.629
17.462
17.551
16.378
15.272
16.492
17.560
17.287
16.869
15.983
15.561
16.648
16.240
14.247
15.100
16.615
10.703
16.738
16.664
16.634
16.455
16.252
15.995
16.248
16.121
12.923
15.983
14.873
15.538
16.336
16.014
16.108
15.879
13.543
16.254
16.341
16.182
16.322
16.315
16.549
16.558
16.503
16.605
16.369
16.501
16.719
17.118
17.132
17.150
17.021
16.975
17.050
17.251
17.530
17.579
17.691
17.268
11.830
9.483
11.888
16.359
17.897
18.028
17.967
18.354
18.397
18.276
18.822
19.325
19.143
14.642
18.224
19.858
19.795
19.900
18.538
17.379
20.493
20.033
20.712
20.708
20.736
19.821
18.635
21.144
21.281
21.485
21.527
22.385
18.370
21.415
22.257
14.506
22.223
23.594
23.201
23.069
20.443
23.450
23.785
23.884
24.020
23.860
24.256
17.489
24.350
24.396
24.996
24.747
22.723
23.902
13.162
25.829
24.756
26.745
22.449
18.206
25.871
25.808
23.712
18.692
16.927
27.693
28.265
27.876
27.533
21.079
29.338
28.381
28.829
29.708
30.046
30.071
26.561
29.883
29.828
16.730
27.315
30.172
20.185
25.244
28.523
18.603
3.625
23.840
29.073
26.972
7.839
30.620
31.216
27.082
16.391
4.506
10.315
31.678
29.964
3.670
25.321
23.162
27.784
13.864
22.692
31.505
30.878
9.936
14.665
29.810
12.812
30.689
29.774
32.632
33.168
13.798
3.854
9.195
22.661
19.553
11.220
5.076
7.932
18.854
17.437
21.618
24.425
5.969
34.757
32.943
30.806
17.190
25.272
23.588
26.503
26.558
18.744
29.198
23.176
28.816
22.086
3.356
2.465
24.564
5.207
24.235
24.809
8.081
11.883
24.571
17.401
18.725
7.539
34.529
24.894
22.477
23.837
18.801
9.051
7.900
7.956
11.720
22.221
32.818
22.248
15.664
25.684
29.360
23.858
20.501
10.540
13.544
35.225
35.528
30.462
23.061
23.203
26.861
29.305
31.622
28.803
33.076
22.676
23.670
27.040
25.324
9.301
19.828
9.264
23.272
21.147
27.031
32.890
29.049
30.170
21.562
18.419
18.781
18.294
15.859
11.359
8.737
21.913
22.182
20.214
21.147
15.048
3.081
12.066
14.714
22.971
29.591
12.622
11.020
28.019
18.867
20.238
23.270
30.626
31.059
30.683
30.684
27.131
30.116
31.268
31.590
31.134
28.881
30.002
30.544
25.607
15.555
4.471
22.892
28.823
18.723
24.346
27.098
26.476
28.177
24.230
28.085
16.532
26.371
27.643
27.603
27.376
27.435
24.236
11.329
26.319
15.188
25.755
8.833
13.952
22.019
24.386
11.056
10.580
20.178
25.406
25.227
24.682
24.561
24.187
15.566
12.085
20.528
17.908
6.030
23.735
23.677
16.332
8.599
20.218
20.927
12.886
16.842
4.681
10.810
10.935
20.811
21.134
8.274
21.225
21.010
20.946
20.607
20.424
20.360
19.854
19.505
19.505
19.363
19.631
19.440
19.229
19.095
18.843
18.655
18.460
18.485
17.631
18.176
18.003
18.843
18.355
18.075
18.177
18.126
18.051
17.471
17.040
16.909
12.087
15.971
16.830
7.970
16.960
16.742
16.575
16.483
16.268
16.397
16.705
16.935
16.653
16.560
16.316
16.825
16.354
16.264
15.766
13.191
16.081
16.010
15.538
16.130
16.111
16.091
16.011
15.820
16.010
16.254
16.308
16.081
15.502
12.236
16.247
16.648
11.835
16.599
17.003
17.162
17.185
16.847
16.824
16.917
17.065
17.176
17.146
16.683
17.151
17.551
16.862
17.549
17.898
18.133
17.642
17.736
8.972
17.931
18.515
18.790
18.999
18.982
17.415
2.452
15.185
15.500
19.707
19.834
19.568
17.862
3.253
12.750
17.742
20.607
21.025
19.900
21.184
21.228
21.519
21.138
11.934
11.778
21.885
15.368
22.011
21.911
22.427
22.418
22.506
21.939
23.099
23.633
23.513
23.629
14.439
3.698
10.547
25.023
24.798
24.835
24.933
25.508
25.577
21.639
25.752
26.213
27.383
26.535
26.658
26.554
23.133
26.906
27.069
26.787
27.484
26.481
27.411
22.531
20.049
27.746
25.714
27.880
28.903
29.027
29.063
28.259
25.054
19.163
29.720
18.676
25.981
6.289
30.330
30.467
30.779
30.641
31.072
29.509
26.385
28.256
30.733
30.498
25.256
15.328
31.298
29.551
16.903
29.044
31.237
20.047
19.162
29.568
28.716
22.537
24.291
18.230
1.885
6.234
9.789
20.208
16.553
32.532
31.570
33.477
33.790
23.612
4.844
18.057
20.543
24.814
18.030
33.463
23.115
23.693
28.787
23.438
21.289
25.157
4.475
7.854
16.386
23.759
32.293
32.214
33.545
27.625
24.294
28.011
34.776
31.237
22.934
28.633
25.316
20.791
33.789
31.416
32.359
26.474
32.529
34.581
26.298
33.147
30.163
29.108
31.215
27.106
19.263
31.853
21.249
30.759
18.580
27.975
25.894
33.101
21.754
21.031
28.854
25.496
29.148
20.701
17.097
28.259
30.727
27.001
28.743
25.962
31.180
23.487
23.698
25.759
34.472
33.752
21.469
2.884
28.945
29.640
33.446
16.605
32.766
34.409
18.952
32.588
27.693
24.558
30.250
24.775
20.706
15.861
13.258
32.307
32.385
24.848
26.538
7.912
13.171
23.934
22.632
13.364
25.594
29.112
15.039
26.647
15.782
2.807
3.524
29.775
21.231
12.652
10.051
20.205
20.981
30.329
13.966
5.779
12.925
31.117
30.527
27.305
4.270
5.980
27.417
22.437
20.738
28.686
28.077
28.995
2.250
25.778
28.486
3.277
28.129
26.691
28.107
5.930
25.878
25.552
21.775
14.406
27.018
20.239
7.165
16.971
5.127
25.811
25.955
25.785
11.189
21.967
25.351
23.718
22.814
4.912
18.960
22.333
15.355
23.615
23.524
17.947
23.204
8.098
9.708
23.133
22.810
22.235
23.056
22.711
22.701
22.497
20.794
20.361
20.711
11.773
21.252
21.176
21.275
20.681
20.771
20.824
20.370
18.539
19.503
19.028
19.257
19.178
19.177
19.598
14.926
19.420
18.875
13.298
18.582
18.584
17.350
18.285
17.464
12.644
18.111
17.642
17.649
16.385
17.505
17.630
17.678
17.763
17.543
12.939
-099.000
0.000
17.220
17.213
17.079
16.995
16.770
16.988
17.082
17.186
16.970
16.764
16.263
16.216
16.567
16.458
16.619
16.144
15.487
15.959
16.000
16.065
16.160
4.876
16.168
16.685
16.256
15.834
16.035
15.504
15.253
16.447
16.823
17.059
17.205
17.225
16.846
16.742
17.076
16.978
15.039
16.773
17.169
16.866
17.156
17.090
16.935
16.789
16.855
4.683
7.459
10.581
17.952
18.134
18.287
18.813
18.362
18.648
18.336
18.437
18.239
18.835
19.421
19.016
19.181
18.521
19.449
19.233
19.550
19.872
19.714
18.797
16.182
20.139
17.923
17.895
8.284
10.993
17.686
19.402
19.212
21.614
21.877
22.206
22.222
21.398
20.424
22.385
22.415
22.817
7.718
13.481
22.809
22.878
23.538
23.941
24.446
24.793
25.269
25.561
25.304
25.123
24.930
25.313
25.607
26.067
26.249
26.709
26.807
26.872
26.832
27.333
27.524
27.621
27.796
27.270
27.892
4.417
4.979
14.591
28.014
29.194
28.532
29.066
29.058
28.531
28.670
28.421
28.990
27.833
6.688
5.501
29.744
30.154
26.211
30.366
29.728
30.707
31.100
15.989
19.705
26.058
26.898
29.695
29.901
32.038
31.276
27.653
28.220
31.956
32.875
25.953
32.334
30.587
31.720
31.255
12.815
30.075
33.756
33.716
33.783
33.730
27.726
27.122
32.795
33.417
33.531
29.347
29.797
20.633
4.926
29.512
32.146
26.740
27.449
29.667
18.736
3.654
33.068
34.463
32.765
31.545
19.282
31.148
22.446
15.799
25.185
32.681
35.488
33.905
21.971
32.310
13.480
28.571
23.223
12.878
32.880
20.566
19.041
31.499
31.646
5.412
15.268
23.040
22.753
9.954
27.971
21.150
-099.000
-099.000
-099.000
-099.000
-099.000
-099.000
-099.000
-099.000
3.524
14.188
21.994
26.787
20.401
13.249
15.951
26.295
4.559
18.743
16.367
10.647
26.063
15.735
29.800
22.689
22.461
5.819
8.193
25.570
6.433
14.147
17.556
18.183
15.985
5.761
19.321
29.761
29.425
25.554
23.848
32.599
33.762
9.678
16.262
24.865
32.001
18.268
7.180
33.840
33.705
33.238
33.428
30.279
30.148
21.721
23.160
23.320
8.428
7.856
31.218
31.127
28.763
31.053
30.357
30.675
27.785
28.267
25.100
26.053
25.698
21.137
24.745
15.269
28.215
23.117
25.650
5.354
24.522
29.437
26.516
28.334
25.828
21.267
28.017
28.234
15.835
26.420
13.686
14.918
25.659
23.906
23.063
18.586
24.569
26.656
19.569
3.810
5.027
21.263
25.817
13.877
25.073
25.013
23.019
23.917
24.457
23.804
2.484
24.252
23.865
23.917
18.614
23.254
23.452
18.294
3.479
22.386
22.716
19.604
21.779
20.384
18.954
21.200
13.658
6.521
7.782
20.328
20.711
18.481
11.934
18.950
18.625
20.206
20.389
20.344
20.399
20.117
19.496
19.550
19.142
19.147
17.309
18.901
18.878
18.565
16.864
13.209
12.369
18.608
18.256
17.699
13.462
3.180
14.021
17.685
17.375
17.241
17.102
17.074
16.960
16.204
16.568
16.122
13.803
15.454
15.841
16.345
16.320
16.873
16.773
16.574
16.301
16.561
16.626
16.553
16.546
16.559
15.953
16.303
16.409
16.231
16.002
15.821
16.262
16.234
16.704
16.477
16.547
16.116
15.750
15.870
16.409
16.506
16.793
16.675
17.126
16.664
16.752
16.915
14.202
17.141
17.026
17.116
17.494
17.350
17.115
17.438
17.268
17.640
17.603
16.052
17.769
18.147
18.082
13.609
18.392
17.861
15.892
17.032
19.111
19.196
19.465
19.236
17.310
19.606
8.637
20.245
16.118
20.267
19.712
19.309
18.718
18.685
20.305
20.948
20.999
21.156
21.859
21.854
21.917
21.691
21.915
21.933
22.239
22.975
22.772
22.436
23.184
12.724
17.295
23.734
24.092
24.446
24.295
24.429
24.483
25.173
25.141
25.336
25.997
26.044
25.215
23.974
24.739
17.710
18.481
6.659
26.765
26.832
17.800
27.073
23.771
27.327
27.305
27.852
27.866
24.990
27.179
28.512
26.168
22.829
14.777
21.162
28.760
23.950
19.009
24.496
29.275
29.431
19.781
29.358
23.660
27.488
26.725
29.086
29.289
27.881
29.186
30.517
25.526
20.407
31.011
18.644
18.789
20.886
25.868
22.552
11.526
17.402
32.493
31.638
25.098
31.921
16.513
3.461
14.815
20.894
30.137
33.395
33.704
32.845
23.232
31.988
29.024
16.698
30.758
30.661
31.121
32.336
19.637
25.689
17.784
9.868
3.516
16.087
33.822
4.270
34.512
32.433
25.638
27.318
23.359
17.177
14.389
23.087
32.950
5.328
30.735
6.007
15.923
23.662
26.079
35.148
34.471
7.965
34.836
28.779
34.561
33.068
13.987
35.436
35.289
26.377
16.494
34.964
34.059
25.182
27.454
24.795
20.750
32.180
24.484
25.026
33.208
21.371
19.427
25.267
33.347
24.387
22.319
34.584
24.072
27.969
27.920
29.425
33.739
25.754
16.939
23.908
14.453
32.805
32.485
21.083
21.121
8.214
27.393
17.052
32.536
22.542
23.595
32.554
32.708
14.358
2.736
16.238
20.730
33.227
16.072
16.284
14.103
15.276
16.075
21.093
16.868
21.381
25.925
31.146
26.240
25.738
15.830
21.723
16.583
19.454
31.071
24.457
19.290
22.151
29.402
24.864
30.769
30.280
30.033
17.400
29.704
29.866
29.447
24.043
24.777
29.783
27.147
19.524
24.147
26.842
26.141
9.279
17.839
9.030
17.921
22.431
21.609
18.874
24.444
27.197
27.099
26.839
26.555
11.358
18.786
26.651
26.739
18.229
4.093
11.513
18.327
3.401
9.279
16.391
24.168
20.579
22.016
21.287
21.928
9.484
23.774
23.055
6.369
21.221
23.991
23.197
21.894
13.056
22.756
21.950
9.719
21.880
19.542
1.708
17.224
21.342
11.125
10.352
3.124
9.306
20.795
17.556
19.341
9.422
2.040
16.011
20.274
13.912
19.622
19.327
19.227
19.029
18.920
7.878
18.505
18.557
17.600
11.532
17.745
18.006
8.653
17.330
17.561
17.026
16.935
15.923
15.409
17.311
15.914
13.444
9.606
10.685
17.142
17.044
17.059
14.477
17.189
16.995
15.675
16.745
16.663
16.611
16.619
16.518
15.409
16.099
16.317
16.382
16.297
12.778
8.299
16.217
16.459
16.128
16.179
16.286
16.321
16.048
15.968
16.073
16.790
17.113
16.767
16.714
14.363
12.514
16.570
15.597
15.731
17.276
17.226
16.955
17.198
17.061
17.148
17.488
17.346
17.458
17.407
17.443
11.782
1.186
4.310
18.214
17.972
18.034
18.755
18.668
18.370
18.881
18.856
19.188
19.175
19.173
18.531
19.359
19.485
19.735
19.797
20.408
20.554
20.329
19.387
20.568
21.137
21.160
21.546
21.869
21.354
21.709
22.020
22.081
20.559
21.945
22.021
22.280
23.171
23.414
23.506
23.801
23.804
23.786
24.206
24.317
24.119
23.948
24.003
23.918
24.338
21.930
24.708
25.112
25.899
25.481
26.309
26.010
21.930
19.026
18.914
18.752
10.622
26.563
27.153
27.064
27.468
24.915
27.641
28.369
28.457
20.873
26.685
18.004
28.576
29.143
29.115
28.665
29.308
30.082
29.777
29.734
30.235
30.132
28.270
5.571
11.017
15.113
11.574
22.322
20.519
2.434
27.399
22.804
24.861
29.358
12.913
31.804
32.290
18.784
32.924
29.889
31.853
33.005
32.514
33.311
33.043
27.918
32.294
22.223
31.621
31.628
31.657
33.739
33.876
31.413
30.595
32.811
28.414
34.132
30.633
17.480
28.163
17.553
18.051
14.356
33.977
33.249
35.772
35.338
34.293
34.274
31.812
34.876
23.861
28.932
22.452
10.238
19.435
24.224
17.122
18.769
18.542
22.421
13.535
19.160
21.097
21.375
33.562
29.546
6.945
34.221
21.601
26.980
27.211
22.140
25.397
17.538
19.611
18.982
27.667
30.321
7.810
14.420
18.777
23.813
25.279
21.501
3.055
21.112
19.964
18.846
26.230
21.687
14.339
22.177
27.982
8.738
11.551
23.736
22.751
19.858
32.208
22.608
35.253
34.196
20.051
28.125
18.159
32.699
33.101
24.793
25.298
31.669
29.552
34.449
34.255
19.895
24.844
17.410
19.430
29.900
6.103
30.613
25.942
12.156
26.096
30.617
23.551
32.101
32.097
23.482
7.066
13.991
31.455
30.693
32.153
25.863
19.908
27.349
16.714
31.646
21.132
25.107
24.404
18.361
25.975
21.543
21.267
26.502
29.499
17.870
8.456
21.120
9.894
16.753
12.640
13.104
28.612
29.211
28.777
28.599
28.062
6.958
6.735
17.879
14.716
20.092
27.793
27.246
22.084
3.507
2.465
4.520
24.357
22.297
23.997
9.880
7.602
22.915
17.042
11.534
22.776
11.522
19.879
17.056
24.054
21.328
12.048
23.918
23.596
13.472
22.322
18.797
17.777
13.580
19.549
22.127
22.409
11.010
19.311
16.739
16.635
7.658
16.053
21.243
10.101
21.171
21.120
20.763
20.532
17.561
9.693
8.322
20.380
19.817
13.844
19.593
17.240
18.973
19.108
18.709
18.745
18.626
18.591
18.086
18.066
17.930
18.122
18.263
18.118
16.661
17.401
17.459
17.199
17.173
16.973
17.229
17.119
12.688
16.071
16.870
17.305
16.751
16.582
16.745
16.456
16.264
6.246
2.038
11.463
16.204
13.230
15.800
16.491
14.695
16.156
16.353
16.660
13.335
16.071
12.535
15.815
15.439
15.801
15.990
16.130
16.679
16.717
16.440
15.262
16.308
16.698
15.823
16.713
16.886
16.877
17.026
16.533
16.686
17.255
17.321
17.382
16.796
16.086
17.186
17.629
17.223
17.877
18.306
18.111
17.348
17.986
18.206
15.325
18.620
18.694
18.718
16.502
18.971
19.164
19.594
19.487
19.464
19.826
20.662
20.093
20.899
20.295
20.189
20.359
20.720
21.315
21.147
21.108
21.348
22.355
22.030
22.285
22.259
21.111
20.602
22.427
22.897
23.052
23.135
23.774
23.157
23.458
24.049
23.976
24.207
24.402
24.324
25.053
25.073
25.398
25.376
25.761
26.326
26.314
26.615
14.643
5.143
20.526
27.055
27.409
27.219
26.960
27.152
27.129
27.475
27.912
27.468
20.247
16.027
27.404
20.193
10.334
18.039
23.851
29.055
29.398
28.704
29.610
30.019
16.942
26.474
4.089
3.607
5.865
14.278
19.428
29.619
27.758
21.462
21.278
10.602
28.863
30.826
30.730
31.478
25.479
31.114
31.827
17.566
33.532
33.255
33.556
33.280
33.223
32.610
27.349
29.926
32.080
33.775
33.362
23.091
20.615
14.956
22.185
17.836
21.265
18.277
21.304
34.828
34.903
24.148
32.006
26.442
17.256
22.322
25.854
25.900
22.403
30.293
32.922
16.238
20.289
14.605
19.348
19.832
24.123
24.458
33.325
20.064
34.627
34.322
28.241
17.655
27.569
23.815
25.907
19.260
24.663
6.582
11.674
31.834
25.465
27.608
35.848
35.152
35.628
33.589
9.654
24.715
23.770
23.172
20.321
20.916
17.801
23.304
30.115
33.837
27.273
12.815
22.807
30.253
32.920
31.410
28.197
12.904
4.985
23.894
33.638
29.168
3.511
11.136
24.580
34.428
2.814
35.643
34.923
35.077
24.308
7.917
14.022
20.180
28.842
24.268
10.827
14.213
10.605
10.081
17.155
11.741
24.929
23.826
24.485
27.709
24.930
22.464
18.929
21.808
25.311
27.490
17.459
19.476
16.247
24.053
10.205
14.419
3.089
3.018
7.887
25.890
31.449
12.033
13.582
13.192
7.465
31.489
29.874
14.147
11.550
21.117
17.977
23.965
2.783
12.656
6.987
26.952
13.048
8.528
12.927
23.318
20.831
12.988
15.182
5.312
2.160
4.247
19.747
19.763
22.963
18.694
15.148
19.096
13.253
19.015
26.631
25.607
25.960
8.377
24.331
16.524
21.548
15.057
18.028
10.250
17.452
12.859
23.425
20.036
1.835
23.303
23.348
23.588
22.994
22.995
1.353
21.434
23.157
22.846
22.290
21.556
13.525
5.593
21.572
16.558
21.150
13.091
21.072
20.908
21.067
20.808
20.781
19.521
14.841
19.453
8.244
14.984
19.630
19.176
8.705
10.096
12.528
9.661
16.114
15.086
18.804
18.660
17.900
17.579
18.153
18.018
17.302
14.764
17.423
17.518
4.819
17.634
17.025
13.716
17.755
17.693
17.446
16.849
12.881
16.809
16.976
16.887
17.387
15.395
5.680
13.638
8.005
16.397
16.476
16.335
16.315
16.850
16.661
11.581
16.408
16.517
16.775
16.206
16.083
16.398
17.040
16.491
16.238
16.131
16.237
16.510
16.497
16.398
16.358
16.544
16.589
8.266
7.397
16.591
17.111
17.207
17.528
17.545
17.410
14.629
17.408
17.356
13.111
15.868
15.333
18.089
18.408
18.345
18.543
18.738
17.967
18.636
18.880
18.833
18.914
19.087
19.493
19.643
19.375
19.623
20.154
20.389
20.289
16.606
18.761
19.710
19.834
19.677
19.498
20.405
11.920
21.337
21.737
13.325
18.437
20.861
20.761
7.729
7.684
20.765
17.731
23.237
12.076
22.766
23.659
23.999
21.227
24.173
24.075
23.304
24.413
21.863
22.691
25.005
25.534
24.948
25.535
25.947
26.266
26.617
27.460
27.517
27.456
26.836
26.895
27.056
25.913
27.846
28.012
28.224
28.184
28.407
28.957
24.960
15.462
27.145
29.896
30.069
21.000
29.045
27.882
11.185
4.832
18.818
28.796
31.056
30.874
31.335
31.015
31.472
31.421
19.451
20.916
30.931
19.963
26.434
14.207
12.868
22.530
1.649
3.453
11.877
31.929
26.097
20.043
31.904
23.831
15.074
18.437
32.290
32.509
19.262
33.806
33.847
9.511
16.245
33.712
28.728
2.181
31.258
30.529
25.771
28.426
12.487
32.566
23.423
28.093
2.825
34.196
16.579
26.036
23.630
33.608
4.178
28.725
32.555
30.294
5.804
18.792
18.425
13.182
29.147
32.877
21.538
5.745
8.632
33.372
20.395
9.989
21.087
31.095
25.856
25.510
25.018
28.075
2.843
34.198
28.420
27.383
2.594
15.758
2.607
17.788
26.287
17.306
11.275
19.743
30.135
32.929
24.098
5.734
30.637
24.652
18.681
14.127
18.633
30.436
20.698
7.497
3.947
4.485
26.336
27.620
24.708
3.187
17.411
17.796
19.413
34.227
2.664
19.852
6.589
15.993
14.748
8.401
19.139
32.795
12.454
33.481
21.814
29.848
26.722
28.386
18.886
14.234
12.023
21.877
24.103
30.751
27.192
10.078
19.204
6.810
11.661
24.865
19.247
8.223
23.441
19.188
8.414
13.241
18.548
10.586
19.210
20.759
25.789
20.065
30.286
30.393
19.404
20.208
23.021
19.974
20.159
23.630
23.251
4.707
7.554
14.596
8.982
8.104
9.617
2.671
16.974
19.351
17.451
17.771
5.436
17.849
25.391
23.579
21.019
12.919
15.209
24.721
26.193
23.719
24.343
9.116
25.700
18.976
2.403
8.346
15.516
24.945
24.774
24.407
24.315
18.749
23.691
12.538
10.833
22.144
23.103
23.133
23.349
23.004
22.955
22.682
22.182
22.125
21.853
21.608
21.946
21.446
21.099
20.978
19.842
18.724
15.714
20.187
19.673
6.867
11.549
17.513
19.890
18.944
19.105
18.074
17.815
10.825
14.791
19.124
18.712
18.482
18.394
18.088
15.110
1.077
16.623
17.834
17.563
17.803
15.894
17.086
16.937
17.229
17.429
16.794
16.079
12.209
15.892
16.751
16.546
16.295
2.204
16.629
16.733
16.359
15.773
16.619
16.286
15.684
15.557
15.919
15.894
16.139
10.808
15.424
16.196
15.919
13.967
15.953
15.856
16.148
16.232
16.152
16.599
16.293
16.200
16.394
16.370
15.917
14.622
15.964
16.599
16.719
16.444
16.484
16.428
16.482
7.742
14.272
16.473
16.948
17.335
15.435
17.457
17.696
17.591
3.027
17.916
18.210
18.496
18.456
18.543
18.192
18.303
18.438
17.413
18.840
18.546
18.745
18.679
19.343
19.667
19.831
19.411
17.486
18.280
17.776
20.139
20.874
21.210
20.544
20.255
20.898
20.701
20.473
21.213
5.876
10.904
21.533
21.599
21.856
21.697
3.577
22.309
22.413
23.152
22.407
8.059
20.117
21.023
23.252
24.020
24.073
23.856
23.149
24.184
24.171
10.086
21.425
25.019
25.506
24.563
25.698
26.020
25.058
26.050
26.252
26.748
26.822
26.987
27.208
27.151
23.382
25.641
24.267
17.625
22.825
28.455
21.990
29.169
23.819
20.016
20.869
16.490
17.967
23.685
30.457
30.062
29.880
30.757
23.535
30.376
29.789
31.010
30.900
30.926
30.506
26.821
14.771
29.719
18.407
20.786
31.384
26.951
11.938
5.731
3.047
2.859
8.864
22.311
17.958
8.374
15.320
24.751
19.056
14.866
21.788
27.082
17.477
3.382
7.269
3.941
18.097
21.906
22.674
26.404
27.675
3.256
25.410
26.141
32.964
27.181
28.161
16.783
22.720
27.034
29.493
19.098
13.692
15.560
29.230
19.600
23.810
22.736
25.827
21.314
33.530
26.668
34.522
33.875
31.696
26.879
23.008
35.170
34.446
28.379
29.500
21.716
30.704
29.094
21.209
23.013
32.929
32.710
5.375
32.963
26.254
28.279
16.526
11.611
8.543
8.305
33.787
23.300
17.078
24.944
17.154
14.423
14.986
20.802
14.551
17.102
11.431
4.566
3.122
19.797
27.983
26.767
21.580
28.347
27.550
31.032
28.989
27.577
26.705
27.658
14.580
28.104
25.131
28.372
31.452
31.586
27.235
30.615
28.932
8.145
22.548
26.961
31.680
32.500
6.906
11.621
13.380
15.168
9.143
22.473
22.568
27.080
31.375
31.548
31.086
10.675
10.713
15.160
29.098
16.380
25.657
20.715
6.235
22.356
17.913
24.918
23.379
23.791
26.988
26.405
24.443
22.344
23.831
19.094
20.259
17.857
25.960
26.755
20.745
27.267
26.954
26.438
26.409
26.685
4.317
14.719
24.701
26.551
26.050
24.383
7.698
11.243
17.705
24.431
14.235
3.076
19.361
21.593
22.786
13.422
6.028
23.745
23.904
23.690
23.357
10.749
23.052
23.120
16.422
22.656
22.170
21.882
21.919
22.035
17.456
16.650
21.790
21.281
21.192
10.468
9.295
9.164
13.837
20.370
12.658
20.020
19.949
19.736
19.376
19.804
19.306
15.121
17.514
18.332
14.502
18.790
17.785
17.361
17.965
18.005
17.869
12.373
2.432
16.440
17.359
17.369
17.586
16.547
17.467
17.448
15.805
12.989
7.958
13.529
16.882
17.104
16.947
16.530
16.083
10.509
16.547
16.138
16.094
16.102
16.098
16.054
15.835
15.995
16.071
15.446
15.444
13.992
15.220
15.156
15.341
15.321
11.116
15.688
15.550
15.882
16.200
14.716
16.019
15.922
15.490
11.867
16.099
15.941
16.092
16.084
11.280
16.368
15.936
16.313
16.226
16.746
15.875
11.149
10.068
5.458
16.585
16.051
8.996
17.664
17.661
17.864
17.615
17.642
17.786
17.979
17.791
8.239
18.074
18.257
18.540
13.985
13.776
18.819
19.218
19.126
19.650
19.628
20.150
17.285
19.525
20.010
20.292
20.462
20.351
20.435
20.645
20.509
18.190
20.456
10.081
17.907
15.974
22.309
22.737
22.057
22.154
22.451
21.832
20.886
19.255
23.046
22.178
2.831
4.401
24.360
24.121
24.527
15.680
7.908
5.006
14.086
20.721
10.190
25.097
13.335
2.470
24.476
25.765
26.513
22.987
26.447
26.831
26.780
27.438
6.289
25.996
28.028
24.451
27.940
28.502
27.892
27.678
22.217
28.288
7.824
27.663
28.822
12.504
29.471
29.910
23.210
29.456
29.768
29.809
25.723
26.080
24.180
22.900
9.268
22.064
31.287
26.499
3.918
20.356
26.657
25.175
21.454
31.407
30.770
32.482
13.724
32.172
16.968
32.542
31.973
29.140
33.727
32.092
33.343
33.277
30.712
29.355
25.465
28.175
18.390
28.027
15.714
15.987
7.627
23.483
26.107
27.683
17.468
20.138
3.356
2.336
5.193
9.009
15.424
20.034
31.358
14.345
14.114
33.970
4.952
19.606
33.888
24.691
21.965
20.726
23.272
24.605
15.380
13.542
27.153
34.606
34.781
7.934
20.341
26.700
32.241
34.806
23.008
28.419
34.352
32.848
16.877
6.906
20.441
24.318
27.110
24.048
7.651
19.094
7.290
13.129
17.252
18.125
15.288
22.713
27.481
7.688
6.398
34.420
33.078
34.533
28.777
30.767
23.373
23.230
30.383
2.604
20.816
15.317
20.692
29.050
26.003
22.773
33.148
9.535
17.034
29.667
26.331
28.209
32.819
25.730
3.579
20.160
24.453
14.233
28.826
15.564
6.564
12.520
33.428
33.143
32.532
21.777
29.153
28.210
31.934
30.059
28.772
26.140
8.705
13.726
26.220
23.416
27.650
29.966
26.394
27.407
24.904
22.132
17.108
6.921
5.108
12.110
3.337
10.590
6.445
21.909
22.989
20.951
27.789
25.599
20.474
26.859
22.495
13.398
26.956
17.206
25.304
9.173
17.218
25.505
24.834
21.732
25.664
17.021
26.130
23.909
9.444
4.022
24.964
25.432
23.449
3.492
4.293
16.359
18.549
24.292
24.086
23.934
24.236
23.922
23.627
24.086
23.124
18.968
22.816
22.764
22.312
14.399
17.345
3.810
16.931
21.434
21.437
21.424
11.057
15.151
16.629
13.527
17.575
18.590
19.421
20.058
16.242
20.048
19.956
19.531
19.454
19.227
18.983
12.192
16.228
9.202
18.963
19.418
18.706
17.911
18.193
18.126
18.020
17.403
17.514
17.632
2.126
17.195
17.700
14.616
17.548
16.772
17.275
17.249
17.283
16.712
16.138
17.078
16.869
16.880
16.626
16.370
16.032
16.220
15.172
16.297
16.327
16.249
15.979
15.372
16.153
16.194
16.361
16.205
16.387
15.946
16.053
15.976
16.204
16.614
16.424
16.642
16.226
16.442
16.459
14.227
15.091
14.585
3.048
13.906
16.979
16.889
16.804
16.620
16.791
8.706
17.269
17.613
17.698
17.765
17.972
18.057
17.836
17.732
17.560
17.392
17.271
3.483
18.192
18.639
18.490
18.065
10.468
19.311
18.839
19.516
18.947
19.479
19.447
18.913
19.769
19.698
15.553
20.417
20.696
11.239
11.949
11.347
20.963
21.189
20.033
21.374
21.800
22.051
19.629
17.980
18.277
22.860
22.910
22.993
22.986
22.904
23.401
23.219
22.682
22.998
24.159
22.597
23.978
24.625
25.108
25.563
25.328
24.520
24.890
24.463
25.891
25.059
14.043
26.194
26.664
26.943
26.772
27.028
27.629
26.925
15.083
27.067
28.060
25.855
15.411
28.622
29.103
27.986
28.825
26.313
6.192
16.715
19.669
22.798
29.713
29.388
29.080
25.001
30.102
30.089
22.406
10.260
20.885
21.776
30.684
31.436
29.273
30.552
29.657
9.099
11.029
10.065
6.532
10.865
6.191
26.312
31.777
30.861
18.000
13.096
18.861
26.823
32.697
32.915
29.086
33.002
26.441
33.543
33.299
21.170
24.049
25.700
11.854
15.295
6.158
15.325
17.068
15.088
34.498
33.794
28.070
25.668
17.976
22.005
18.309
15.309
23.340
19.768
30.188
33.920
21.414
35.387
34.633
35.057
34.939
34.542
32.290
15.882
12.210
22.645
15.211
30.850
30.709
12.192
18.160
12.036
4.767
18.715
23.441
26.172
12.199
34.570
22.792
30.507
17.581
16.397
14.721
30.363
18.713
12.087
27.776
29.997
24.436
7.449
20.164
27.076
22.531
19.898
20.821
24.331
29.904
34.695
29.809
28.112
30.497
33.959
33.220
29.218
20.216
23.462
23.485
30.646
12.917
28.799
27.025
24.228
13.556
27.899
30.823
32.698
22.682
18.054
23.191
32.346
28.130
28.540
20.991
2.851
19.946
28.313
24.992
14.761
6.389
11.751
7.067
6.214
24.302
31.760
30.441
5.551
26.289
25.861
24.300
29.127
22.124
25.797
24.244
14.892
2.969
8.006
18.792
16.610
23.288
25.871
25.229
20.911
27.560
28.664
24.865
29.168
29.525
29.009
25.298
26.392
22.861
16.810
3.151
24.806
27.474
27.698
23.276
18.595
21.793
26.753
25.139
13.524
25.637
24.818
23.948
2.159
11.094
9.317
25.201
24.972
21.103
6.203
2.658
18.544
24.633
24.111
14.033
9.964
14.640
13.579
15.164
16.898
22.082
16.169
16.535
10.760
22.307
22.220
22.006
21.425
18.130
21.062
21.557
21.519
21.339
20.474
19.886
20.318
19.949
19.823
19.559
13.089
16.533
19.603
17.796
2.625
6.498
12.479
18.907
18.898
18.961
18.800
18.880
18.742
18.197
18.040
17.840
17.257
17.567
17.709
18.220
17.583
17.200
14.443
9.279
3.827
16.208
16.585
16.904
16.835
16.624
15.846
16.333
16.356
5.733
6.231
16.163
16.414
16.692
15.955
12.630
15.823
15.856
15.769
15.293
16.107
16.700
11.993
13.606
16.372
16.060
16.477
16.589
16.838
16.665
16.583
16.649
16.890
16.582
16.628
16.603
16.355
16.490
16.711
15.733
16.707
17.034
17.083
17.028
17.501
17.511
17.380
17.044
16.972
17.097
17.555
17.357
16.228
16.576
17.684
16.269
18.139
18.598
18.676
18.862
19.104
18.269
18.375
18.095
15.960
18.959
19.789
19.905
19.909
20.090
19.945
17.848
19.224
19.936
20.686
21.167
21.393
21.021
19.893
20.539
19.502
21.326
21.955
21.630
21.640
22.116
13.674
21.291
22.139
20.085
22.042
22.968
23.540
23.308
23.707
23.869
18.818
24.588
24.559
24.729
24.969
24.941
24.656
24.834
25.678
25.962
25.981
26.940
25.741
26.504
17.251
26.203
26.343
26.838
27.455
27.199
26.905
21.406
27.232
25.890
26.960
17.334
26.950
25.623
10.287
3.324
20.239
18.522
20.605
29.144
16.636
18.779
28.595
18.749
17.467
14.593
30.152
21.625
10.408
30.345
30.320
31.055
31.173
31.471
31.353
6.121
20.308
12.516
21.073
28.194
11.146
19.686
20.856
11.037
4.147
20.765
28.671
33.167
33.217
29.418
28.621
19.740
1.987
21.211
27.830
21.250
32.074
21.039
32.648
30.735
34.150
33.858
20.344
23.920
21.302
7.093
20.935
30.376
32.352
27.986
25.051
26.596
25.332
34.320
34.748
34.873
32.323
24.280
25.012
33.088
35.588
33.658
27.455
34.753
29.702
22.541
32.496
18.846
18.639
10.662
19.685
22.389
16.901
16.560
26.385
30.338
22.776
18.410
27.991
25.907
13.425
30.045
32.954
26.604
30.251
30.562
34.737
35.756
34.211
21.179
23.229
20.014
22.156
25.760
31.944
23.903
10.744
11.430
7.967
27.847
16.534
22.957
29.321
27.462
16.821
4.796
4.069
13.396
23.093
31.954
27.347
17.990
12.350
20.376
18.207
20.518
16.175
24.367
30.420
8.737
26.189
25.840
20.321
28.020
25.418
29.112
30.504
17.620
26.600
22.017
27.643
22.695
19.633
12.851
29.822
6.287
18.470
32.176
23.208
18.186
3.910
11.159
4.603
16.814
27.855
28.939
24.486
13.370
23.321
18.608
3.426
3.412
17.419
16.855
8.849
16.672
18.328
21.108
22.742
13.445
25.918
18.890
7.247
13.410
27.020
19.485
22.014
22.261
26.985
27.160
26.937
25.657
15.332
21.801
18.723
14.642
23.770
13.524
25.455
25.226
25.580
24.760
23.867
24.313
24.215
24.306
3.533
22.770
24.355
24.141
16.188
23.556
23.438
23.167
20.577
21.492
13.686
19.017
22.163
22.012
21.968
21.897
21.813
21.445
20.611
20.907
20.557
20.517
7.801
20.055
19.671
18.133
8.047
2.480
20.439
19.965
19.882
19.504
19.122
18.761
18.571
14.215
18.212
18.516
6.154
6.384
7.863
17.839
18.052
17.802
17.974
17.724
9.577
17.422
17.510
17.658
17.269
17.064
16.717
16.786
16.131
16.416
16.487
15.902
17.024
16.683
16.583
17.155
17.209
16.441
16.389
15.834
15.315
16.069
16.260
16.351
16.375
16.576
16.787
16.559
16.566
16.454
16.233
16.415
16.510
16.613
16.215
16.368
16.541
16.627
17.031
16.581
17.063
16.902
16.623
17.123
17.367
17.752
17.365
17.788
16.727
16.644
17.152
16.489
17.508
17.516
17.622
17.828
18.266
18.587
18.699
18.897
18.583
18.439
18.896
18.746
18.766
18.726
18.910
19.204
18.999
19.340
14.758
19.610
20.215
20.023
20.161
20.449
19.913
18.589
13.648
21.204
21.722
17.579
16.884
21.667
22.081
22.141
22.261
22.460
22.930
22.846
23.461
23.346
23.174
23.162
23.369
23.103
23.697
23.185
23.920
23.972
23.640
24.278
24.580
24.745
24.686
24.573
22.955
23.703
23.091
18.440
19.550
26.167
25.895
26.126
26.383
27.225
27.749
27.937
28.026
27.711
28.709
28.288
22.256
28.352
25.065
12.607
15.588
29.115
29.109
29.244
28.797
29.351
29.755
30.070
29.780
30.320
26.476
23.411
30.117
30.607
31.416
11.113
31.674
31.666
31.496
30.654
30.959
30.386
18.379
31.001
31.779
30.463
28.359
18.971
17.291
20.942
7.855
20.557
32.847
33.067
33.342
33.118
32.818
31.893
31.446
25.425
30.304
18.123
8.452
11.500
17.830
19.687
32.294
33.156
16.608
22.228
5.922
12.021
25.052
32.694
17.117
5.043
20.976
26.462
20.900
22.369
17.123
31.325
29.207
30.429
32.987
25.111
24.360
19.702
19.733
21.110
2.081
22.184
24.963
22.806
20.488
22.126
27.121
25.873
29.089
27.089
25.192
35.467
35.028
30.608
31.335
25.786
35.896
35.459
33.626
24.469
32.522
31.875
22.248
27.445
28.658
23.365
19.606
21.466
5.401
34.259
24.309
14.930
29.124
29.610
26.843
34.673
29.746
12.132
7.431
16.528
19.179
22.910
25.691
22.023
13.062
12.756
22.233
10.716
27.279
25.914
32.812
12.215
24.398
18.624
11.153
27.666
25.678
11.788
19.211
19.343
11.163
32.492
27.782
30.413
22.444
3.409
11.680
20.337
23.965
28.716
31.401
22.283
25.633
23.720
26.750
14.867
31.141
24.471
14.483
19.422
21.729
28.057
26.463
16.812
5.228
21.439
6.891
20.763
16.733
15.146
29.698
30.087
28.247
19.611
21.115
28.915
28.968
28.267
17.674
17.030
20.877
14.480
27.847
27.822
22.614
25.891
10.041
6.749
26.666
27.073
23.233
21.585
17.711
26.194
25.754
25.147
26.108
26.814
22.279
7.819
25.199
25.176
24.379
24.660
23.065
23.925
24.159
15.618
19.907
23.192
23.017
13.159
22.758
22.857
22.635
22.376
22.338
22.132
20.136
20.266
13.463
6.832
21.126
20.990
20.577
18.352
15.146
10.940
13.415
16.311
19.291
19.930
20.219
11.904
18.916
19.221
18.068
19.043
18.510
11.582
18.372
18.592
18.646
17.980
9.191
16.131
17.774
17.859
17.045
17.712
17.887
17.607
17.504
17.326
15.263
1.079
15.840
17.056
16.861
17.142
17.253
17.456
16.833
13.994
16.330
16.360
15.583
16.798
16.951
16.540
15.907
16.117
15.283
15.031
8.327
10.064
16.342
16.343
16.504
16.544
16.871
16.425
8.791
12.030
16.818
16.825
16.951
17.018
16.807
16.732
16.666
14.276
16.423
17.209
16.230
17.119
17.191
17.612
17.459
16.614
17.187
17.455
17.828
17.522
17.651
17.623
17.229
17.685
17.932
18.321
18.344
18.080
18.672
18.787
18.897
19.145
19.271
19.410
19.247
19.202
19.231
18.981
19.849
20.330
20.078
20.771
20.376
20.739
20.883
21.286
21.572
22.005
20.860
21.179
21.662
22.271
22.361
21.986
22.416
22.628
23.490
23.868
23.573
23.573
20.283
23.157
14.370
12.171
23.866
24.480
24.929
25.466
25.596
25.157
25.209
23.858
26.065
26.058
26.672
26.599
26.507
26.419
25.253
25.155
25.956
22.654
27.271
26.625
27.781
27.401
5.167
1.988
4.425
25.212
28.688
28.534
23.610
27.570
20.495
29.133
29.579
29.846
30.334
30.159
30.151
30.230
30.416
30.036
30.862
30.508
30.147
31.303
31.558
31.601
32.243
32.080
31.919
19.103
2.992
9.793
28.562
31.296
32.526
32.229
32.347
32.297
28.298
23.386
22.932
32.908
32.270
17.687
31.383
21.613
33.377
34.111
30.097
33.665
8.274
27.974
25.152
30.380
20.514
30.503
30.487
16.463
13.990
28.589
18.913
17.243
33.241
18.416
35.442
34.623
34.830
35.138
34.703
35.197
34.534
35.274
34.833
24.537
34.799
26.540
28.327
23.393
31.965
35.545
30.348
18.625
31.175
9.041
28.705
35.170
24.784
22.805
8.209
34.345
31.486
34.924
30.876
30.824
31.207
34.610
25.057
13.554
24.796
14.795
17.316
27.997
20.547
12.999
33.204
33.726
27.394
33.348
34.810
34.358
25.558
22.060
34.132
35.162
35.435
26.448
32.013
34.741
33.635
34.004
25.513
20.761
20.075
29.852
30.379
32.457
31.696
32.874
26.483
16.725
28.413
8.422
14.851
22.812
25.303
31.870
28.247
23.177
3.939
14.277
23.335
15.011
31.769
17.548
9.907
9.611
19.923
17.127
11.334
26.773
26.752
24.112
1.675
27.551
26.399
21.103
22.617
25.179
25.279
10.501
16.740
21.848
21.011
26.374
17.494
19.554
28.261
30.061
23.575
16.449
26.426
26.760
25.018
17.546
10.250
19.867
10.899
27.790
21.471
27.006
26.448
23.314
23.046
27.030
2.713
21.885
26.117
25.377
13.538
24.695
25.946
24.286
25.109
25.485
24.642
24.999
25.351
25.337
25.086
24.612
23.214
23.079
23.854
23.728
23.736
23.500
22.623
22.885
22.956
23.285
22.265
22.515
20.163
22.564
22.106
22.091
21.868
21.343
21.028
21.198
20.985
21.151
21.174
21.516
19.537
19.967
19.973
19.753
13.570
19.395
19.050
19.003
18.834
11.103
13.312
13.181
18.515
18.737
18.171
18.997
17.835
18.604
18.389
17.618
18.351
17.859
18.284
15.726
16.276
17.549
17.266
15.907
17.059
16.658
16.593
16.837
14.292
13.258
16.683
16.593
16.521
16.663
17.058
14.049
16.643
16.838
14.538
14.901
15.856
16.324
16.420
16.548
16.501
16.254
15.787
16.054
16.258
16.212
16.243
16.264
16.297
16.272
16.535
16.742
17.070
17.097
17.285
15.964
16.340
16.321
16.361
17.039
16.913
14.234
10.958
16.439
16.964
16.885
17.292
17.196
16.526
17.619
17.546
17.984
18.156
17.990
18.149
17.976
18.410
17.980
18.769
19.312
19.592
19.119
17.304
18.563
18.471
12.572
4.633
19.930
20.067
15.477
17.059
15.679
17.602
20.349
20.455
20.669
21.296
18.826
21.420
22.082
21.684
19.634
7.918
22.019
21.696
22.705
21.236
23.140
23.923
23.723
22.511
22.619
23.363
22.794
24.179
24.382
25.259
25.207
25.029
25.197
25.453
25.248
25.448
25.628
23.780
25.686
26.495
26.717
26.825
27.071
26.933
21.425
23.772
27.428
27.707
27.899
28.326
27.768
17.831
25.340
29.205
22.953
13.195
18.795
29.014
29.387
29.567
27.424
29.865
30.146
30.512
29.977
31.312
31.126
31.625
26.612
28.493
28.174
23.947
28.076
31.622
30.843
23.574
31.872
32.408
26.610
21.168
32.361
32.219
32.371
33.670
30.482
21.301
29.254
7.432
31.544
34.007
17.080
33.557
32.349
22.009
24.751
29.300
29.631
34.033
32.893
32.520
32.123
34.575
33.640
19.048
8.533
33.980
34.133
30.652
20.261
31.731
33.754
9.044
34.036
32.411
27.254
25.093
31.939
15.052
35.259
28.705
32.652
32.467
34.314
33.733
33.641
33.275
32.719
31.832
27.496
26.296
34.802
35.937
35.317
23.047
26.610
33.261
26.583
21.727
16.872
6.637
25.256
34.742
34.889
34.821
34.905
19.040
27.630
23.219
27.541
2.419
6.729
20.184
19.692
24.618
16.782
14.388
19.022
31.201
26.042
30.354
8.900
33.841
27.671
25.833
31.977
22.955
21.189
34.185
29.588
23.411
9.960
33.337
15.112
32.665
29.466
33.381
4.053
33.593
31.630
26.619
34.140
31.673
11.222
25.481
29.992
25.451
2.499
12.756
17.010
3.025
7.115
14.652
32.212
16.159
23.031
27.930
29.412
22.710
12.992
2.755
3.776
11.215
31.553
22.315
18.934
21.021
15.504
20.108
23.004
30.417
29.187
29.802
28.870
29.238
17.965
8.639
28.450
1.558
16.239
29.238
28.853
13.239
8.367
14.671
15.804
28.040
27.678
17.659
14.576
23.587
21.539
3.920
1.762
26.081
26.580
17.289
17.458
23.588
24.942
19.986
25.046
25.175
24.123
14.998
25.053
10.805
24.191
24.096
23.933
17.111
14.661
21.608
17.424
7.099
1.683
23.085
22.960
22.556
22.234
20.105
17.042
13.996
7.293
9.885
12.009
6.190
12.854
20.790
20.779
20.593
12.826
9.874
10.854
15.493
19.652
19.555
19.315
18.048
19.181
17.950
14.388
16.899
1.586
2.337
19.176
18.845
18.640
18.723
18.444
17.985
17.511
17.697
16.136
14.535
16.898
17.274
16.496
10.726
17.122
17.009
16.985
16.688
16.568
16.731
17.004
16.344
12.330
15.744
15.560
8.609
5.942
11.564
13.919
16.577
15.568
16.364
16.067
15.950
15.524
16.122
15.959
16.099
15.020
16.035
16.138
15.580
16.041
16.112
16.198
15.867
16.661
16.533
16.573
16.567
16.132
15.993
16.132
9.152
16.527
16.672
16.629
16.515
16.985
17.145
16.635
16.785
17.206
17.401
17.227
17.535
14.391
13.538
17.662
7.678
18.473
18.888
18.876
17.864
12.035
18.097
14.885
19.297
18.977
16.995
19.355
18.395
13.792
14.198
20.139
14.612
16.768
6.154
20.862
13.006
18.618
21.399
21.372
19.175
21.580
21.792
2.140
17.474
20.764
22.496
18.189
3.801
23.425
23.640
23.896
23.510
23.909
23.947
23.041
22.210
19.751
11.002
19.693
23.438
24.947
24.234
25.317
25.778
26.862
26.366
3.185
24.558
26.619
26.352
20.015
4.383
24.006
27.921
27.958
28.114
27.798
23.221
23.829
28.232
29.008
29.114
29.030
29.322
26.560
28.550
24.446
29.316
24.246
26.617
30.306
30.477
29.334
30.100
31.150
23.338
16.657
2.049
4.777
31.219
18.807
22.253
30.764
24.829
31.056
31.714
1.838
14.080
31.935
28.305
32.242
30.826
22.476
16.524
7.185
17.256
15.650
29.503
28.316
32.570
30.151
19.644
15.383
8.938
13.288
32.941
29.326
25.728
32.286
19.916
12.519
23.994
34.023
33.797
27.920
28.187
23.168
31.794
11.507
17.066
23.522
33.892
5.925
7.009
9.735
12.489
27.637
33.717
24.844
17.736
34.846
26.669
30.739
9.678
35.689
35.428
34.424
29.043
22.909
23.790
19.630
35.466
34.863
31.307
20.120
8.990
32.497
36.124
35.570
28.699
31.014
22.044
35.216
14.894
23.859
2.465
28.297
33.967
15.668
25.835
5.041
5.717
27.871
25.482
2.973
12.668
20.011
19.867
16.504
9.972
28.067
28.934
18.351
26.133
24.159
26.210
18.759
21.533
19.580
17.669
18.016
18.952
5.668
15.837
16.669
31.106
23.459
32.223
31.943
27.531
6.384
9.221
9.588
2.529
30.988
30.320
20.569
11.230
17.543
2.441
30.128
22.640
25.496
18.129
18.072
31.549
17.140
17.423
19.037
19.105
26.980
29.840
17.298
19.420
26.590
16.680
14.598
11.249
17.753
28.357
28.735
9.119
4.136
2.793
16.774
9.041
22.986
15.408
15.646
24.753
21.758
1.902
4.434
3.144
5.743
20.260
17.076
26.810
19.884
2.783
12.279
14.833
3.681
3.043
14.408
9.111
7.035
10.979
11.952
13.465
22.392
2.504
4.412
2.948
14.058
11.607
12.665
11.087
14.365
23.498
8.635
8.821
23.446
21.813
22.579
22.290
22.002
20.476
14.390
8.174
10.289
7.838
19.932
13.862
2.557
19.943
19.346
18.992
19.266
1.930
19.760
20.237
19.778
17.495
2.549
19.159
11.146
1.572
5.195
17.485
13.293
10.493
1.933
1.770
3.623
15.604
17.317
15.404
15.305
2.463
12.416
17.784
14.712
17.209
16.794
14.400
16.974
12.584
16.552
4.517
7.578
10.661
10.135
16.399
14.513
15.514
16.822
16.851
16.431
16.658
16.671
16.089
10.928
15.809
14.391
16.846
16.959
16.323
16.608
14.267
16.607
15.588
16.395
13.558
13.689
11.777
13.896
16.397
11.577
1.953
16.295
17.167
17.290
17.024
16.651
16.837
16.886
16.978
7.789
11.615
13.644
12.798
15.719
14.715
17.531
15.477
18.008
17.635
13.931
18.331
18.527
18.385
7.760
18.014
18.591
19.315
18.854
19.075
19.307
19.426
19.093
18.997
19.573
18.491
19.687
20.181
20.569
21.417
20.686
9.169
16.507
21.058
21.337
21.767
22.106
22.419
22.682
22.818
22.187
4.528
18.239
19.670
23.370
23.398
23.649
23.467
23.910
24.594
24.094
24.457
24.178
23.779
20.743
24.981
25.450
25.335
26.010
25.631
24.730
25.833
26.328
26.937
26.884
26.926
26.712
27.122
26.792
17.416
13.951
4.733
14.153
18.169
24.399
10.749
3.811
7.723
28.292
8.873
28.334
7.715
7.558
9.846
29.423
28.537
26.757
21.967
29.700
22.067
25.108
16.115
30.921
4.924
28.123
27.721
9.218
16.643
18.065
31.278
19.344
10.477
14.610
9.643
28.658
30.054
31.496
21.160
14.356
15.953
15.550
21.902
18.857
18.131
16.452
4.194
34.096
33.052
7.652
8.088
6.639
24.609
24.576
22.677
22.255
32.112
28.371
16.055
19.624
33.109
7.977
9.299
13.640
4.841
27.205
13.050
25.356
31.767
26.509
26.309
18.088
29.870
16.601
23.604
31.430
34.832
23.695
35.599
34.976
10.319
16.371
16.915
8.478
18.297
29.770
30.062
29.713
15.124
25.584
22.637
22.927
16.189
33.745
6.786
17.683
16.672
10.279
28.926
19.472
23.792
28.051
15.169
17.052
22.869
31.812
27.946
23.555
29.860
18.960
18.176
18.255
16.869
11.189
25.092
10.273
9.197
11.846
18.611
13.767
7.583
23.859
26.225
32.667
19.224
4.279
10.323
3.826
14.364
16.620
16.297
13.045
8.915
19.755
27.977
17.910
12.327
28.047
31.064
32.355
24.295
20.924
12.702
32.067
31.750
28.974
32.315
3.351
17.053
24.122
28.868
30.666
24.727
3.686
2.361
8.226
13.237
8.958
11.991
15.643
20.662
18.056
20.351
20.272
24.665
4.687
11.347
11.322
12.350
12.032
3.100
1.305
4.035
16.035
19.099
16.720
27.522
11.606
17.321
25.883
2.988
4.208
14.824
25.954
2.322
4.311
25.843
13.235
10.141
25.962
2.227
26.261
25.104
25.901
9.427
1.827
11.647
16.842
12.411
14.480
11.906
12.784
18.954
23.046
15.087
6.941
4.335
8.863
12.429
14.618
4.009
3.131
18.814
20.325
21.230
13.256
14.825
21.637
21.354
21.200
13.924
20.238
6.687
20.571
18.177
20.467
2.119
15.772
12.135
19.975
19.148
18.399
18.914
15.095
5.016
17.047
17.858
14.855
14.381
8.603
18.874
18.563
12.065
17.169
18.049
17.788
17.426
13.485
17.662
17.649
12.684
16.844
17.107
17.136
10.168
7.986
7.222
16.253
16.959
16.836
16.688
10.069
13.669
16.491
16.133
15.989
14.791
16.867
16.688
16.693
13.727
2.550
5.104
16.092
16.025
16.161
16.450
16.507
16.133
16.568
16.352
16.584
16.845
16.379
16.017
16.552
16.854
16.604
16.684
16.700
16.709
16.951
16.752
13.377
9.267
3.154
10.860
17.365
17.485
17.597
17.647
16.891
17.885
15.570
17.843
18.177
17.964
11.475
18.234
18.431
18.297
18.557
18.672
18.552
12.019
18.836
19.506
19.378
17.261
15.569
19.218
19.765
20.312
20.227
19.919
4.599
11.248
20.476
20.941
21.343
21.361
21.525
21.268
21.144
21.556
22.070
21.499
22.332
22.244
22.530
21.409
16.085
18.451
23.772
23.873
24.095
24.199
22.841
21.424
24.707
24.207
24.414
21.022
25.243
25.676
25.892
26.231
26.639
26.291
26.292
25.412
19.683
26.823
27.006
27.377
27.683
27.426
28.643
27.740
28.053
27.890
28.222
28.484
28.879
29.268
29.108
28.935
28.775
28.728
29.190
28.982
29.637
30.065
30.181
29.775
30.078
29.984
30.907
30.953
31.137
30.174
4.911
15.991
2.561
30.706
19.680
31.570
21.590
30.504
19.041
2.926
10.562
18.152
21.083
32.684
17.222
18.817
31.445
32.611
14.251
17.901
31.994
11.203
15.891
3.893
30.477
13.600
8.826
21.654
33.912
32.699
20.307
8.615
27.738
29.647
32.194
33.869
32.159
33.816
31.056
30.503
34.195
3.587
34.563
34.209
33.717
23.606
3.322
3.138
23.839
31.149
24.024
3.674
32.385
32.513
18.881
25.107
23.435
23.692
26.317
26.264
28.596
25.918
14.991
20.571
34.186
34.852
32.868
19.888
29.550
28.889
23.463
35.270
34.796
34.961
35.055
33.316
19.885
33.676
24.742
31.472
30.795
34.077
21.107
27.562
26.496
29.962
26.556
24.104
14.925
35.309
31.281
13.417
14.726
27.569
25.175
23.335
22.362
11.361
19.496
18.979
13.036
31.542
27.856
32.911
24.093
31.407
23.366
18.651
33.215
32.864
19.990
28.323
2.368
14.710
20.808
32.638
28.353
30.747
32.283
31.337
32.271
16.691
25.965
27.374
28.381
12.319
10.574
31.057
31.485
32.337
31.635
25.704
24.649
26.678
25.996
19.360
18.826
30.038
24.087
29.769
29.029
26.366
15.033
15.070
18.321
24.090
28.598
23.299
20.877
15.812
12.126
18.932
20.783
23.648
27.383
23.986
10.287
15.346
16.408
4.358
6.777
13.641
14.636
19.359
12.729
21.378
17.375
16.334
26.064
25.435
20.669
7.576
2.242
1.519
4.064
8.424
12.477
23.487
23.706
23.533
20.022
20.748
15.831
3.777
16.834
22.232
22.136
22.012
21.858
13.051
22.450
4.567
15.169
21.537
21.699
21.512
10.697
11.776
20.073
21.003
20.474
19.879
14.039
16.799
19.498
19.731
19.737
19.265
7.488
1.736
5.126
6.476
10.470
17.456
15.865
18.586
18.583
17.926
18.061
18.218
17.790
17.556
17.474
17.160
17.329
17.275
17.450
17.557
17.077
15.131
13.711
16.804
12.158
11.370
15.604
16.506
17.033
17.214
16.225
15.551
11.862
14.203
16.284
16.570
4.182
2.218
5.285
7.343
16.627
16.770
15.308
16.401
16.158
8.531
16.534
16.729
16.599
16.273
16.001
16.442
16.517
16.441
16.655
16.688
16.390
16.728
16.810
17.051
16.931
17.085
16.972
17.054
17.344
17.281
17.763
17.768
17.694
17.760
18.184
18.019
18.015
4.789
15.293
17.975
18.528
8.183
18.935
18.916
18.850
19.110
19.398
19.618
19.071
19.055
19.326
19.687
19.940
20.267
20.603
20.015
17.066
20.304
18.254
20.834
21.708
21.315
21.062
15.165
21.961
22.222
22.318
22.393
22.291
22.346
22.755
23.214
18.767
22.656
23.633
23.736
23.746
18.854
18.006
15.590
19.967
11.677
24.214
25.199
25.027
25.152
13.085
24.939
16.258
24.963
25.726
24.439
26.542
27.191
27.580
27.746
25.441
22.648
26.495
26.222
27.858
24.636
8.336
15.986
24.302
15.503
29.049
29.177
29.589
29.507
28.658
23.957
13.887
19.785
23.769
30.018
30.090
29.001
24.305
19.021
16.934
16.470
17.466
4.264
18.538
28.452
29.329
30.041
15.721
25.594
23.721
31.669
30.817
26.193
17.143
12.147
19.141
30.707
16.950
13.403
10.845
32.369
32.891
33.681
28.179
26.923
20.108
33.777
21.986
33.798
33.298
32.421
13.496
16.105
4.375
30.270
31.519
33.842
34.476
17.009
24.537
34.708
5.974
32.807
34.159
28.195
19.050
1.556
32.852
34.501
17.406
7.061
35.265
35.143
34.205
26.544
8.976
32.557
35.014
34.648
28.382
34.544
34.024
24.780
30.534
32.286
22.517
13.455
34.145
32.184
25.101
22.976
24.323
28.987
23.628
26.597
31.680
27.868
29.066
26.906
22.107
30.233
34.546
25.567
10.680
26.795
33.147
30.498
27.440
33.972
33.724
34.813
33.644
1.982
34.254
33.637
32.101
25.490
30.374
23.768
34.457
31.321
25.611
33.929
33.598
27.162
24.117
33.640
30.999
33.504
30.580
9.240
20.758
24.736
26.302
2.241
5.623
7.241
27.898
18.428
21.659
23.489
16.580
30.436
31.452
11.249
9.881
16.696
15.391
8.468
8.273
14.967
31.915
31.020
19.306
30.713
31.007
30.849
19.775
10.062
22.612
28.848
22.164
2.892
21.283
29.230
29.237
28.721
26.501
15.338
20.879
28.441
28.586
28.886
27.913
7.852
26.932
20.290
15.148
27.141
27.045
26.932
27.150
26.717
17.001
16.524
24.852
25.819
4.806
16.715
25.811
25.865
25.522
25.073
24.350
25.118
24.814
23.011
21.437
17.872
11.443
4.504
5.055
15.198
16.511
22.942
23.131
22.851
22.875
1.876
22.004
20.856
18.302
21.802
20.191
5.060
21.356
15.044
21.240
13.722
18.363
20.674
20.469
14.060
8.949
7.339
19.474
19.588
19.081
19.258
19.490
19.003
18.684
17.588
17.492
18.364
17.866
17.789
11.766
8.502
18.033
18.091
17.731
17.374
16.608
16.915
17.859
17.192
15.444
17.464
17.391
17.353
16.912
17.164
17.190
16.930
16.600
16.767
16.267
16.965
14.004
16.713
16.589
16.447
16.351
16.574
16.458
15.832
16.470
16.909
16.806
16.022
13.467
16.309
14.882
15.642
16.238
16.545
16.473
15.173
9.896
13.565
14.200
10.550
6.446
15.421
11.974
17.167
16.920
16.004
16.417
17.014
16.995
17.170
17.207
17.264
17.253
16.347
17.117
17.608
17.588
18.297
17.825
18.198
18.091
10.458
18.744
18.926
19.401
18.899
19.125
18.542
13.364
19.551
19.734
19.758
19.962
20.197
19.940
20.162
17.163
20.299
20.465
20.619
20.724
20.676
21.128
21.304
21.370
21.852
22.330
22.216
22.274
22.334
21.896
23.206
23.360
22.596
23.313
22.457
23.990
23.865
24.203
24.300
24.780
24.638
25.058
24.909
24.924
25.097
25.706
25.941
26.037
24.256
25.879
26.552
25.350
23.788
26.742
27.070
27.294
23.492
27.428
27.520
27.796
27.706
28.652
28.560
28.306
28.371
28.417
28.534
28.265
28.479
30.107
29.128
30.390
28.179
30.722
29.851
28.093
21.888
17.736
29.945
29.969
29.618
22.599
21.141
6.582
29.247
30.858
29.920
30.080
29.692
30.351
30.115
25.541
32.643
32.031
19.174
10.428
2.121
15.098
32.719
33.014
31.141
5.698
27.417
33.445
33.823
33.761
33.629
33.886
34.599
34.088
34.355
34.163
29.027
22.448
31.148
34.603
34.028
34.304
21.891
24.074
19.261
25.167
22.734
34.232
34.860
9.605
34.285
35.016
33.803
22.164
10.986
19.127
34.785
35.154
32.741
11.675
20.052
13.401
24.850
31.285
25.636
26.791
30.533
34.931
32.563
29.961
34.617
20.219
32.777
30.814
35.406
3.774
35.614
35.334
35.504
29.934
23.952
33.420
20.928
19.724
5.633
21.882
30.574
34.477
34.634
32.070
34.131
35.180
25.439
31.304
20.055
5.490
32.240
26.674
34.260
33.775
30.030
16.533
34.275
34.055
33.939
34.056
28.526
33.897
33.629
33.815
33.801
29.114
28.526
33.171
33.850
32.847
34.109
26.626
24.309
30.098
32.573
21.961
29.797
24.832
32.160
30.288
23.206
24.370
32.278
31.340
32.106
31.577
31.569
25.367
25.712
30.971
31.652
31.619
31.276
31.189
27.041
18.059
18.442
14.373
17.913
14.588
14.011
27.912
14.413
23.923
28.593
29.094
28.684
19.925
20.979
11.473
28.782
22.937
22.251
28.065
25.145
26.474
21.350
18.827
26.923
24.617
15.615
11.431
24.581
24.850
25.841
22.484
1.823
19.548
15.522
13.487
21.787
20.497
12.947
24.770
21.641
24.661
14.426
8.738
8.794
5.842
23.137
23.460
23.350
23.123
18.480
20.019
22.891
22.723
22.796
22.309
18.086
21.356
17.995
19.630
19.303
18.810
20.135
18.022
15.445
20.080
16.423
20.114
17.453
17.723
19.466
19.637
19.836
16.581
18.746
17.993
15.637
16.720
11.818
16.009
17.002
12.328
12.601
18.116
17.091
16.925
17.483
17.676
17.428
17.331
17.337
17.026
16.945
17.327
16.835
16.909
13.739
4.156
16.863
16.651
16.379
16.082
15.534
16.187
16.471
16.312
16.575
16.138
16.148
16.136
15.961
16.027
16.209
16.327
16.957
16.219
16.670
16.238
16.242
15.191
14.341
16.070
10.022
15.321
15.972
15.520
14.079
16.035
16.221
15.679
15.121
16.606
16.852
16.621
16.873
16.955
17.339
17.411
17.689
17.319
16.509
17.364
17.882
17.852
18.168
16.946
18.253
18.179
18.323
12.634
17.944
18.664
18.817
19.041
19.394
19.244
19.276
2.767
19.439
15.934
19.669
19.869
20.323
20.211
20.220
20.565
20.759
20.975
21.117
20.790
21.018
21.074
21.696
22.210
22.407
22.335
22.304
22.183
18.900
22.998
23.370
23.560
18.778
23.483
22.538
23.666
23.077
24.049
24.279
24.567
24.973
25.390
25.189
25.338
19.075
12.890
26.495
26.485
26.636
26.468
26.673
26.367
26.111
26.866
27.302
27.234
27.169
27.614
25.755
27.429
27.662
26.591
28.286
27.954
22.644
28.619
29.096
28.681
5.130
21.651
23.180
25.684
17.560
30.323
30.595
30.300
27.628
30.623
30.774
30.625
30.849
31.327
31.011
31.376
31.542
30.936
31.154
14.583
23.587
31.868
30.893
32.863
22.842
17.169
17.442
24.903
17.351
3.839
30.521
32.086
25.152
32.856
28.100
32.831
33.496
33.521
31.462
33.201
34.282
34.009
34.032
33.403
34.938
34.877
33.703
34.583
34.520
34.404
30.228
26.659
22.992
29.023
33.633
29.933
23.260
19.607
25.964
31.260
31.069
28.935
19.743
34.321
33.944
28.801
31.633
34.050
35.228
36.037
28.308
32.959
33.070
31.616
32.214
18.590
26.187
30.140
32.798
30.660
35.075
7.396
35.574
32.399
27.145
25.453
22.599
6.162
33.724
34.421
7.556
22.837
27.978
35.081
28.033
33.629
30.264
22.579
30.587
29.926
20.716
19.171
8.634
21.170
21.319
31.606
15.655
12.862
17.875
26.806
30.779
31.655
18.450
20.600
30.443
34.187
33.397
28.462
17.198
25.004
24.552
17.653
8.836
13.444
21.944
9.961
7.889
13.853
9.635
18.671
19.022
24.483
14.807
27.515
18.491
26.175
31.058
32.464
23.728
15.316
28.333
15.204
17.906
22.549
24.734
30.754
30.709
28.844
19.282
30.340
29.219
30.199
30.868
30.214
30.394
29.958
29.579
17.962
29.301
25.399
10.991
19.167
21.555
28.012
28.152
19.839
19.679
15.955
2.792
4.082
5.214
3.504
11.142
22.244
26.029
26.216
24.586
23.367
25.986
25.179
13.955
25.663
23.861
24.707
24.750
23.896
24.700
24.651
23.791
23.551
5.645
16.732
14.825
23.508
23.488
15.249
12.855
22.545
9.996
22.493
1.477
22.612
22.436
21.698
19.802
16.507
10.522
16.386
21.041
20.555
20.729
15.502
20.616
20.372
1.742
3.042
14.213
19.954
20.027
19.746
19.425
19.076
18.176
3.007
1.710
4.832
18.985
18.402
13.811
4.328
14.339
10.972
11.675
9.045
9.650
11.612
18.039
17.826
17.354
17.471
17.352
12.948
16.638
14.904
16.685
16.985
17.124
16.544
1.968
12.767
17.131
16.491
14.747
7.413
16.858
16.775
16.220
16.276
16.121
16.135
16.194
16.459
16.262
16.064
16.369
16.087
16.174
15.562
16.298
16.403
16.837
16.770
15.960
16.349
16.430
15.738
16.093
14.045
16.443
16.465
16.627
17.108
16.941
17.205
17.437
17.584
17.269
17.255
17.540
17.474
17.673
17.946
18.031
18.172
17.981
18.344
16.451
18.865
18.718
15.242
7.372
19.055
19.370
19.618
19.713
20.072
19.942
19.475
20.041
9.233
19.972
19.454
19.971
19.744
20.397
20.907
21.315
21.759
21.037
21.045
21.459
21.794
22.024
21.854
22.318
22.677
21.870
16.903
16.595
21.939
23.350
23.227
23.508
24.005
23.593
23.664
23.546
23.883
25.144
24.804
25.647
25.162
25.605
25.755
22.089
3.935
26.503
27.292
26.070
26.528
26.680
27.408
27.930
27.183
27.640
28.104
24.920
28.122
28.289
27.935
24.781
27.253
9.262
2.378
28.488
28.672
18.166
7.801
14.759
5.923
29.006
28.003
30.308
29.584
30.953
30.636
30.489
31.365
31.590
31.861
31.788
30.021
31.646
21.081
27.662
31.611
31.978
20.996
14.637
32.714
33.199
31.962
30.019
32.785
30.252
19.594
32.912
32.989
33.465
26.689
20.920
33.803
34.042
34.154
32.651
2.611
14.742
25.348
29.931
18.988
33.060
4.178
8.577
11.071
25.515
24.716
33.036
33.802
33.371
28.791
25.819
34.309
20.601
34.314
27.655
22.740
33.527
30.575
30.992
11.224
34.117
15.005
16.207
12.963
5.266
15.439
8.061
29.574
21.598
33.879
30.560
21.879
34.600
34.931
25.303
8.491
15.573
25.215
34.783
33.153
30.087
33.711
34.324
34.545
21.905
29.770
33.335
13.562
33.858
34.886
34.432
34.612
28.986
32.178
32.578
29.818
15.227
33.601
29.102
15.594
26.965
15.002
31.598
32.190
31.771
21.138
14.539
22.965
21.074
11.228
26.241
17.680
25.063
34.096
33.966
34.426
25.935
9.590
19.139
33.534
33.439
31.127
10.982
18.700
26.158
27.453
23.006
14.714
21.054
17.184
26.716
15.532
20.728
31.595
30.993
31.522
27.296
14.850
11.530
10.680
28.624
28.736
19.883
23.196
28.322
21.388
12.953
26.963
29.672
29.756
27.047
29.427
29.013
16.366
28.608
27.131
21.848
24.722
28.857
29.018
28.729
28.086
27.997
4.076
27.314
27.656
10.425
18.757
27.257
26.924
24.392
25.112
25.941
25.039
16.674
7.763
25.006
18.850
1.991
15.426
25.099
25.214
23.457
25.006
22.643
24.286
24.021
23.863
2.473
19.942
23.690
23.359
20.117
22.752
21.313
21.618
2.333
14.098
20.390
20.381
7.381
5.910
21.602
21.172
20.612
18.477
20.736
20.410
20.516
19.578
19.027
9.120
18.628
19.956
19.497
19.383
19.357
17.116
19.160
18.756
10.310
16.850
18.567
18.675
18.547
18.392
18.022
17.005
18.065
17.992
15.591
17.768
17.511
17.391
16.073
13.844
15.529
17.013
16.877
17.047
16.065
15.723
12.461
16.147
16.664
13.274
16.103
16.525
15.367
15.101
15.977
16.090
16.127
15.108
16.224
15.970
11.154
12.836
16.027
16.223
15.793
14.840
15.498
16.467
16.505
15.295
15.524
15.893
16.341
16.437
16.277
13.811
12.396
5.337
16.689
16.786
16.813
16.975
16.929
17.105
17.024
15.170
7.515
12.542
17.710
17.581
17.928
17.923
17.030
12.757
18.128
18.505
18.532
18.563
18.728
18.697
18.963
19.128
19.067
19.308
19.622
19.541
19.630
20.275
19.943
20.154
20.164
20.369
20.602
20.623
20.968
20.434
21.327
20.843
21.223
21.789
21.921
22.089
21.973
22.612
20.705
16.643
21.802
23.035
23.169
23.855
24.010
23.915
13.288
5.258
24.466
24.812
24.923
24.783
24.759
24.750
24.943
25.272
25.524
17.534
18.355
24.090
20.719
26.621
23.637
19.535
22.160
27.601
27.465
27.078
26.853
26.944
27.088
16.055
15.707
18.454
28.769
29.029
29.380
29.036
29.652
30.066
29.743
16.692
20.708
29.139
28.024
25.417
28.988
30.835
31.296
31.030
30.695
4.914
19.076
27.875
23.844
7.566
28.786
24.238
32.269
28.887
11.150
32.920
21.674
29.368
28.587
22.501
15.358
10.568
30.642
21.026
32.027
33.244
32.126
31.402
33.390
22.794
20.225
24.643
24.036
31.485
31.156
25.604
32.665
32.543
29.911
32.430
29.278
34.547
33.771
34.390
33.911
35.153
31.994
34.678
31.490
20.301
20.892
34.411
20.466
9.624
15.276
33.234
34.096
28.638
28.750
35.285
35.011
15.362
4.687
25.085
16.417
30.628
17.623
31.513
26.249
25.430
33.951
30.276
16.054
33.345
28.733
27.482
13.986
13.457
16.003
33.385
16.472
7.110
14.498
30.331
23.392
20.132
10.691
30.212
34.195
33.810
35.265
34.854
35.296
25.751
13.647
26.525
3.360
24.194
30.695
6.053
10.415
19.503
32.421
32.707
19.188
17.624
26.554
33.570
28.023
21.286
27.607
24.724
26.162
14.162
22.595
24.476
30.582
28.235
20.853
31.698
23.136
25.226
18.958
20.164
20.482
15.199
3.611
16.190
18.872
25.870
27.008
30.924
26.083
24.621
30.850
29.048
30.659
13.595
21.492
29.601
31.251
11.103
19.392
22.136
13.818
16.219
15.332
17.495
28.407
29.230
16.726
6.321
8.201
14.685
16.333
28.011
5.486
7.447
13.642
19.855
27.380
27.112
21.663
13.223
12.882
20.801
25.916
9.009
10.228
14.575
2.715
12.182
22.627
4.433
5.662
1.830
11.859
21.472
15.000
10.601
16.886
12.652
20.104
18.059
22.772
23.558
20.680
2.958
22.957
18.358
20.156
23.040
22.517
22.269
21.764
21.804
21.921
20.096
12.982
17.470
12.617
18.337
6.543
4.020
6.654
10.265
11.982
12.922
10.144
2.787
5.147
7.763
14.280
19.670
19.801
19.143
18.519
18.800
18.846
18.931
18.281
16.757
17.940
18.013
17.019
16.762
17.457
17.381
17.661
17.809
17.282
16.562
16.727
15.983
15.811
16.945
13.141
16.658
16.420
16.756
16.959
17.080
17.011
14.819
16.684
16.430
16.604
16.611
16.414
15.873
10.349
15.969
16.272
16.998
16.284
15.357
16.364
16.285
16.269
15.961
16.000
14.840
15.429
16.315
15.443
16.268
16.015
16.997
16.648
16.717
16.692
17.164
17.015
16.818
16.475
17.075
17.199
16.133
16.905
17.188
17.315
17.209
17.660
17.799
18.307
18.074
18.031
17.960
18.302
18.625
18.512
19.194
19.036
19.020
17.350
19.097
19.008
19.174
19.467
19.860
19.519
19.878
20.146
20.401
20.771
20.510
20.937
20.904
20.846
21.418
17.590
21.706
21.833
22.009
22.192
22.225
22.181
22.962
23.026
22.985
12.938
23.478
23.238
15.432
23.327
20.161
20.825
24.709
24.657
24.856
25.041
25.095
25.150
25.273
24.665
25.589
26.005
26.364
26.057
26.322
26.329
21.021
26.681
26.851
27.228
27.658
27.934
28.206
28.464
28.002
28.069
28.324
28.493
26.988
25.040
26.382
20.996
28.516
25.118
13.654
28.347
26.792
29.833
30.156
30.046
29.670
27.315
16.204
30.417
30.663
21.948
31.425
31.581
30.026
20.970
17.854
15.651
16.865
13.299
31.073
31.622
20.131
8.663
32.071
26.952
9.606
32.588
2.359
26.361
21.715
4.228
6.558
27.340
25.332
17.735
20.834
22.450
26.631
33.829
33.391
33.438
33.481
33.348
34.248
12.818
6.066
10.000
34.504
33.487
24.155
18.728
25.983
30.301
15.547
3.539
2.562
15.351
23.218
31.973
32.788
2.447
14.629
12.367
16.078
3.391
22.247
20.206
20.161
18.518
15.258
28.272
21.096
20.129
33.064
22.974
23.526
23.428
2.819
29.163
29.378
34.421
20.926
4.373
31.538
31.528
27.706
29.827
28.863
34.939
35.142
22.132
15.677
27.606
12.767
8.850
9.231
24.100
25.429
4.780
6.616
11.848
25.256
21.557
2.240
4.572
34.353
33.040
34.339
29.369
23.324
33.688
32.461
27.161
32.090
20.816
4.836
10.670
16.280
17.029
16.977
13.916
15.441
22.672
31.269
32.119
32.005
23.814
14.701
15.581
2.024
10.195
5.765
16.365
19.361
18.162
30.399
3.601
18.361
21.361
5.135
18.472
20.060
22.209
30.391
27.627
29.670
20.300
14.947
24.518
5.019
17.549
11.394
17.776
17.396
6.464
15.482
1.565
6.829
20.387
19.950
20.810
14.025
11.568
3.257
9.274
28.023
27.924
25.268
25.781
20.641
2.198
3.797
23.297
18.596
12.794
4.758
12.694
14.389
5.031
15.419
23.071
3.652
3.416
10.892
10.559
24.596
23.870
20.155
22.630
22.472
2.092
23.356
23.879
22.218
16.370
22.091
22.148
21.513
3.139
3.388
20.128
19.860
14.684
15.531
17.682
21.246
20.966
20.937
21.224
21.007
19.686
19.284
19.645
10.411
9.460
2.427
16.576
11.389
19.722
19.523
11.490
19.118
18.842
18.409
4.054
12.434
13.175
13.910
17.900
15.960
6.181
17.982
17.714
17.781
17.923
16.758
4.403
9.986
17.387
17.111
15.859
16.747
17.169
17.056
16.819
16.868
16.668
16.593
16.602
15.732
16.056
16.082
16.062
16.030
16.249
15.406
15.857
16.267
16.337
16.254
16.277
16.581
15.807
13.504
8.537
16.422
16.034
16.349
16.731
16.460
16.305
16.079
16.677
16.713
16.881
16.097
14.589
16.363
13.447
17.148
17.233
17.302
17.532
17.242
17.364
17.449
17.721
17.713
17.770
17.835
18.219
17.272
18.385
17.768
18.701
18.586
18.534
15.876
18.632
19.283
19.302
19.024
8.150
18.848
20.005
20.170
19.823
20.588
20.997
20.397
20.803
20.482
19.439
21.415
21.827
21.462
21.524
21.596
19.146
22.155
22.268
22.629
22.721
23.001
20.805
16.361
23.202
23.741
23.775
23.614
23.859
23.521
24.332
24.285
24.879
25.318
24.439
24.445
24.154
25.380
25.785
25.181
25.578
23.633
25.861
25.329
26.372
26.505
20.096
27.166
27.388
27.393
27.733
27.607
10.260
26.328
28.214
28.655
29.220
29.103
28.725
28.780
27.059
28.845
28.897
29.023
29.408
5.222
19.451
29.170
30.814
24.919
25.009
22.501
22.182
15.274
16.334
31.261
29.056
25.149
30.871
29.467
6.179
27.472
12.738
31.591
31.588
31.200
3.222
30.805
24.424
12.170
30.666
5.049
28.221
33.347
33.086
29.481
33.169
32.625
31.634
34.383
15.500
14.884
34.345
32.615
7.703
34.330
34.757
34.440
32.816
18.753
23.296
21.362
29.828
1.825
25.535
33.257
33.754
22.404
24.795
24.700
22.481
18.774
10.090
19.896
25.403
12.189
31.437
25.793
30.035
31.960
34.552
34.807
34.725
34.749
15.681
25.117
29.218
16.365
32.837
34.846
28.877
32.281
31.477
29.247
9.770
17.348
12.578
12.377
24.234
31.870
31.204
30.006
28.429
21.691
1.985
9.882
18.137
31.914
26.281
17.422
29.559
28.637
18.943
27.259
12.465
9.950
32.319
10.558
24.568
17.620
5.175
9.165
17.570
3.319
7.268
7.163
8.363
4.857
9.934
16.283
12.063
6.099
11.955
24.347
29.419
33.460
23.310
23.030
30.700
5.193
10.334
25.827
6.068
24.448
33.127
24.120
28.945
21.987
22.336
23.269
17.025
5.659
7.968
2.729
10.020
18.108
10.811
3.384
6.484
13.054
24.613
23.637
27.163
23.594
20.596
19.497
21.751
8.990
13.999
15.874
13.957
2.759
13.083
8.195
10.946
23.437
24.740
16.599
5.095
9.273
25.476
27.568
18.681
9.853
9.304
12.704
17.605
13.167
13.158
1.812
4.899
14.345
7.909
4.913
10.419
13.805
22.507
25.027
24.978
22.969
6.131
24.244
24.136
24.106
17.066
14.390
6.046
22.762
23.488
22.986
22.941
22.807
22.478
22.382
21.456
15.193
21.199
20.521
21.500
21.325
19.791
7.980
20.609
20.784
20.862
19.738
20.128
20.511
20.161
13.393
3.004
9.035
6.860
9.885
18.705
18.784
18.718
19.024
18.679
17.698
18.646
17.953
18.223
18.290
17.889
18.047
16.929
17.260
15.188
15.770
2.643
12.429
17.446
17.276
17.005
16.972
16.755
16.394
16.913
15.987
16.372
12.708
11.142
16.584
16.597
16.407
16.416
16.793
16.733
16.580
15.805
13.128
16.435
16.332
15.660
16.257
16.490
16.412
15.667
10.337
16.616
16.758
16.673
16.684
16.486
15.981
16.451
17.023
16.861
16.547
16.717
16.891
16.847
15.457
16.788
17.087
17.218
17.169
17.670
17.722
17.947
17.352
17.816
18.051
16.583
18.125
18.411
18.043
18.643
18.677
18.666
18.509
18.596
18.859
18.869
19.294
14.042
19.352
20.244
19.676
20.662
20.409
11.446
19.902
21.028
21.367
20.704
21.426
21.411
21.674
22.666
21.860
22.140
22.362
22.486
22.437
9.343
23.099
23.385
23.299
23.390
23.718
24.274
24.104
24.406
24.719
24.635
24.638
24.863
24.717
18.614
25.686
25.790
25.834
25.960
26.044
25.265
8.060
26.045
26.441
26.656
26.938
27.160
27.622
17.507
28.042
28.046
27.861
28.005
19.832
23.152
28.629
29.066
28.337
27.306
27.340
29.899
18.369
27.333
6.623
29.800
30.010
27.259
29.384
30.227
30.664
30.950
26.256
19.619
17.517
13.346
3.851
3.517
22.954
31.148
31.831
31.622
5.415
32.096
27.625
18.001
23.163
23.485
32.764
1.860
13.646
20.689
26.382
28.795
25.379
25.818
31.985
28.004
27.846
33.045
18.236
17.959
12.180
17.489
33.417
27.412
11.287
34.108
33.873
19.404
16.896
33.873
33.869
33.799
34.363
26.099
25.087
26.550
34.318
19.815
13.163
17.770
3.743
9.132
22.696
22.615
23.278
16.619
28.995
32.737
23.444
13.693
22.317
12.194
13.838
24.969
28.773
28.897
24.796
27.939
23.076
33.401
16.732
13.217
6.372
19.085
34.290
24.805
17.792
6.802
4.827
24.083
22.262
9.949
14.151
19.830
29.662
30.690
31.503
28.191
11.556
19.222
32.485
30.652
19.290
33.215
27.029
18.828
20.510
33.961
14.034
33.291
27.736
26.719
26.279
22.749
33.615
30.277
18.778
19.549
21.334
33.681
31.208
22.187
17.532
32.265
29.936
11.521
30.707
11.168
4.250
14.066
21.987
17.408
30.087
24.911
12.727
15.272
23.621
27.528
29.434
25.268
24.484
20.411
5.503
2.811
17.892
28.112
23.560
24.569
18.794
18.678
29.162
25.036
21.946
7.280
15.119
20.731
16.003
1.300
3.866
6.440
18.863
25.567
26.843
28.616
23.446
28.322
18.363
6.988
13.279
21.478
19.435
19.745
10.763
6.160
10.276
15.744
26.159
26.247
26.018
24.311
22.539
14.935
15.832
24.843
23.109
22.832
17.998
15.819
10.483
11.337
23.659
21.739
18.703
21.685
18.357
22.918
22.461
22.482
22.487
3.956
4.088
21.708
22.001
20.890
2.027
7.343
5.032
12.177
14.569
20.262
10.393
14.111
20.143
20.734
18.241
12.135
15.735
16.223
19.464
19.445
19.588
19.258
17.320
18.724
4.363
18.023
18.314
18.473
17.793
15.953
15.079
17.819
18.101
17.956
17.600
17.244
2.540
7.539
5.015
8.843
17.346
17.627
16.291
17.071
17.266
16.588
16.540
16.712
16.665
16.754
16.532
16.566
16.327
16.691
16.921
16.693
15.421
16.456
15.023
16.313
16.423
15.916
16.047
16.096
16.240
16.245
14.294
16.233
16.433
17.001
16.658
16.800
17.194
16.894
16.562
16.900
16.788
16.883
16.811
16.501
16.965
17.446
17.713
17.578
14.766
10.983
17.410
17.529
17.655
17.019
17.587
17.587
11.295
11.296
16.529
18.660
19.145
19.259
19.208
19.124
19.203
18.202
19.436
19.320
19.459
19.856
20.261
20.158
19.727
20.152
17.482
20.348
21.163
21.075
21.131
21.376
21.746
21.644
20.826
18.621
21.820
22.109
22.210
22.702
22.847
18.300
22.969
22.982
23.160
23.181
24.355
24.164
24.266
23.837
22.146
24.126
18.857
19.768
25.108
25.418
25.181
20.200
20.936
25.757
26.430
26.859
27.203
26.918
26.672
22.895
23.255
27.425
27.215
27.678
28.016
19.913
28.716
28.885
29.186
29.530
28.238
27.170
29.331
29.382
29.910
29.811
29.220
28.427
30.330
17.822
30.059
29.614
29.949
26.363
29.594
31.221
25.461
27.152
18.380
31.281
31.604
30.082
27.916
22.928
31.815
31.986
32.164
18.070
32.676
32.145
32.355
32.243
32.544
27.428
29.560
29.871
32.842
32.573
33.213
20.854
31.307
32.890
33.963
33.119
22.109
29.416
28.272
28.599
18.232
5.361
29.258
26.731
22.888
11.322
31.353
33.980
21.971
27.057
32.181
21.355
3.425
23.986
17.081
33.343
20.568
33.534
23.548
3.434
5.729
35.223
14.677
20.164
17.465
10.903
17.267
14.370
25.311
35.199
21.957
9.272
12.659
9.803
27.736
27.858
10.843
30.105
23.049
30.075
19.386
9.599
29.840
21.340
25.372
20.997
21.730
14.487
11.527
2.628
18.237
10.824
26.007
5.978
4.518
12.795
4.100
4.090
29.681
3.007
34.118
30.199
31.013
32.551
27.739
23.925
23.964
33.734
21.791
24.212
31.995
28.846
16.849
31.089
33.700
29.138
27.687
17.440
14.866
14.456
20.083
31.308
2.653
19.629
26.114
32.080
28.411
17.742
6.790
11.922
30.056
32.027
20.329
5.246
4.277
31.165
14.575
23.514
15.229
15.710
23.234
3.351
2.556
3.865
4.650
8.355
19.634
18.256
13.495
15.292
5.848
9.315
14.494
29.366
19.672
7.570
2.528
2.733
6.171
18.980
27.053
9.109
13.760
26.779
12.576
6.610
3.775
24.526
4.299
26.980
23.488
15.205
14.870
11.523
12.752
17.680
18.066
25.990
25.521
7.962
1.610
9.891
7.669
24.652
13.973
5.352
11.478
12.160
15.813
13.766
13.873
5.171
23.288
22.659
17.512
22.842
22.026
17.943
17.865
8.636
5.241
19.733
17.579
21.519
21.251
14.933
7.932
20.213
13.508
14.957
19.181
19.997
20.030
11.137
17.650
13.363
12.412
19.511
19.221
18.212
18.088
18.679
10.589
2.538
14.061
18.850
17.511
17.916
15.968
17.492
14.244
17.753
17.787
14.854
6.527
11.842
14.697
17.024
5.502
16.945
16.943
16.867
16.612
16.876
17.071
16.897
15.178
9.942
13.503
16.092
16.202
15.856
16.503
16.580
16.571
14.165
16.455
15.412
15.728
15.626
16.030
16.220
15.490
16.183
16.284
16.252
16.188
16.374
16.932
17.057
16.926
16.350
16.528
15.971
16.711
14.617
16.677
16.649
16.621
17.287
12.724
17.766
17.569
13.275
7.490
15.137
15.744
18.445
18.223
18.303
18.498
18.648
18.624
18.531
18.803
19.027
18.964
18.786
19.207
19.180
19.384
19.625
13.399
15.833
20.144
20.480
20.232
20.056
19.726
20.076
16.834
21.207
20.498
21.593
21.572
21.627
22.066
22.277
18.802
21.750
22.286
22.507
22.616
13.682
22.787
22.853
23.464
24.124
22.187
23.918
23.282
9.609
23.450
24.953
25.410
25.401
25.359
25.669
25.618
25.465
25.501
22.796
25.941
25.197
26.384
26.973
26.773
9.319
26.903
27.271
27.521
27.096
24.143
8.960
17.009
19.029
16.660
28.565
15.541
21.524
18.360
14.749
27.959
23.834
29.959
30.242
26.274
29.762
20.731
10.417
6.548
9.574
16.525
30.781
19.874
20.465
11.487
24.518
31.718
31.056
29.618
23.227
5.465
21.199
16.848
6.315
30.859
32.974
27.552
34.053
33.760
33.153
33.162
33.263
30.066
12.183
32.483
33.112
32.864
33.602
33.916
33.926
34.266
34.224
34.279
25.605
19.870
7.671
21.254
24.389
34.099
20.114
34.800
11.879
4.343
35.266
28.361
34.455
11.847
3.732
10.681
8.537
21.079
33.466
19.312
19.451
1.976
18.651
31.137
5.650
27.898
32.468
33.020
19.048
36.628
36.433
35.882
35.447
33.994
29.507
23.869
5.732
31.686
18.858
29.259
2.327
17.863
14.776
6.744
2.993
7.227
21.068
14.516
28.411
34.177
35.580
35.412
21.774
32.982
35.400
31.842
15.275
24.529
25.360
24.730
35.497
22.950
35.664
36.546
35.573
34.276
33.630
30.056
21.114
29.215
21.621
33.825
26.450
29.060
25.697
11.963
22.906
29.174
15.715
7.876
23.932
26.057
18.944
20.173
19.464
21.885
5.092
9.391
21.304
30.368
34.625
32.954
31.326
31.470
31.695
30.728
15.189
12.081
22.517
28.328
29.704
25.078
15.900
25.302
10.849
14.787
16.475
26.159
30.390
19.650
16.725
18.390
27.123
22.697
20.621
29.761
30.039
29.920
30.688
19.190
30.476
28.872
17.843
30.214
16.205
24.606
29.057
28.972
28.914
25.596
22.869
28.498
27.535
27.786
23.996
27.625
27.635
27.051
21.850
24.386
26.923
26.613
26.348
23.882
25.194
10.013
22.879
20.216
25.447
25.396
25.413
24.906
24.231
24.220
24.292
23.882
24.142
24.478
23.919
23.018
23.761
23.401
22.706
22.875
22.140
22.818
22.719
22.650
21.672
22.076
22.042
22.012
21.494
21.061
20.551
19.609
20.209
19.932
20.185
19.955
20.276
19.778
20.088
19.836
20.107
20.013
20.085
19.468
19.640
18.706
17.520
18.365
18.638
18.784
18.316
18.407
17.621
17.275
17.808
16.793
17.807
18.385
17.816
17.236
17.373
16.118
17.329
17.216
17.337
18.026
17.859
17.061
17.407
17.469
16.984
17.173
16.485
16.971
16.794
17.233
17.163
17.435
17.752
16.431
16.967
17.026
17.152
17.686
17.552
17.266
17.274
17.217
16.981
16.454
17.140
13.045
13.844
17.026
17.740
17.642
16.811
17.678
17.615
17.739
18.889
18.753
18.751
18.503
18.873
19.144
19.243
19.452
19.716
19.738
19.340
20.117
19.803
20.066
19.555
14.437
20.521
20.479
20.856
20.961
21.056
21.244
20.728
20.891
21.348
21.694
22.300
21.816
21.892
22.156
21.284
23.381
23.309
23.152
22.700
22.873
22.706
23.431
24.027
24.162
24.262
24.499
24.262
24.832
25.407
25.065
25.533
25.650
25.045
24.083
25.926
26.036
26.483
25.819
27.058
26.518
27.235
27.085
27.665
27.046
27.530
28.393
28.672
27.802
27.926
29.211
29.128
29.390
29.567
29.610
29.550
29.637
29.559
29.320
30.035
29.760
30.265
31.657
30.899
28.473
32.128
31.773
31.927
32.203
33.573
32.547
32.994
30.992
32.229
32.850
33.111
28.190
33.281
32.609
33.073
31.410
33.414
33.520
33.147
32.886
35.652
34.714
34.383
35.146
34.104
34.430
31.737
34.116
34.666
34.829
34.140
34.842
35.121
33.506
35.370
35.914
36.552
30.128
34.878
34.012
36.971
34.870
32.181
33.110
36.215
36.849
31.227
35.604
37.933
35.664
37.131
35.974
35.230
35.042
36.979
35.378
36.449
33.729
36.529
37.369
37.249
36.449
33.438
26.431
35.294
36.463
36.671
35.847
35.187
29.482
34.165
36.572
35.951
34.579
34.680
36.432
32.243
35.552
36.672
35.689
30.439
17.202
24.653
18.891
17.960
24.389
29.397
33.301
17.828
28.043
36.458
33.667
9.404
19.874
23.014
27.424
35.198
27.023
31.222
34.149
17.655
23.302
32.375
35.430
32.694
35.954
33.135
35.797
35.563
36.814
34.333
36.971
35.481
10.587
27.291
27.367
28.227
29.718
21.349
24.906
23.386
26.053
30.004
32.432
18.670
30.626
28.152
25.373
16.349
20.202
32.407
33.677
24.720
27.828
25.599
15.324
17.874
24.400
21.256
25.534
11.201
30.873
5.880
29.040
33.142
31.594
30.615
31.542
31.802
31.784
32.377
30.955
28.620
30.549
28.843
27.886
26.833
26.092
27.157
28.097
29.297
27.575
25.300
25.294
27.195
29.148
28.255
27.738
24.290
28.764
27.413
25.804
27.603
27.025
25.997
26.782
28.085
27.483
26.162
25.196
27.711
26.514
26.751
24.232
26.176
26.579
26.751
25.965
24.748
24.701
19.522
17.952
23.479
24.763
23.715
24.784
23.394
23.935
23.907
22.620
19.797
23.118
21.922
22.806
21.637
23.202
22.028
22.570
21.643
22.450
22.099
21.785
21.290
20.481
20.762
20.852
20.197
19.647
20.723
20.381
21.018
19.950
20.018
19.965
20.052
19.955
19.967
19.494
19.685
19.385
19.071
18.977
19.379
18.955
18.331
16.370
17.499
18.394
18.061
17.819
17.937
17.743
17.631
18.454
17.278
18.116
16.708
17.855
17.396
17.499
17.150
17.643
16.887
16.677
17.377
17.017
16.934
17.020
17.252
17.037
17.733
17.604
17.705
17.431
17.525
17.433
17.602
17.391
16.952
17.653
17.657
17.739
17.257
17.541
17.285
17.925
17.818
18.496
18.601
17.469
16.082
16.773
18.557
17.755
17.356
18.238
18.666
19.071
18.999
18.705
18.847
19.399
19.161
19.780
19.301
19.403
19.449
19.615
19.709
19.629
19.788
19.990
20.091
20.361
20.385
20.335
20.308
20.695
21.537
22.137
20.332
21.478
21.974
22.469
21.381
21.735
22.741
22.465
22.566
23.044
23.678
24.013
24.237
24.338
24.691
23.947
24.034
23.822
24.790
24.990
25.310
25.066
24.945
24.593
18.125
24.917
25.837
23.430
25.675
26.828
26.430
26.402
27.242
28.077
27.222
27.822
27.789
26.006
28.496
27.294
28.858
29.383
29.514
29.888
28.497
30.654
30.064
26.952
29.290
30.522
30.506
30.827
31.701
31.509
32.200
31.360
32.099
31.230
31.818
32.553
32.567
33.165
28.814
31.919
32.685
32.899
31.114
34.605
33.957
34.139
33.701
34.315
33.792
34.960
34.984
34.044
34.999
34.645
35.000
32.193
27.182
34.357
28.875
34.910
31.978
34.339
34.906
34.651
33.672
32.634
34.376
35.593
36.199
33.256
34.270
32.590
35.291
35.493
35.699
35.916
35.960
36.123
33.572
34.945
35.016
36.205
36.363
23.388
36.303
36.726
37.521
33.207
36.078
37.164
36.272
35.265
35.654
33.420
35.827
29.795
26.831
30.273
34.393
27.846
34.644
36.002
23.452
36.363
34.190
36.678
35.714
36.798
37.830
36.818
33.770
36.019
22.182
35.055
32.131
13.370
35.397
33.063
36.530
36.596
37.465
33.651
36.191
37.980
36.506
32.784
33.736
37.218
35.537
30.512
31.640
32.081
32.220
27.608
21.389
26.419
18.498
8.249
20.979
6.658
15.328
23.206
30.327
32.673
36.282
35.898
32.261
34.148
32.197
29.249
33.115
31.684
34.660
29.076
32.709
33.671
32.304
29.980
28.883
26.747
30.945
34.032
27.835
34.025
33.329
32.070
31.412
33.864
33.092
30.800
32.637
32.592
32.649
32.980
31.641
31.123
13.431
28.672
31.916
32.481
32.863
30.734
28.789
28.632
31.326
31.534
28.109
29.934
30.240
29.745
31.707
31.362
30.564
29.924
28.357
29.658
29.126
29.571
29.636
29.499
28.139
28.415
29.369
29.187
28.282
21.090
26.796
27.297
27.890
27.728
26.766
27.048
27.190
26.578
27.672
27.072
26.561
26.276
25.739
26.466
25.701
24.953
24.883
25.409
24.812
24.141
24.689
24.477
24.467
23.993
23.365
23.521
23.308
23.267
23.055
22.378
22.728
22.454
22.390
21.975
22.139
21.124
21.259
21.899
21.455
21.908
21.879
21.059
21.676
20.729
20.132
19.735
20.628
20.315
20.386
19.480
18.213
13.492
19.186
19.487
19.305
18.075
18.255
19.440
18.730
18.596
19.107
18.855
18.217
18.703
18.318
17.112
17.842
18.054
17.784
18.107
18.144
17.987
17.367
16.319
17.133
16.822
17.358
17.275
16.752
16.236
16.530
17.546
17.717
17.702
15.197
15.874
17.977
17.633
17.314
17.283
17.534
17.705
16.684
17.179
17.552
18.126
18.148
18.170
18.008
18.021
17.639
17.298
17.730
16.984
17.406
17.921
18.189
17.861
18.659
18.624
18.370
18.465
18.891
19.122
18.692
18.714
19.028
19.176
19.296
19.740
19.699
17.494
19.150
19.334
19.272
19.860
19.757
19.948
21.117
20.844
20.871
20.678
21.249
21.433
21.294
19.212
22.075
22.248
22.102
21.812
22.622
22.953
22.684
23.016
23.648
23.682
22.957
23.978
24.084
23.839
16.331
16.411
24.774
24.692
24.810
16.490
23.195
25.963
24.869
25.767
25.692
26.546
25.970
25.629
25.451
24.682
27.041
27.469
27.336
28.009
27.012
28.010
28.328
28.720
28.673
28.701
29.116
28.884
29.145
30.058
29.219
29.667
30.086
29.610
24.233
30.506
30.331
30.972
31.197
31.207
32.140
31.743
32.048
31.406
32.169
32.166
28.792
27.645
30.336
32.611
33.355
29.438
29.649
33.155
32.869
33.236
33.934
34.434
33.611
34.367
34.507
31.890
33.566
34.600
29.951
34.020
34.676
34.846
34.835
32.937
33.625
34.699
34.813
33.480
34.613
35.135
35.618
35.765
36.131
36.721
36.174
36.096
37.110
35.944
33.557
35.856
32.081
31.566
33.525
36.760
35.370
36.017
36.389
34.724
35.710
36.540
37.120
34.906
36.215
37.484
37.240
35.655
36.807
35.859
34.991
35.141
33.932
35.991
16.767
33.113
33.938
36.482
33.593
23.610
25.814
33.820
24.514
31.224
32.516
29.541
32.149
29.853
34.598
35.262
31.699
34.687
34.977
35.874
32.811
28.485
34.317
34.128
12.549
36.363
36.540
35.991
35.625
31.728
32.680
35.341
20.661
28.544
36.129
33.824
30.572
25.816
20.256
31.348
35.099
33.148
32.231
26.473
33.900
18.694
28.089
29.154
32.133
28.821
4.774
30.710
35.726
34.759
30.034
32.776
31.766
31.003
27.348
31.574
33.401
23.072
19.448
30.296
30.847
23.964
15.478
27.334
32.747
30.194
31.739
33.937
31.329
32.613
32.307
33.477
33.376
23.764
31.324
32.819
32.779
32.131
31.991
32.246
32.576
31.341
31.880
31.304
31.191
31.103
30.627
30.482
30.283
30.586
30.842
24.063
30.783
29.292
26.417
29.370
30.095
28.975
27.591
28.436
28.476
25.830
26.140
28.404
27.495
26.293
27.492
27.571
27.394
26.505
26.891
25.671
21.840
22.783
26.024
26.949
26.304
24.249
24.716
25.408
23.960
24.951
25.173
25.146
24.849
24.801
24.453
24.306
24.096
22.934
23.456
22.997
22.951
23.321
22.665
21.320
21.673
22.454
21.902
22.075
19.783
21.533
21.466
20.997
20.853
20.439
20.369
20.145
19.910
20.564
20.503
20.372
20.123
20.304
19.887
19.918
19.947
19.629
19.143
11.770
14.098
12.912
18.282
18.618
18.800
19.006
18.621
18.011
18.614
18.953
18.530
17.913
18.007
18.137
17.807
17.784
17.543
17.622
17.900
17.748
17.557
17.331
17.443
17.704
17.617
17.788
17.114
17.266
16.869
17.229
16.582
17.809
17.289
17.319
15.923
5.181
17.900
17.875
17.690
17.938
17.782
17.699
17.580
17.317
18.032
17.938
16.375
18.236
16.932
17.965
18.521
17.939
17.943
18.385
18.248
18.869
18.830
19.060
19.154
19.446
18.820
18.807
19.813
19.549
19.533
19.269
19.324
19.643
19.317
19.145
