19790101
20.085
29.725
17.132
19.196
18.981
5.305
28.199
24.997
18.091
29.611
28.306
30.719
30.077
15.248
11.062
27.286
27.898
22.603
17.377
26.286
22.666
29.635
29.972
26.914
12.951
21.574
20.652
23.358
21.342
31.465
9.660
18.145
28.065
30.812
27.847
30.150
22.617
27.563
5.768
20.508
20.454
15.179
31.196
27.632
19.564
15.830
28.859
30.359
28.353
12.667
20.238
28.005
28.058
30.650
29.453
6.110
4.105
26.701
28.312
16.165
22.388
17.820
23.973
28.120
27.888
5.253
27.458
26.876
11.676
2.878
2.436
13.031
14.620
23.077
11.720
15.237
16.696
23.826
25.299
13.696
2.576
4.642
17.120
11.749
6.221
8.118
4.859
23.092
9.689
23.803
24.925
23.079
1.594
1.855
20.068
24.978
23.690
18.326
23.819
21.876
1.311
1.901
1.654
18.802
23.024
22.384
22.515
21.695
19.011
18.894
11.112
9.050
6.170
4.359
2.604
9.004
16.442
16.700
9.353
10.567
19.811
19.843
10.719
16.213
12.938
13.373
12.566
4.985
18.457
18.511
18.055
16.875
12.364
8.351
17.404
17.339
17.273
7.062
17.176
17.029
16.945
2.082
16.873
16.942
16.712
16.779
16.700
16.774
9.331
16.878
16.986
16.669
16.496
16.203
4.797
10.705
13.664
14.002
12.380
15.911
16.110
15.893
15.951
12.441
15.865
15.556
10.905
11.836
15.682
15.627
14.795
15.110
14.211
15.844
15.867
15.746
15.532
15.351
7.832
15.147
12.921
15.731
16.102
15.832
8.770
8.278
13.545
15.744
15.771
14.287
13.018
9.967
12.551
16.215
16.039
15.725
16.624
17.112
11.436
17.364
17.499
17.484
17.186
17.642
17.427
17.629
18.028
17.335
18.218
17.971
18.763
18.042
17.067
18.146
18.780
18.958
18.566
18.689
15.506
17.401
19.096
18.316
2.831
17.529
18.322
20.131
20.240
18.104
20.188
21.183
21.048
20.849
21.055
20.873
15.824
21.125
22.139
15.378
22.992
22.485
22.796
23.218
23.168
23.447
23.946
23.870
23.803
23.934
23.762
14.687
4.492
24.894
25.415
25.217
13.254
17.669
25.836
17.727
8.839
14.460
26.530
26.576
26.496
26.467
26.539
27.025
27.194
26.772
26.935
6.072
9.117
26.680
26.200
22.104
11.983
18.753
28.863
24.239
28.553
29.128
29.147
28.924
27.287
17.682
13.422
16.514
18.220
25.995
29.970
29.781
25.638
29.554
30.100
8.491
25.215
4.558
31.305
22.363
29.008
31.031
26.089
31.732
10.896
31.432
29.806
30.762
13.840
18.133
20.718
28.513
24.298
18.779
33.377
33.586
33.335
31.255
7.024
23.236
23.548
4.311
32.940
13.448
33.017
17.935
13.531
15.434
2.890
2.395
8.396
30.290
31.120
29.139
32.897
27.888
11.081
3.620
22.839
6.038
33.023
33.776
28.865
21.689
19.741
24.400
26.415
20.349
26.462
4.082
21.887
32.610
30.444
21.514
23.848
21.006
11.583
2.251
2.702
17.741
24.128
16.943
12.501
16.816
26.285
16.710
33.554
29.593
24.967
29.010
24.743
21.789
34.283
22.586
27.786
30.580
30.373
28.845
31.342
32.475
13.020
24.044
26.330
31.430
32.138
9.381
30.532
25.493
30.545
28.412
5.188
29.953
31.137
18.457
27.084
30.635
18.056
28.067
25.676
29.431
28.820
13.959
31.303
32.138
22.357
29.647
31.973
16.745
32.162
31.714
24.623
28.058
15.585
23.619
27.919
22.496
18.336
27.314
19.967
20.149
25.684
17.577
28.478
24.675
16.660
29.519
27.424
15.896
24.801
23.713
26.396
26.581
9.605
8.074
22.241
24.276
10.118
15.326
26.452
18.611
26.493
24.590
23.761
22.098
26.823
26.904
26.546
23.618
19.506
19.249
16.603
5.702
25.244
25.796
25.212
8.633
6.648
5.149
23.272
23.931
23.948
7.598
18.200
13.818
23.088
23.771
24.027
23.015
4.204
23.033
20.712
19.410
22.660
22.182
22.565
19.301
10.326
5.473
14.115
20.391
16.891
15.852
16.926
18.598
19.794
18.180
2.112
10.339
18.786
19.872
19.584
19.447
19.330
14.021
18.834
5.225
18.977
18.929
18.441
18.544
17.964
17.804
0.766
8.795
17.580
17.455
16.630
16.885
17.218
17.208
17.309
11.116
14.581
16.635
17.060
12.114
16.574
15.375
16.043
15.897
16.349
16.382
16.441
16.170
15.695
14.009
16.209
13.618
7.341
1.937
1.638
16.142
16.286
16.283
15.989
15.588
15.732
11.290
15.466
14.814
15.632
15.218
15.328
9.524
15.519
16.007
15.924
15.814
15.254
16.178
16.376
16.363
16.207
16.086
16.038
13.057
16.409
16.392
16.475
16.615
16.382
16.954
16.589
15.536
16.370
16.747
17.149
17.320
17.323
17.491
17.393
17.444
17.808
18.335
18.487
18.278
18.804
18.249
18.751
18.822
18.827
18.650
18.661
12.697
19.641
19.837
19.958
19.957
20.189
19.972
14.209
14.611
20.329
20.793
21.312
20.719
20.539
20.706
6.723
21.329
21.656
14.085
21.707
22.043
21.755
22.510
22.646
23.021
23.102
23.270
23.160
23.502
22.455
24.276
24.170
24.424
24.915
24.910
24.893
25.416
25.524
25.329
25.354
25.709
24.336
25.164
26.733
26.884
26.173
25.863
25.263
26.959
27.282
27.368
27.390
27.402
27.181
19.569
27.645
28.429
28.452
15.367
28.642
28.917
29.356
29.417
29.317
29.553
29.450
29.178
19.279
22.909
29.908
23.959
25.600
23.824
29.979
20.515
16.517
23.913
22.556
15.545
12.589
12.690
30.742
31.126
30.620
26.853
16.879
18.265
21.673
30.682
32.266
32.423
32.137
24.073
23.027
29.218
29.537
19.784
31.340
32.210
33.084
33.215
33.324
33.058
29.612
15.452
3.444
33.447
30.575
12.205
21.172
12.257
33.914
33.851
22.339
26.566
16.042
17.869
16.021
34.316
34.387
34.587
33.921
28.360
21.999
20.086
28.903
30.861
22.866
28.129
32.078
31.162
32.715
33.516
32.325
29.895
28.887
14.030
15.212
34.854
34.469
31.839
24.283
12.505
30.211
29.606
33.861
30.893
33.334
31.667
19.102
6.666
8.723
30.240
32.612
26.368
5.570
17.092
26.762
28.654
20.855
31.373
21.003
31.777
31.240
23.383
20.320
29.335
32.674
31.908
24.561
13.478
19.002
1.953
17.132
22.543
15.985
11.193
5.075
15.923
14.730
27.738
13.722
18.989
27.340
16.790
11.650
22.414
18.258
1.376
9.559
21.934
12.999
22.765
10.079
9.918
24.254
26.051
28.905
19.061
4.429
27.506
18.732
17.201
29.419
30.234
29.907
29.618
29.144
23.272
26.241
27.065
22.027
23.099
26.749
27.034
10.488
17.541
22.864
25.155
24.305
26.238
24.419
23.698
27.610
2.380
17.730
16.479
1.313
22.754
26.499
26.110
24.915
18.169
21.525
23.137
25.292
18.823
17.009
15.476
11.522
8.399
13.174
3.095
13.897
15.078
21.172
16.352
13.732
15.998
17.559
19.490
16.874
21.386
12.638
7.084
7.665
3.960
6.299
14.287
21.294
20.793
21.016
10.514
4.782
20.807
13.405
11.610
4.318
20.303
19.459
14.943
19.803
19.679
19.416
19.007
17.068
18.749
19.035
5.773
18.403
16.992
15.163
15.018
17.965
17.954
17.714
11.931
15.524
14.661
15.962
17.128
17.264
17.198
17.093
6.424
16.381
16.598
16.494
16.559
16.415
16.756
8.690
13.203
15.007
9.205
12.950
15.960
15.747
15.912
15.953
15.584
13.792
15.619
15.494
15.533
15.912
15.543
15.565
15.771
15.991
15.964
15.685
15.662
15.824
16.027
15.990
15.424
15.773
15.492
15.716
16.136
15.991
15.690
15.699
15.665
15.952
15.616
15.546
15.946
12.243
15.950
16.170
16.159
15.500
16.490
15.986
3.605
17.026
17.158
17.480
17.618
17.413
8.630
17.629
17.971
18.139
17.977
17.985
18.134
17.932
18.272
18.246
18.890
19.392
19.082
18.891
18.607
13.289
18.046
15.761
19.369
19.650
20.143
19.868
20.218
20.295
20.282
20.697
21.006
21.213
21.018
19.389
21.188
21.520
21.716
21.845
22.219
22.016
22.499
22.709
22.621
2.149
15.028
23.370
22.776
22.208
17.966
24.152
25.013
24.915
24.819
25.092
25.047
24.280
18.838
4.315
25.170
26.565
26.582
26.352
26.350
26.476
19.907
21.894
26.626
26.967
27.042
27.208
27.631
20.881
25.935
28.512
28.437
28.852
25.985
29.020
28.573
21.984
29.077
19.688
29.505
29.307
29.592
26.757
26.290
27.230
27.635
30.262
26.709
26.680
29.250
30.829
30.759
22.094
24.279
27.656
20.320
24.216
24.677
27.674
30.766
29.970
14.014
6.511
28.437
31.578
30.979
15.251
4.289
32.978
32.902
31.571
28.094
28.844
25.735
15.503
31.878
7.649
18.447
29.490
32.038
9.319
33.761
34.229
32.686
15.582
4.500
18.718
26.121
17.445
32.049
23.899
29.421
2.911
26.024
24.053
33.950
34.175
30.152
21.617
33.016
34.611
33.867
27.683
32.161
24.335
32.602
30.766
16.780
33.646
31.205
5.400
22.427
23.346
15.517
33.662
34.938
31.740
22.976
27.310
28.733
22.679
18.297
31.876
9.125
15.758
21.483
29.905
31.305
15.842
11.953
32.315
26.696
5.537
8.607
26.504
33.331
24.120
20.635
29.292
32.565
8.903
13.469
16.395
28.176
20.488
33.168
34.068
30.160
11.730
26.245
15.514
26.371
29.817
32.217
31.340
29.853
28.882
14.418
31.297
30.350
25.612
22.003
20.962
31.285
30.665
30.050
30.985
31.050
22.983
30.574
3.163
12.525
9.577
6.339
6.467
15.469
3.691
10.967
4.632
24.703
21.810
13.402
19.158
9.404
3.065
2.046
2.239
15.352
26.921
25.233
26.399
28.086
14.705
13.636
15.793
17.215
26.747
27.703
27.681
25.491
20.642
24.984
20.481
20.208
24.981
26.309
26.485
12.959
16.456
25.983
25.646
25.716
24.964
24.988
22.374
13.433
17.653
22.166
15.035
14.340
9.415
6.065
17.751
22.575
23.090
23.191
18.548
12.803
2.536
13.160
22.119
20.194
21.899
19.907
21.459
13.830
21.131
20.623
20.435
18.240
18.198
19.295
7.073
18.878
19.534
16.584
14.939
17.385
19.229
18.544
18.548
19.048
19.184
18.485
18.488
18.369
17.713
10.712
17.938
17.738
10.881
17.467
18.008
17.806
13.229
16.954
16.262
17.282
16.952
16.322
16.489
16.860
16.906
16.976
16.814
15.139
15.428
16.076
16.477
16.045
16.119
15.544
16.153
16.000
16.464
16.310
15.420
16.014
15.482
15.753
15.341
15.488
13.012
15.754
13.649
15.147
15.252
13.732
15.779
15.704
15.517
15.675
2.748
16.272
16.093
15.968
16.062
15.636
15.460
16.163
15.712
15.264
15.996
15.983
16.051
16.148
16.751
16.075
16.450
15.941
16.938
16.830
17.025
17.183
17.321
4.157
17.247
17.165
16.637
17.533
16.788
16.165
17.161
17.711
17.912
16.892
16.775
18.442
18.488
18.658
18.812
1.743
18.759
19.586
19.967
19.884
19.903
20.117
20.579
20.142
20.129
19.805
19.620
20.904
20.999
21.092
20.987
21.241
21.634
20.933
21.837
21.334
22.214
21.439
22.492
21.200
21.337
22.829
23.142
23.179
19.768
23.477
23.679
22.584
24.044
24.590
24.548
24.582
24.979
25.609
25.545
25.808
18.671
9.954
26.276
26.494
21.274
8.869
15.663
26.350
26.498
14.932
14.208
3.565
7.052
22.642
27.658
26.005
13.339
28.291
28.706
13.926
29.010
28.188
27.467
29.243
29.246
29.733
29.648
30.152
30.161
29.828
30.368
31.011
30.965
30.128
31.165
31.363
31.528
27.416
31.327
13.450
30.325
6.370
31.107
26.244
31.651
28.846
32.220
32.085
32.840
32.702
32.634
20.409
21.461
13.060
32.389
32.320
32.772
32.887
32.734
32.884
24.987
32.832
32.494
30.963
2.204
26.734
29.068
15.295
21.276
32.276
23.097
24.441
33.787
30.781
25.976
15.482
3.715
10.819
19.128
13.145
27.661
23.116
33.275
33.606
34.010
34.007
18.467
31.220
33.723
2.983
25.481
16.425
27.704
12.437
24.520
32.471
19.845
23.619
34.764
34.918
31.829
28.848
33.223
33.692
28.181
31.442
29.159
33.716
25.671
33.364
31.764
33.039
32.409
32.358
24.388
32.773
20.892
24.375
25.887
17.137
22.652
23.663
17.724
11.639
21.006
32.850
33.254
31.897
32.904
31.916
32.634
32.489
9.276
19.687
30.226
31.546
24.448
7.257
13.452
32.218
29.568
26.095
22.838
26.314
25.049
30.529
32.076
31.662
20.682
2.587
17.427
21.462
2.471
30.458
31.633
30.163
24.889
27.420
28.844
30.231
29.749
29.006
20.358
2.284
9.935
18.961
28.569
2.257
22.762
25.724
28.097
28.980
28.790
28.229
28.123
27.501
27.733
17.599
10.286
17.955
26.702
16.557
2.115
27.333
27.104
26.645
26.485
25.459
25.413
25.897
25.912
25.446
20.879
7.536
9.279
10.546
12.656
11.610
22.152
2.076
24.172
23.612
23.741
23.662
21.800
23.035
23.078
23.107
22.671
14.132
8.086
12.803
12.354
20.832
6.497
8.969
6.688
8.480
20.934
20.452
20.148
20.453
20.627
20.518
17.614
2.796
19.618
19.625
19.564
19.239
16.886
17.270
18.655
18.627
12.487
16.610
6.910
10.246
12.521
15.379
13.360
18.082
17.922
16.236
15.648
17.572
11.222
9.375
4.898
16.945
8.898
14.898
10.894
14.800
13.957
16.424
16.124
15.082
16.158
16.319
16.231
14.456
16.008
16.234
16.237
16.023
13.442
15.772
4.964
14.338
15.821
15.687
15.711
15.765
15.802
15.989
15.593
15.586
16.084
15.270
15.572
15.614
15.919
15.878
15.727
15.772
15.603
15.702
14.098
16.245
15.635
15.831
16.405
16.324
16.595
16.216
15.593
16.436
16.759
16.645
16.947
16.624
15.063
16.646
16.856
16.801
17.220
17.284
17.310
17.137
16.632
2.082
7.626
17.121
18.091
18.032
9.772
8.162
12.321
18.602
18.657
18.774
19.061
19.219
18.721
13.710
19.215
19.397
20.053
20.029
20.300
19.871
20.264
13.002
20.555
21.213
21.144
21.225
21.262
21.588
21.690
20.853
22.444
22.285
21.821
17.874
17.041
21.499
23.116
23.254
23.696
23.818
23.660
24.414
24.851
17.784
10.862
24.789
25.213
18.219
15.641
25.285
23.829
18.982
24.242
20.985
23.221
13.822
26.362
26.783
26.026
27.119
27.208
27.475
27.061
28.618
27.692
27.998
21.073
28.266
29.180
29.019
29.542
29.540
28.950
29.045
28.661
28.711
11.867
23.109
27.634
28.959
29.227
29.155
28.249
10.866
27.988
29.561
26.648
29.128
28.377
32.034
31.296
31.533
32.095
31.275
29.120
30.684
11.532
15.564
2.396
10.147
23.240
27.117
32.469
26.020
29.288
15.023
26.056
27.367
17.429
27.096
23.943
13.253
21.313
33.232
33.206
24.649
10.461
32.910
27.186
6.067
31.505
32.083
19.954
20.642
18.255
24.057
23.892
26.095
26.139
14.165
23.084
28.362
18.611
29.809
33.529
34.719
32.666
33.952
33.206
28.400
34.094
33.538
28.380
26.945
23.577
20.945
28.633
32.639
32.167
30.129
33.612
29.245
18.858
33.350
23.408
28.928
28.750
28.966
27.914
28.828
24.757
30.467
20.069
33.092
33.008
25.274
19.400
17.156
19.126
28.663
27.692
16.815
5.359
10.695
29.595
32.166
27.890
28.360
31.013
4.614
7.175
18.555
31.306
27.963
25.191
30.625
20.762
33.784
20.543
15.266
24.034
29.464
27.145
20.910
31.428
5.746
30.583
18.452
15.447
29.144
30.713
27.359
20.415
7.825
22.679
29.415
27.201
28.954
30.559
11.508
26.277
23.428
1.867
21.723
28.524
29.868
13.072
12.939
16.904
15.546
25.415
25.532
23.979
24.636
26.054
28.060
27.652
22.289
20.124
15.217
14.720
23.317
24.881
27.707
24.159
2.849
1.993
0.936
6.449
5.348
9.436
15.589
24.506
11.143
18.392
4.422
18.865
8.072
3.664
2.906
3.374
24.579
11.356
4.461
20.312
22.832
5.509
18.240
17.088
17.390
21.320
16.170
3.835
20.253
21.928
22.253
2.373
9.618
6.966
13.392
4.230
11.051
14.364
20.281
4.506
20.751
20.751
19.879
20.169
1.086
18.978
20.072
19.647
18.406
19.005
11.023
18.782
15.185
14.351
8.439
8.686
18.276
8.766
18.224
18.739
18.013
17.964
18.107
17.967
16.325
17.438
16.722
16.131
15.999
16.810
17.056
16.118
10.954
9.986
17.140
16.800
16.622
15.493
14.563
16.142
13.832
9.432
9.639
16.051
10.097
16.183
16.201
16.097
15.878
15.628
12.872
15.523
15.390
5.870
11.740
7.107
13.479
13.507
14.033
12.206
15.315
13.174
15.441
15.948
15.712
15.850
15.742
16.049
16.168
16.056
16.148
15.977
15.962
16.158
16.584
16.645
15.215
15.120
16.469
16.493
16.626
17.055
16.896
17.023
16.567
8.286
4.292
5.981
16.134
17.358
17.476
17.457
17.787
17.898
17.701
18.151
18.656
18.544
14.788
17.573
19.256
19.304
19.314
18.976
14.699
19.776
19.291
20.005
18.202
20.064
14.828
11.532
20.572
20.706
20.858
20.902
21.671
19.409
20.257
21.564
11.336
21.819
23.004
22.751
22.684
20.619
23.078
23.331
23.374
23.335
23.177
23.404
12.454
23.332
23.723
24.111
24.000
22.579
23.600
8.838
24.903
22.561
25.652
18.293
16.621
25.600
25.555
23.957
12.108
13.748
26.093
27.466
27.213
27.230
16.498
28.636
28.180
28.375
28.959
29.258
29.001
21.167
28.861
28.763
15.453
27.856
29.189
18.270
26.104
28.693
19.431
2.478
24.322
28.897
28.752
5.399
30.264
30.295
28.538
16.051
6.682
17.559
30.727
29.836
4.085
20.788
19.871
25.302
19.962
26.302
31.272
30.750
7.526
7.637
28.693
8.814
22.360
26.314
32.728
32.410
12.548
2.928
7.201
22.261
22.228
13.552
19.717
5.407
24.935
17.358
23.264
25.977
5.087
34.072
33.554
33.013
20.113
30.232
20.623
31.313
29.138
20.645
30.799
26.859
32.159
28.867
3.319
4.790
31.052
12.114
29.802
29.705
15.877
19.096
26.391
25.844
20.613
12.042
33.952
25.133
29.209
23.352
13.788
25.304
11.919
13.977
17.256
26.756
32.268
19.780
23.470
26.246
31.831
24.907
23.755
7.937
25.529
34.539
34.853
33.030
27.865
30.856
31.684
32.349
32.950
31.448
33.699
27.430
28.157
30.267
23.977
25.600
23.944
11.860
27.481
23.592
31.958
33.613
32.373
32.240
27.304
26.580
25.645
22.601
26.171
15.059
10.489
22.716
23.636
20.898
19.295
19.731
2.714
19.688
22.567
24.266
29.926
15.272
13.929
30.027
24.976
23.194
26.803
29.884
30.516
29.880
30.106
28.691
29.576
30.557
30.718
30.647
29.276
29.401
29.904
25.522
17.255
5.321
25.662
28.287
23.814
26.710
27.039
27.403
27.412
25.742
27.421
19.922
26.446
26.920
26.823
26.434
26.376
19.852
12.016
25.414
17.341
24.835
9.341
13.264
22.893
24.134
13.654
7.372
23.294
24.732
24.498
23.974
23.695
23.395
12.954
10.846
16.475
12.140
2.174
22.918
22.811
14.342
14.287
17.971
20.688
11.634
18.002
5.349
11.653
9.649
20.113
20.395
3.032
20.597
20.486
20.307
20.012
19.843
19.756
19.201
19.017
18.733
18.720
19.046
18.865
18.648
18.503
18.278
18.029
17.822
17.989
17.242
17.480
17.397
18.279
17.785
17.288
17.536
17.451
17.542
16.886
16.277
16.332
5.000
11.881
16.540
4.142
16.442
16.279
16.152
16.014
15.828
15.908
16.208
16.297
16.286
16.058
15.804
16.291
15.776
15.684
12.039
8.944
15.399
15.537
14.704
15.587
15.551
15.489
15.434
15.246
15.326
15.551
15.736
15.455
15.409
6.306
15.744
16.108
8.902
16.075
16.450
16.656
16.692
16.308
16.344
16.482
16.665
16.621
16.518
16.132
16.527
17.031
14.951
16.950
17.290
17.291
16.991
17.210
3.718
16.692
17.850
18.160
18.321
18.318
16.977
2.639
16.119
13.495
19.145
19.165
18.815
11.287
2.571
13.525
15.540
19.995
20.490
19.769
20.616
20.661
20.892
20.421
14.981
14.589
21.215
14.854
21.218
21.314
21.712
21.761
21.810
21.724
22.445
22.873
22.776
22.873
12.491
7.099
6.141
24.299
24.068
24.138
24.109
24.746
24.722
17.379
25.004
25.429
26.842
25.754
25.804
25.331
16.850
26.017
26.529
24.577
26.655
26.409
26.548
23.537
22.018
27.027
26.208
26.873
28.143
28.265
28.353
27.932
25.164
24.506
28.759
17.986
20.204
10.074
29.320
29.850
30.008
29.683
29.995
30.072
27.523
17.824
30.133
30.060
27.998
8.571
30.524
30.012
15.436
29.676
30.780
19.193
16.543
24.021
28.642
22.133
10.056
15.175
1.765
4.140
7.150
26.332
15.288
32.163
32.093
32.807
32.846
23.385
9.130
17.917
20.525
19.567
25.070
32.910
24.196
26.346
31.365
28.448
21.923
24.941
10.193
13.809
21.257
27.132
33.610
33.863
34.074
31.939
24.131
32.375
34.453
33.696
28.869
29.946
30.609
19.970
33.923
29.631
31.270
25.721
32.460
34.109
24.087
32.313
29.480
29.522
30.836
32.357
23.879
33.598
22.843
33.601
21.392
33.093
32.230
34.129
30.139
18.975
32.266
21.719
32.307
25.010
22.753
28.142
31.273
30.969
28.877
25.861
33.674
23.938
20.383
30.884
33.676
32.960
20.813
11.857
32.939
27.554
32.981
23.181
33.608
33.565
19.355
31.997
28.659
24.599
28.955
29.506
21.948
16.714
12.905
31.692
32.371
23.949
26.025
11.957
11.435
24.036
24.712
22.580
30.758
30.234
14.969
27.497
24.217
2.692
12.141
30.921
20.313
14.167
15.753
21.415
21.345
29.437
14.588
10.737
17.773
30.309
29.862
28.688
7.671
6.365
29.018
26.195
20.638
27.842
27.568
27.612
6.554
25.721
27.664
2.695
27.352
24.869
27.149
8.708
24.882
25.475
25.581
19.546
26.241
23.636
9.345
17.213
5.566
23.617
25.249
24.933
6.957
17.157
24.550
23.276
19.469
2.275
18.265
20.905
14.705
22.634
22.797
14.903
22.308
4.679
8.946
21.543
22.181
22.197
22.396
22.001
22.094
21.845
20.360
16.992
19.520
11.066
20.555
20.469
20.602
20.091
20.218
20.293
19.923
18.695
19.031
18.479
18.604
18.218
18.605
18.857
9.271
18.598
17.259
7.327
18.020
17.985
17.033
17.615
16.979
15.076
17.479
17.084
17.030
16.581
16.918
16.996
17.105
17.238
17.115
13.658
-99.00
0.000
16.745
16.703
16.644
16.516
16.150
16.411
16.579
16.710
16.483
16.255
15.164
15.622
15.952
15.929
16.075
15.686
15.258
15.325
14.173
15.320
15.445
1.736
15.559
16.165
15.738
15.089
15.494
12.606
13.880
15.945
16.302
16.496
16.604
16.691
16.302
16.074
16.316
16.344
15.234
16.174
16.607
16.263
16.461
16.416
16.258
15.930
15.936
6.318
6.442
11.863
17.333
17.592
17.830
18.274
17.980
18.123
17.722
17.903
18.113
18.313
18.799
18.275
18.563
17.846
18.605
18.455
18.783
19.099
19.039
18.901
15.977
19.571
18.155
19.055
8.214
11.970
18.832
19.751
19.605
21.007
21.277
21.646
21.607
20.156
18.935
20.762
21.709
22.067
9.690
11.454
19.478
22.053
22.697
22.978
23.738
24.213
24.612
25.029
24.680
24.332
24.218
24.609
25.020
25.372
25.473
25.954
26.124
26.344
26.410
26.633
26.847
26.867
27.015
26.405
26.991
2.118
6.532
12.009
25.324
28.315
27.729
28.288
28.320
27.598
27.862
28.028
28.876
26.227
3.415
3.097
25.800
29.824
28.156
29.712
29.632
30.128
30.398
17.945
25.564
29.300
29.615
30.657
30.782
31.252
31.087
30.493
30.877
31.568
32.116
30.043
31.714
31.137
32.116
31.426
4.982
19.508
30.884
32.589
32.924
32.537
31.046
29.900
32.833
32.349
33.109
30.216
30.881
21.540
4.933
31.207
33.351
25.117
24.586
30.673
18.905
8.242
32.422
33.595
33.234
33.402
23.233
29.849
20.664
14.676
26.317
31.696
34.505
33.598
22.461
31.503
10.466
30.200
26.199
20.763
33.187
21.082
27.426
31.833
31.836
13.447
15.917
19.506
26.611
11.839
28.488
21.337
-99.00
-99.00
-99.00
-99.00
-99.00
-99.00
-99.00
-99.00
5.533
16.003
26.084
28.151
19.007
17.791
16.398
24.896
6.898
24.481
23.661
21.046
25.665
21.077
29.863
26.791
29.863
11.763
12.496
25.437
17.610
16.432
24.963
26.286
27.059
7.086
25.245
31.690
30.677
30.535
23.937
32.785
33.211
14.158
23.019
23.660
26.235
22.486
22.270
33.186
33.158
32.859
32.953
30.471
29.732
23.932
27.951
26.901
15.674
8.750
30.264
30.348
25.432
30.123
29.703
29.706
27.975
28.803
23.308
27.119
28.528
27.108
24.487
20.573
27.746
25.027
26.471
11.659
25.717
28.861
28.048
28.138
26.693
21.396
27.655
27.700
20.161
26.077
15.625
13.711
23.641
22.107
20.571
18.597
24.599
25.846
20.772
2.291
5.592
21.643
25.048
18.009
24.543
24.483
22.864
23.401
23.581
23.152
1.167
23.425
23.085
23.121
20.843
22.351
22.646
15.163
2.260
22.144
21.984
19.350
20.816
20.290
19.362
20.519
16.386
6.822
12.017
19.586
20.042
16.673
11.232
18.720
17.312
19.553
19.676
19.855
19.851
19.481
18.935
18.981
18.757
18.510
17.458
18.285
18.319
17.956
15.695
10.226
11.076
17.988
17.695
16.966
11.556
1.897
8.744
17.153
16.801
16.729
16.577
16.742
16.319
15.438
15.980
15.664
8.989
13.759
15.465
15.743
15.787
16.368
16.274
16.094
11.873
16.052
16.036
16.015
16.065
16.120
15.715
15.804
15.882
15.807
15.481
15.290
15.767
15.819
16.195
16.019
16.052
15.605
15.375
14.207
15.722
15.932
16.346
16.170
16.606
16.198
16.220
16.409
14.448
16.792
16.631
16.609
16.986
16.996
16.551
16.834
16.715
17.073
17.063
15.980
17.180
17.506
17.785
13.977
17.727
17.817
15.494
16.160
18.517
18.542
18.900
18.663
14.102
18.523
15.023
19.671
16.913
19.826
19.451
19.536
18.266
18.918
19.500
20.249
18.528
20.451
21.227
21.162
21.295
21.108
21.398
21.388
21.665
22.306
22.222
21.847
22.446
5.524
19.861
23.118
23.476
23.757
23.643
23.820
23.790
24.353
24.313
24.515
25.138
25.187
24.737
24.234
24.646
19.263
19.486
12.556
25.997
26.017
20.008
26.515
24.607
26.910
26.984
27.220
27.203
25.545
27.395
27.726
26.262
23.526
14.649
21.028
28.215
25.084
24.112
25.578
28.584
29.408
9.179
28.768
24.088
27.204
27.628
29.263
28.669
28.037
29.553
29.747
27.687
25.463
30.638
24.867
19.467
24.246
20.839
18.932
18.180
19.794
31.764
31.502
26.509
31.373
17.445
2.869
8.586
17.077
17.556
32.161
32.728
32.290
22.246
30.812
23.554
16.012
18.004
29.337
31.032
32.918
25.716
30.469
23.666
9.727
4.202
10.463
26.769
3.347
34.599
32.787
22.591
32.403
29.241
23.199
15.818
30.669
32.732
5.373
33.127
8.777
9.182
31.351
29.726
34.257
33.750
21.026
33.843
32.872
33.403
26.894
16.363
34.433
34.365
23.874
15.780
34.093
33.693
23.218
30.034
22.285
26.210
25.746
24.162
27.720
33.677
27.191
24.042
27.565
32.964
26.393
24.780
33.724
27.774
31.945
28.208
30.908
32.661
30.025
21.356
22.212
10.837
30.091
30.366
20.366
14.886
7.934
29.477
23.143
32.356
15.935
28.379
32.078
32.301
9.613
5.840
19.986
23.754
32.457
23.781
21.941
16.639
18.249
23.523
29.086
24.695
25.755
24.457
28.131
26.829
22.968
17.959
28.279
19.589
21.961
30.384
26.303
25.085
25.844
29.722
26.581
29.949
29.777
29.299
13.695
28.857
29.128
29.246
27.538
24.152
29.145
27.737
17.994
25.186
27.476
27.035
5.234
14.930
11.247
24.355
25.018
26.111
25.693
26.321
26.728
26.339
26.047
25.833
22.197
15.035
25.807
25.840
20.189
6.223
9.404
16.707
9.328
17.835
22.290
23.615
22.169
21.984
21.437
21.903
17.385
23.071
22.451
10.282
20.990
23.304
22.473
21.605
13.609
21.930
21.583
14.502
21.024
16.444
1.731
11.879
20.586
4.732
5.596
2.425
5.261
20.103
18.411
19.143
4.703
1.423
16.598
19.623
13.287
19.083
18.691
18.632
18.403
18.051
7.477
17.900
17.833
17.206
10.735
17.164
17.489
7.280
16.729
16.965
16.572
16.596
14.275
12.603
16.756
15.010
7.020
4.598
10.771
16.637
16.532
16.460
14.835
16.674
16.526
15.354
16.199
16.137
16.217
16.055
15.960
15.124
15.698
15.807
15.729
15.674
9.206
3.670
15.565
15.929
15.598
15.540
15.636
15.766
15.433
15.099
15.592
16.195
16.453
16.017
15.961
9.972
5.528
16.027
11.387
11.856
16.787
16.724
16.387
16.602
16.525
16.671
16.907
16.894
16.950
16.685
16.785
10.325
1.192
6.423
17.618
17.526
17.481
18.178
18.111
17.823
18.381
18.413
18.707
18.498
18.485
18.064
18.731
19.001
19.092
19.284
19.784
19.770
19.569
18.980
19.912
20.466
20.483
20.893
21.324
21.079
21.103
21.363
21.386
21.126
21.196
21.195
21.465
22.486
22.704
22.811
23.123
23.090
23.149
23.463
23.545
23.376
23.281
23.368
23.276
23.715
23.609
24.034
24.342
25.032
24.756
25.551
25.234
22.874
21.558
23.096
21.088
20.710
26.139
26.517
25.849
26.504
22.793
26.063
27.595
27.696
22.822
25.784
23.618
27.911
28.432
28.462
27.955
28.577
29.357
29.124
29.108
29.499
29.367
28.403
10.184
7.446
14.883
17.444
24.718
21.056
2.589
28.205
24.864
25.320
29.454
18.970
30.908
31.118
16.936
31.630
29.530
31.634
32.384
32.164
32.658
32.050
30.817
32.505
28.318
32.404
32.443
32.642
33.081
33.230
31.685
31.035
32.626
31.665
33.408
32.414
17.654
31.012
20.723
19.589
14.112
33.100
31.752
35.041
34.841
34.188
34.093
32.412
33.947
31.929
32.610
28.907
16.332
29.730
30.576
24.469
20.893
26.232
19.292
17.090
23.115
27.291
25.637
32.483
31.155
14.146
33.730
27.040
30.753
29.758
17.102
31.651
19.373
22.354
17.658
31.702
32.897
16.857
16.091
25.188
21.559
28.409
24.812
8.822
25.921
26.507
26.161
28.943
26.299
13.746
31.042
29.987
13.936
18.519
28.327
24.700
18.713
33.076
22.959
34.584
33.902
19.889
27.693
22.860
33.037
32.329
25.406
27.522
32.959
30.927
33.758
33.689
22.497
28.353
18.293
19.888
27.865
6.885
31.734
27.519
19.450
29.136
30.950
29.367
32.229
32.014
27.678
16.662
17.551
31.053
29.786
31.448
27.112
22.689
27.440
17.929
31.020
19.955
26.807
25.472
18.149
27.861
21.458
16.499
26.925
27.811
15.106
13.382
26.909
21.292
19.546
17.291
9.512
27.812
28.518
28.110
27.966
27.601
10.448
15.125
23.613
18.437
21.706
27.039
26.532
22.143
3.766
3.933
7.761
25.170
22.397
23.887
11.405
5.228
24.538
16.035
14.269
22.501
16.822
17.191
20.244
23.260
21.936
20.618
23.240
22.902
15.960
21.718
16.928
19.735
13.994
20.326
21.451
21.735
12.802
20.107
16.618
12.685
14.792
17.560
20.467
6.640
20.541
20.524
20.088
19.990
13.427
3.301
5.987
19.780
19.359
14.005
19.000
16.034
18.265
18.384
17.946
17.938
18.006
17.921
17.445
17.393
17.298
17.465
17.667
17.490
16.379
16.709
16.808
16.472
16.479
16.322
16.620
16.440
10.496
12.680
16.226
16.716
16.093
15.585
16.084
15.797
14.917
2.071
0.969
9.021
15.532
11.975
15.357
15.882
11.884
15.530
15.745
16.087
14.386
15.478
10.329
14.914
11.811
13.647
13.345
13.310
16.071
16.149
15.930
14.543
15.841
16.293
15.888
16.253
16.418
16.374
16.587
16.054
15.975
16.661
16.835
16.855
16.193
15.705
16.544
17.019
16.604
17.033
17.675
17.462
14.854
17.634
17.497
15.801
18.120
18.015
18.058
16.430
18.428
18.471
18.946
18.766
18.743
19.192
19.957
19.521
20.233
19.614
19.655
19.756
20.078
20.566
20.575
20.526
20.729
21.629
21.215
21.487
21.452
18.385
18.879
21.935
22.331
22.480
22.469
23.065
22.558
22.772
23.358
23.353
23.557
23.773
23.711
24.318
24.382
24.474
24.571
25.019
25.533
25.460
25.671
12.469
3.970
23.684
26.372
26.750
26.591
26.295
26.425
26.510
26.730
27.077
26.944
23.703
19.454
27.209
21.850
16.249
20.842
26.291
28.443
28.765
28.046
28.978
29.043
20.290
27.288
1.957
2.409
2.464
8.701
27.471
29.745
29.002
20.986
24.760
17.267
30.352
30.442
30.268
30.699
28.596
30.642
30.960
18.951
32.327
32.523
32.785
32.636
32.541
31.908
30.124
30.774
23.623
33.184
32.767
27.029
20.916
15.912
23.122
21.623
20.756
19.259
21.545
34.052
34.244
25.551
32.631
28.849
18.007
25.942
26.104
29.793
23.819
28.768
32.518
17.935
24.950
14.572
23.598
22.278
24.441
28.563
32.485
20.028
33.791
31.640
30.789
26.076
29.566
26.761
27.076
19.241
25.813
5.824
15.303
33.196
23.891
33.474
35.231
35.029
35.110
34.652
20.134
31.159
24.856
30.172
24.955
24.239
25.273
29.045
33.309
34.299
28.382
28.050
30.091
31.770
33.978
32.795
31.851
14.353
7.068
30.947
32.737
28.804
8.819
16.909
27.922
33.627
4.297
35.106
34.397
34.605
28.765
7.072
13.656
21.213
29.578
27.217
10.977
13.159
14.289
11.600
22.167
14.987
24.518
28.427
28.527
30.861
26.353
20.086
20.983
24.827
25.799
30.209
20.482
28.104
23.059
29.639
15.090
17.344
3.880
5.745
12.170
28.906
30.772
21.789
22.506
18.420
14.019
30.778
30.005
24.383
21.448
27.609
18.406
27.193
4.449
13.190
7.809
26.915
13.482
8.660
18.860
24.658
17.756
6.719
12.531
3.890
3.078
4.316
22.643
24.549
18.994
19.126
15.805
20.914
13.104
23.776
25.924
25.334
25.014
13.039
23.570
18.500
21.277
14.042
10.747
7.828
13.465
13.485
22.668
21.304
3.548
22.512
22.458
22.641
22.175
22.177
2.566
21.386
22.476
22.177
21.534
20.608
8.467
3.547
20.444
12.926
20.153
14.527
20.515
20.255
20.374
20.064
20.078
17.723
14.397
18.871
8.538
12.586
18.820
18.445
4.978
3.433
6.163
5.025
16.060
15.182
18.184
18.120
17.341
16.998
17.666
17.509
16.896
15.241
16.899
16.904
6.971
17.004
16.064
7.227
17.129
17.128
16.911
15.937
9.184
16.191
16.437
16.339
16.851
15.540
2.171
11.730
10.720
15.867
15.981
15.775
15.754
16.095
16.086
10.544
15.933
15.988
16.273
15.644
15.626
15.855
16.438
15.969
15.672
15.580
15.166
15.858
15.886
15.844
15.755
14.632
15.976
4.668
5.271
16.163
16.654
16.653
16.965
16.947
16.792
14.500
16.190
15.782
11.122
15.965
16.370
17.472
17.808
17.763
18.030
18.151
17.030
18.175
18.449
18.384
18.421
18.587
18.915
19.120
18.901
18.919
19.442
19.576
19.524
15.799
15.983
19.099
19.306
19.234
18.939
19.747
14.088
20.749
21.031
14.022
19.852
21.230
20.765
6.771
11.086
18.623
14.225
22.394
7.179
22.499
23.116
23.452
21.766
23.592
23.622
23.544
23.723
22.648
23.103
24.270
24.858
24.211
24.872
25.057
25.774
26.043
26.775
26.848
26.872
26.254
26.138
26.290
26.246
27.130
27.330
27.714
27.646
27.719
28.296
26.640
19.634
25.978
29.122
29.453
23.953
28.262
27.375
11.100
3.543
12.599
29.039
30.223
30.071
30.222
30.317
30.652
30.613
24.540
25.303
30.520
21.638
29.075
18.771
19.252
22.761
1.442
2.313
5.115
31.171
26.224
24.206
31.257
28.457
14.300
18.339
31.476
29.124
21.474
33.168
33.043
8.713
18.758
33.064
26.958
1.775
26.715
30.009
22.683
27.190
14.873
32.175
23.013
27.630
3.110
33.347
20.396
28.243
21.920
32.926
4.221
32.962
33.746
30.682
7.634
25.961
18.862
11.487
29.217
31.622
20.603
12.713
6.345
33.097
21.801
6.542
15.961
34.488
31.957
31.896
25.366
26.838
2.470
33.751
28.974
27.855
2.379
15.355
5.341
10.298
27.773
17.415
11.592
20.316
32.097
31.799
21.365
10.299
29.994
29.489
20.413
15.546
22.452
32.186
23.505
5.568
2.110
5.806
32.316
32.258
24.897
4.281
28.799
22.664
30.059
33.405
3.931
23.715
8.736
19.704
21.715
19.368
28.852
32.430
11.450
33.954
28.932
32.081
27.958
30.685
20.060
11.315
19.974
25.855
28.712
31.939
28.955
26.829
26.921
12.314
16.659
30.259
28.108
15.746
29.088
26.985
5.905
22.055
26.128
15.319
24.520
25.173
26.665
26.989
29.814
29.750
23.895
27.122
22.995
26.979
24.525
26.211
26.664
6.008
13.579
16.809
6.708
15.711
9.342
4.233
23.936
25.647
22.440
17.603
9.797
24.448
25.819
25.341
24.240
19.749
21.296
25.439
25.690
24.951
24.387
10.591
24.949
21.189
3.397
12.499
17.394
24.086
24.102
23.595
23.542
19.093
22.892
13.077
4.457
20.197
22.181
22.243
22.434
22.376
22.367
22.013
21.612
21.488
21.164
21.024
21.193
20.760
20.410
20.248
19.350
18.371
11.277
19.397
18.780
2.454
10.823
17.743
19.275
18.723
18.495
17.829
17.145
10.023
13.890
18.483
18.074
17.892
17.726
17.404
11.656
0.545
15.943
17.233
16.894
17.198
11.721
16.688
16.608
16.619
16.946
16.081
11.304
5.506
12.728
16.073
15.944
13.871
1.703
15.877
16.189
15.665
15.489
16.109
15.643
14.954
15.094
15.228
15.009
14.694
11.348
15.514
15.609
15.414
13.925
15.474
15.407
15.676
15.652
15.632
16.005
15.890
15.713
15.882
15.823
15.342
8.878
15.192
15.945
16.116
15.964
15.973
15.641
15.828
2.790
9.326
15.914
16.422
16.759
15.726
16.935
17.211
16.916
3.541
17.407
17.701
17.941
17.870
17.821
17.677
17.890
17.625
17.652
18.236
18.112
18.216
18.488
18.825
19.151
19.311
19.003
17.877
16.598
17.603
19.578
20.209
20.489
19.759
19.830
20.394
20.074
19.751
20.496
7.427
13.667
20.770
21.017
21.168
21.052
10.131
21.741
21.745
22.306
21.736
9.580
18.367
18.100
22.485
23.216
23.682
23.072
23.126
23.520
23.522
14.011
22.670
24.358
25.049
24.169
24.979
25.098
24.983
25.306
25.640
26.160
26.227
26.298
26.521
26.372
22.860
25.830
25.790
22.382
22.062
27.706
22.375
28.263
19.897
17.629
12.306
24.888
25.569
26.559
29.691
29.366
29.136
29.921
25.012
29.265
28.881
30.090
30.247
30.217
29.823
21.041
19.830
29.531
24.614
20.721
30.540
27.162
16.459
3.180
4.660
5.259
4.060
28.162
17.346
5.156
9.500
23.343
26.934
22.577
26.212
29.362
22.200
12.754
11.631
2.261
22.157
26.787
27.170
27.011
30.763
4.645
29.599
29.951
32.111
29.899
30.052
17.759
29.131
26.597
30.232
21.629
19.209
21.037
26.195
20.130
26.653
27.538
27.796
28.783
32.623
29.338
33.938
33.901
32.022
26.705
19.883
34.245
33.653
29.559
30.075
22.813
26.685
30.627
21.745
26.249
32.693
32.838
15.188
32.630
28.776
27.527
20.510
8.559
8.714
21.342
32.282
27.927
18.946
27.953
21.701
12.379
22.845
27.394
20.685
24.347
15.624
13.142
2.872
28.211
31.673
28.955
26.321
29.332
31.433
32.078
30.249
30.246
28.728
31.260
22.910
28.066
26.221
31.041
30.466
31.126
28.159
31.134
30.143
7.102
27.822
28.015
30.446
31.574
12.435
11.919
7.681
20.115
16.225
27.185
27.995
29.616
30.619
30.758
30.410
8.032
16.894
26.386
29.848
16.360
24.228
27.315
15.402
27.631
21.959
26.594
26.909
27.117
27.632
26.049
23.968
24.178
22.565
24.352
24.250
23.603
26.186
26.535
22.273
26.536
26.255
26.161
25.930
25.881
1.880
19.307
24.992
25.886
25.319
23.844
10.144
19.411
22.631
24.206
13.467
4.932
12.769
17.617
19.821
11.194
2.682
23.252
23.370
22.933
22.561
9.347
22.393
22.439
17.168
22.032
21.504
21.215
21.206
21.284
12.221
8.292
20.972
20.649
20.374
8.229
3.306
4.200
16.286
19.657
9.196
19.642
19.285
19.128
18.780
19.108
18.624
12.602
14.213
17.511
12.819
18.019
13.855
16.381
17.345
17.364
17.166
6.357
0.961
11.091
16.686
16.811
16.891
14.296
16.771
16.989
15.678
9.322
4.263
14.328
16.306
16.568
16.327
15.945
15.624
12.568
16.239
15.749
15.476
12.311
15.590
15.530
15.316
15.334
15.441
14.224
14.761
11.604
14.566
14.707
14.909
14.717
4.612
15.014
14.714
15.240
15.745
10.506
15.218
15.361
15.126
14.252
15.579
15.369
15.526
15.627
7.478
15.925
15.725
15.908
15.867
16.015
15.412
8.757
3.723
8.551
16.141
15.812
7.606
17.130
17.204
17.335
17.051
17.180
17.291
17.455
17.369
10.330
17.511
17.581
17.475
6.500
7.120
18.073
18.623
18.557
18.972
19.080
19.380
17.068
19.256
19.823
19.820
19.964
19.895
19.940
20.117
19.762
17.953
19.954
10.474
18.393
16.097
21.413
22.150
21.349
21.441
21.746
21.326
21.239
18.151
21.965
17.785
1.175
2.997
23.666
23.400
23.864
17.652
6.291
2.844
6.753
13.680
11.561
24.332
12.214
1.615
24.319
25.115
25.741
23.451
25.874
26.183
26.137
26.617
7.397
25.833
27.082
23.093
27.235
27.857
27.294
27.242
23.027
27.371
6.626
26.843
27.938
10.316
28.981
29.106
27.935
29.052
29.097
28.412
26.844
27.048
25.046
22.406
9.369
26.742
30.468
25.918
5.029
24.408
29.265
23.784
26.897
30.501
30.188
31.561
11.591
31.494
24.293
31.948
31.771
30.242
32.842
32.617
32.785
32.853
31.649
32.017
27.555
28.266
16.739
24.674
15.148
20.756
9.792
29.151
30.795
31.556
23.291
27.986
9.525
2.286
3.584
6.703
17.950
16.719
31.164
13.040
23.514
33.624
8.024
24.702
33.290
22.802
21.539
28.505
24.623
27.219
15.107
27.519
30.613
33.738
33.905
4.874
20.491
23.348
31.820
33.830
23.127
30.877
33.533
32.590
17.656
7.941
26.140
27.957
29.490
23.987
14.566
21.935
9.101
17.640
17.398
26.705
20.253
29.661
30.217
6.128
8.246
34.382
33.864
34.102
31.714
31.661
30.701
25.401
30.706
5.397
27.230
24.994
28.243
28.685
28.819
22.177
32.720
12.801
21.559
31.589
30.540
23.477
32.091
26.300
5.414
23.618
29.267
23.541
29.374
22.590
17.081
20.856
32.642
32.402
31.986
21.304
31.243
31.041
31.773
30.719
30.463
28.319
9.847
17.806
28.743
29.118
29.610
30.244
27.793
28.850
28.285
19.951
24.900
8.980
14.444
12.387
4.346
10.024
13.921
26.901
26.501
24.905
27.312
25.753
24.391
26.440
23.572
15.526
26.559
19.339
25.972
7.152
18.404
25.973
25.416
21.361
25.247
21.379
25.458
24.819
11.875
4.280
24.291
24.668
22.931
1.813
2.503
13.024
20.643
23.448
23.478
23.360
23.628
23.256
22.955
23.103
22.459
17.180
21.966
21.837
21.527
13.062
13.937
6.696
13.805
20.799
20.798
20.657
5.491
16.106
17.816
14.541
18.430
18.979
18.807
19.410
12.039
19.562
19.468
18.884
18.650
18.462
17.401
3.797
8.130
4.627
18.484
18.724
18.180
17.520
17.665
17.564
17.336
16.731
16.871
16.834
0.918
16.832
17.213
14.435
16.947
16.625
16.719
16.692
16.661
16.221
16.033
16.541
16.209
16.344
15.875
15.822
15.547
15.676
14.592
15.541
15.597
13.651
14.180
14.418
15.641
15.808
15.834
15.774
15.916
15.499
15.460
15.367
15.653
16.133
15.872
15.885
15.615
15.752
15.811
8.955
10.583
11.351
1.643
12.642
16.497
16.449
16.242
15.994
16.229
12.137
16.800
16.997
17.178
17.211
17.459
17.612
17.370
17.181
16.781
16.410
16.641
6.420
17.463
17.939
18.003
17.651
12.965
18.772
18.356
19.124
18.664
18.964
18.827
18.169
19.040
19.046
16.241
19.896
20.188
12.281
11.567
15.715
20.355
20.602
18.833
20.973
21.314
21.550
20.242
20.442
20.350
22.167
22.223
22.251
22.139
22.155
22.722
22.321
11.663
23.129
23.613
22.780
23.515
24.091
24.620
24.904
24.791
24.561
24.810
24.790
25.338
24.553
20.651
25.511
25.953
26.190
25.924
26.234
26.562
25.232
6.310
15.222
27.227
25.221
15.205
27.822
28.372
27.672
28.091
21.563
2.920
11.641
15.500
26.675
29.196
28.792
28.835
28.162
29.462
29.458
23.971
8.661
23.152
22.724
29.833
30.588
29.130
29.583
28.275
3.173
4.314
4.087
4.036
8.194
4.571
25.998
31.027
30.527
22.687
5.500
14.017
30.682
32.087
32.222
30.804
32.243
29.771
32.765
32.702
25.810
25.581
28.640
5.339
13.980
6.320
16.702
13.758
28.398
33.722
33.238
31.414
29.016
14.447
20.473
13.346
7.214
27.979
26.617
31.822
32.220
16.091
34.487
33.893
34.091
34.196
34.040
33.352
20.524
11.618
30.177
24.186
33.230
31.531
14.987
24.227
6.987
12.586
23.671
28.618
30.113
14.046
34.142
27.113
33.308
20.206
26.564
21.951
33.457
20.125
17.508
30.423
30.382
26.709
14.808
24.436
30.026
21.554
23.520
21.193
30.845
33.680
34.337
31.088
31.878
30.135
33.759
33.228
32.283
25.131
30.446
28.687
31.330
14.521
31.831
30.052
26.425
17.081
30.155
33.016
33.001
27.701
18.628
27.138
31.559
28.003
26.997
26.049
3.571
26.877
31.708
26.627
13.545
18.880
11.868
16.539
7.404
30.113
31.095
30.750
15.115
29.537
27.443
26.490
29.318
25.907
28.348
28.175
19.139
4.432
11.823
24.647
21.838
27.891
28.715
28.440
22.894
28.455
29.013
28.128
28.839
28.948
28.463
26.931
27.258
24.713
14.985
5.644
27.024
27.072
27.028
25.372
24.276
23.537
26.074
25.198
18.561
25.326
24.274
22.995
2.668
14.410
16.048
24.486
24.188
22.173
9.471
1.529
21.595
24.005
23.517
16.259
10.562
14.108
13.235
11.822
17.840
21.938
16.715
16.714
6.821
21.465
21.607
21.359
20.799
16.405
17.279
20.779
20.715
20.566
16.236
17.636
19.567
19.282
19.143
18.844
9.045
16.324
18.910
17.914
1.015
10.767
14.228
18.371
18.348
18.333
18.218
18.250
18.090
17.562
17.358
17.163
16.577
16.872
16.977
17.771
16.913
16.074
10.830
2.788
2.298
13.040
15.529
16.267
16.174
15.985
15.009
15.530
15.823
1.815
3.649
15.674
15.818
16.048
15.374
11.531
15.140
15.261
15.013
9.768
15.364
15.863
5.267
14.147
15.814
15.618
15.849
16.085
16.524
16.340
16.132
16.170
16.369
16.117
16.080
15.965
15.712
15.917
16.179
15.356
16.208
16.369
16.535
16.526
16.965
16.974
16.852
16.648
16.466
15.740
16.942
16.799
16.026
15.723
17.057
15.825
17.592
17.996
18.094
18.190
18.193
16.078
17.065
17.071
9.220
18.436
19.369
19.360
19.299
19.414
19.246
14.471
19.105
19.313
20.111
20.555
20.893
20.460
19.437
18.824
17.693
20.678
21.180
20.849
20.007
21.248
6.117
20.593
21.491
21.496
21.749
22.267
22.858
22.694
22.901
23.074
17.475
23.992
23.991
24.161
24.306
24.339
24.038
23.925
24.990
25.303
25.265
26.112
25.202
25.673
16.254
25.520
25.751
26.082
26.648
26.487
26.172
20.582
26.545
25.293
26.288
23.600
26.500
26.189
10.943
9.500
21.063
16.930
18.186
28.197
15.068
17.840
27.989
22.915
21.678
14.483
29.126
14.208
21.216
29.661
29.535
30.086
30.353
30.756
30.763
2.441
21.025
15.999
23.241
29.105
16.929
23.722
23.271
11.560
7.317
21.190
30.579
32.350
32.409
29.989
29.046
20.359
2.590
24.858
29.476
28.195
32.240
26.040
32.390
31.853
33.181
33.025
19.905
27.760
26.842
18.034
30.428
33.095
33.515
30.564
29.948
31.622
27.609
33.803
34.307
34.060
33.276
27.745
27.429
31.935
34.963
34.347
29.651
33.878
31.918
27.884
32.481
20.631
23.881
11.774
20.290
23.502
18.801
17.828
28.838
31.882
30.591
25.014
32.533
30.933
16.303
31.224
32.239
31.205
30.378
30.214
34.313
35.033
33.952
27.550
25.776
21.576
27.697
24.145
33.289
26.571
14.128
24.570
14.977
31.554
20.360
27.870
30.334
29.931
15.852
10.113
9.599
9.471
27.558
32.386
22.022
19.394
16.542
25.848
23.327
17.297
24.049
28.995
29.402
13.010
28.335
27.771
28.137
31.781
30.946
31.969
31.946
21.810
29.316
27.686
28.200
26.824
24.115
9.402
27.961
15.488
27.890
31.467
28.875
18.350
3.662
7.397
10.518
17.448
27.661
28.831
22.699
12.655
19.140
15.939
4.857
3.369
10.653
14.324
24.355
22.654
24.240
26.398
26.925
16.562
27.059
20.791
14.078
17.723
26.413
16.791
25.451
21.978
26.086
26.435
26.117
25.700
16.086
24.103
21.458
15.852
16.405
6.392
24.992
24.662
24.878
24.049
23.704
23.653
23.491
23.543
1.970
22.867
23.839
23.587
18.803
23.096
22.825
22.441
19.942
20.078
12.091
20.636
21.612
21.465
21.476
21.425
21.170
20.743
19.890
20.330
19.429
19.768
4.965
19.430
19.061
18.574
7.968
3.882
19.794
19.500
19.450
19.016
18.569
18.054
17.594
15.001
17.641
17.811
2.822
3.970
6.874
17.283
17.464
17.208
17.333
17.120
8.225
16.753
16.831
16.940
16.577
16.423
16.090
16.290
15.385
15.634
15.785
15.375
16.354
15.987
15.946
16.624
16.684
15.888
15.888
14.700
9.278
15.384
15.186
15.761
15.795
15.994
16.192
16.043
16.118
16.107
15.772
15.957
16.132
16.221
15.803
15.782
15.952
16.156
16.478
15.957
16.361
16.558
16.077
16.546
16.861
17.326
16.695
17.323
16.039
13.824
16.211
11.048
16.920
16.986
17.120
17.427
17.728
18.065
18.174
18.291
17.919
17.815
18.255
18.024
18.077
18.062
18.232
18.591
16.038
18.714
14.525
19.034
19.560
19.485
19.583
19.791
19.565
18.928
13.973
20.503
21.107
17.921
17.550
21.048
21.418
21.504
21.673
21.812
22.208
22.148
22.755
22.681
22.339
22.260
22.522
22.322
22.886
22.476
23.208
23.379
23.135
23.650
23.927
24.136
24.124
23.979
23.645
23.959
23.679
21.017
23.102
25.471
25.408
25.563
25.802
26.607
27.047
27.439
27.587
27.692
28.078
27.898
22.660
27.577
24.310
8.206
19.126
28.346
28.340
28.388
27.835
28.705
28.766
29.226
29.264
29.386
25.009
25.727
29.266
29.915
30.440
20.809
30.949
31.006
30.738
30.084
30.145
28.828
18.462
30.530
31.161
30.484
29.143
20.126
20.732
17.756
14.692
28.281
32.180
32.459
32.721
32.278
32.159
31.345
30.897
26.938
30.009
16.675
10.449
20.077
26.205
28.905
32.605
32.779
21.745
26.880
9.741
21.799
28.599
32.972
16.399
17.764
22.520
29.722
21.162
27.823
23.852
32.827
31.054
32.213
33.584
22.242
30.107
26.610
18.728
23.929
3.365
24.407
26.905
27.035
24.322
31.739
33.353
31.994
32.553
32.100
27.984
34.828
34.664
32.122
33.811
28.920
35.127
34.643
34.007
32.158
34.259
33.473
27.493
32.837
33.172
28.065
21.626
20.836
9.087
33.877
27.793
18.477
29.857
24.192
30.901
33.745
31.750
16.652
8.395
21.331
24.724
22.342
32.255
25.837
16.184
19.547
25.755
16.338
21.412
30.556
32.016
18.975
30.527
24.501
18.123
29.173
31.010
21.044
22.863
20.979
11.805
32.471
24.971
28.511
22.550
15.193
18.927
28.879
29.918
31.340
31.732
22.657
25.565
23.341
27.444
15.582
30.434
24.989
15.676
23.947
28.055
28.514
24.524
19.917
14.113
24.152
20.241
27.142
22.032
17.290
28.144
29.266
28.503
21.429
20.768
28.186
28.218
27.513
20.035
17.965
25.495
23.383
27.255
27.209
24.753
26.205
13.642
13.809
26.029
26.266
21.661
22.607
18.467
25.367
23.965
24.336
25.073
25.940
17.308
3.822
20.924
24.437
22.787
23.907
22.330
23.258
23.366
14.716
16.280
22.458
22.194
13.671
22.183
22.244
22.023
21.747
21.673
21.344
18.738
17.718
12.537
4.890
20.392
20.281
19.435
16.593
13.457
9.674
13.410
16.505
18.336
19.128
19.526
8.806
18.001
18.548
16.677
18.337
17.830
9.969
17.677
18.153
17.902
16.856
7.944
15.452
16.852
17.194
16.556
16.888
17.206
17.039
16.832
16.681
12.017
0.844
15.267
16.531
16.409
16.548
16.702
16.982
16.505
13.884
15.718
15.808
15.469
16.192
16.301
15.850
15.158
15.517
9.522
9.896
3.220
5.212
15.276
15.928
16.098
16.031
16.306
15.966
8.849
12.708
16.210
16.392
16.454
16.554
16.354
16.245
16.190
13.940
15.658
15.480
14.885
16.617
16.658
17.143
16.986
16.421
16.696
16.858
17.212
16.927
17.044
17.117
16.814
17.202
17.454
17.798
17.809
17.595
18.074
18.296
18.349
18.580
18.688
18.793
18.589
18.613
18.502
18.574
19.139
19.563
19.381
20.155
19.871
20.154
20.289
20.530
21.021
21.289
20.191
20.578
21.093
21.660
21.780
21.438
21.628
21.924
22.448
23.322
22.949
22.947
19.107
22.923
15.876
18.110
23.313
23.766
24.189
24.695
24.853
24.565
24.502
23.349
25.394
25.482
26.087
26.044
25.925
25.687
24.889
24.543
25.409
22.145
26.488
25.815
26.867
26.646
5.496
1.691
4.540
25.997
28.043
26.796
26.379
27.404
25.735
28.396
28.895
28.880
29.459
29.476
29.483
29.552
29.474
29.093
29.723
29.658
30.188
30.494
30.967
31.033
31.465
31.226
30.852
16.103
2.877
4.327
29.421
31.089
31.626
31.359
31.640
31.682
30.742
26.832
26.108
32.011
31.601
16.317
31.529
22.680
32.341
33.264
26.910
32.208
5.072
29.612
27.816
30.313
27.461
30.639
27.509
16.180
20.185
28.533
28.919
23.551
33.717
21.205
34.597
33.863
34.354
34.481
34.386
34.523
34.090
34.399
34.087
31.336
34.412
26.019
25.257
20.941
33.342
34.544
27.358
22.457
32.745
19.053
31.187
34.426
28.469
21.581
6.180
33.611
32.293
33.854
32.758
33.124
31.310
33.835
29.918
17.902
31.296
18.083
24.013
30.707
27.457
15.600
34.067
34.326
32.442
34.249
34.426
33.829
30.045
23.437
34.058
34.570
34.835
29.813
33.400
34.011
33.509
33.797
25.091
26.238
18.000
31.561
32.907
33.387
32.485
33.440
29.884
18.902
27.698
13.943
20.130
28.585
29.083
32.091
30.590
24.985
7.551
17.019
22.303
26.099
31.149
23.431
7.489
16.243
24.829
20.053
15.057
29.432
23.791
27.994
2.447
29.629
26.716
27.528
24.026
21.525
27.203
10.031
19.692
25.647
27.522
29.040
26.349
25.357
29.118
29.456
27.520
17.839
27.203
25.194
23.519
16.800
15.387
21.968
17.295
26.972
21.935
26.228
26.855
22.393
21.398
26.085
3.423
20.470
25.744
25.068
18.167
25.254
25.387
25.055
25.000
25.001
24.221
24.397
24.876
24.811
24.575
24.038
22.051
23.216
23.154
23.096
23.234
23.133
22.208
22.275
22.158
22.451
21.494
21.625
17.679
21.809
21.435
21.547
21.269
20.820
20.583
20.677
20.461
20.595
20.564
20.887
19.206
18.538
19.388
19.149
13.485
18.771
18.433
18.390
18.230
7.516
13.241
13.677
17.919
18.104
17.785
18.273
17.485
17.799
17.456
15.612
17.886
17.425
17.770
15.954
16.041
16.999
16.735
15.667
16.566
16.198
16.028
16.217
14.203
14.294
15.638
15.665
16.091
16.182
16.494
14.893
16.148
16.469
15.098
14.876
15.494
15.866
15.824
15.880
15.881
15.871
15.578
14.929
15.847
15.627
15.720
15.698
15.762
15.783
16.028
16.279
16.506
16.590
16.739
15.610
15.755
15.799
13.832
16.268
16.132
10.013
7.912
12.295
16.304
16.081
17.053
16.716
15.944
16.959
16.988
17.426
17.661
17.521
17.439
17.300
17.708
17.438
17.980
18.702
18.934
18.544
17.713
18.237
18.406
8.550
3.216
19.396
19.587
15.699
18.171
15.382
17.306
19.705
19.943
20.122
20.627
19.283
20.790
21.720
21.513
20.512
8.247
20.154
21.633
22.144
21.033
22.552
23.271
22.949
21.905
22.527
22.707
22.263
23.311
23.614
24.494
24.775
24.124
24.224
24.729
24.417
24.699
25.002
24.437
25.178
25.794
26.023
26.245
26.436
26.365
23.034
23.583
26.852
26.970
27.100
27.466
27.065
18.094
26.495
28.338
24.295
10.819
19.406
28.259
28.626
28.809
25.429
29.114
29.506
29.774
29.317
30.438
30.118
30.757
28.992
24.682
28.859
22.212
28.341
30.871
30.451
24.781
31.091
31.631
22.462
16.944
31.548
31.520
31.396
32.587
26.492
19.624
20.944
5.946
30.437
33.007
15.926
32.584
31.101
16.498
22.649
27.404
30.874
33.078
31.235
26.426
32.231
33.838
33.433
22.883
18.362
33.432
33.381
23.314
18.906
29.896
32.771
15.254
32.631
28.781
31.050
23.545
30.675
15.705
34.693
31.035
32.965
28.486
33.314
31.940
32.837
33.058
30.411
29.887
28.417
21.829
32.357
35.073
34.602
25.244
32.184
33.495
28.058
23.147
15.757
8.049
29.581
34.193
34.041
33.892
33.890
15.215
24.704
28.500
28.784
2.768
8.204
23.422
21.657
25.507
17.133
20.689
26.910
32.938
30.762
32.041
14.007
33.227
31.401
25.581
32.355
23.398
24.195
33.539
31.506
28.329
21.873
32.687
18.314
29.385
25.964
32.491
7.979
32.411
32.587
27.409
33.429
27.990
8.546
25.769
30.046
26.986
8.586
10.462
18.647
9.801
12.789
25.460
31.678
18.311
24.534
28.199
26.486
27.291
15.407
2.847
5.542
11.207
30.660
17.653
17.484
23.847
17.709
27.882
26.362
29.693
28.755
28.944
28.370
28.484
14.018
9.567
27.634
3.034
23.510
28.589
28.188
14.753
9.547
14.800
7.771
27.127
26.909
15.314
8.107
21.888
17.158
2.095
2.062
25.444
25.871
15.850
17.485
23.892
24.709
23.418
24.574
24.511
23.929
10.090
24.247
4.697
23.442
23.359
23.215
13.957
11.502
17.245
12.629
2.718
1.654
22.409
22.298
21.900
21.475
17.766
12.785
11.454
2.759
4.623
3.911
3.690
15.350
20.227
20.142
19.756
11.313
9.357
11.911
13.368
19.060
18.947
18.654
17.290
18.408
14.857
6.999
16.053
2.123
6.522
18.550
18.259
18.106
18.183
17.948
17.419
16.990
17.065
11.942
12.129
16.551
16.697
15.973
7.776
16.318
16.345
16.314
16.094
16.090
16.212
16.197
15.642
10.108
12.065
13.415
2.843
2.917
4.727
8.117
15.451
10.893
15.814
15.569
15.357
15.094
15.511
15.390
15.549
14.747
15.564
15.806
15.279
15.510
15.537
15.574
15.274
16.077
15.901
15.998
15.905
15.634
13.445
13.374
8.038
16.013
16.141
16.166
15.988
16.417
16.522
15.414
14.147
16.476
16.944
16.911
16.941
10.130
5.395
14.154
4.063
17.937
18.260
18.180
17.353
12.796
17.584
16.910
18.722
18.562
16.658
18.762
17.696
11.715
11.125
19.370
7.680
12.977
2.680
20.034
12.961
18.208
20.664
20.632
17.769
20.238
21.076
1.560
12.609
14.595
21.862
12.534
6.975
22.764
23.091
23.233
22.904
23.197
23.554
23.243
15.806
16.489
6.380
19.980
22.429
24.644
22.898
23.795
25.010
26.209
25.376
2.093
23.579
25.796
25.912
15.850
2.984
24.387
27.245
27.308
27.463
27.237
20.005
19.102
26.262
28.405
28.381
28.350
28.687
27.554
27.977
25.706
29.086
26.373
27.626
29.608
29.861
29.450
29.827
30.370
19.701
13.674
1.276
6.890
30.502
21.604
28.522
30.130
27.199
30.402
30.935
1.778
19.964
31.134
29.711
31.761
30.987
25.610
21.116
14.707
16.785
17.822
30.587
26.544
31.663
30.462
19.919
5.657
4.453
7.940
32.314
28.208
26.659
31.511
19.590
5.393
29.504
33.514
33.154
30.608
31.299
24.639
31.916
3.833
24.241
27.339
33.496
16.275
16.691
22.338
16.431
33.303
34.395
29.800
22.730
34.459
31.963
31.644
22.795
34.904
34.749
34.289
29.162
24.647
26.555
23.647
35.021
34.489
33.188
19.524
18.242
34.581
35.397
35.185
31.124
33.663
24.964
34.174
21.211
24.491
2.151
30.551
33.861
19.365
25.367
12.157
12.300
32.367
29.293
4.218
15.812
23.994
29.678
25.389
26.842
32.711
32.031
20.598
29.388
32.077
30.257
17.742
20.058
20.025
22.214
23.557
28.883
10.164
24.521
25.472
32.545
22.238
31.236
30.677
29.153
6.581
8.894
20.609
3.038
31.674
31.832
28.963
16.207
19.011
4.004
26.786
29.398
28.168
27.117
21.787
30.924
18.484
22.199
24.761
25.841
29.571
30.003
25.830
25.583
29.203
18.138
15.299
11.666
21.497
28.830
28.414
14.449
6.659
2.468
16.909
14.479
26.797
23.659
17.353
25.458
23.931
2.173
10.050
5.831
12.445
24.348
18.054
26.095
24.104
10.879
11.859
11.200
2.602
10.280
17.191
18.887
8.975
9.514
9.888
13.170
23.239
5.278
2.991
2.915
12.798
5.779
11.033
12.484
12.762
22.771
5.549
17.043
22.814
21.973
21.982
21.871
21.397
19.576
13.293
6.789
4.083
3.949
19.612
14.975
2.518
18.377
17.432
17.800
18.686
1.605
19.053
19.533
19.122
16.490
4.053
18.538
9.298
0.969
2.291
15.159
10.662
4.340
1.702
1.816
1.956
7.135
13.157
11.076
11.404
1.237
9.529
17.269
11.937
15.790
16.172
14.211
16.417
9.092
11.518
2.425
3.421
10.365
9.179
15.873
11.615
15.101
16.225
16.269
15.882
16.119
15.944
15.663
6.946
13.101
12.165
16.175
16.270
15.654
16.037
8.413
15.984
12.915
15.713
13.549
13.821
5.404
4.964
14.580
6.658
2.055
15.894
16.592
16.755
16.541
15.989
16.271
16.271
16.437
3.715
6.308
5.685
5.681
8.139
12.545
16.473
13.582
17.401
17.142
10.804
17.744
17.976
17.923
9.148
17.491
17.834
18.611
18.419
18.458
18.674
18.684
18.296
18.308
19.079
17.846
18.508
19.513
19.966
20.714
20.021
8.791
17.519
20.696
20.869
21.230
21.498
21.711
22.002
22.125
21.389
3.430
10.102
13.962
22.765
22.778
22.955
22.720
23.017
23.857
23.303
23.698
23.398
22.619
13.635
24.355
24.417
24.584
25.239
24.821
24.542
25.183
25.448
26.099
26.157
26.211
26.094
26.615
26.235
17.938
16.063
2.869
12.871
14.092
22.497
4.086
2.158
3.462
27.399
14.734
27.589
3.907
12.364
13.826
28.793
28.841
28.231
24.522
29.211
24.995
22.222
10.786
29.836
2.309
26.982
27.929
7.221
17.841
24.127
30.680
20.651
21.150
22.362
8.985
29.921
30.438
30.757
20.602
8.579
11.891
6.229
16.530
8.977
16.048
19.007
6.760
33.393
32.624
8.355
22.514
12.759
27.462
27.573
25.240
27.919
31.991
28.631
12.547
10.218
32.320
4.649
8.006
11.664
13.039
31.412
8.685
24.831
32.908
31.895
29.640
14.812
30.239
9.123
30.961
33.612
34.129
28.779
34.917
34.583
20.629
25.442
16.414
14.043
25.984
30.592
32.891
31.634
20.513
22.608
20.928
22.325
16.723
33.444
4.383
23.803
20.638
10.975
29.883
18.314
23.644
30.218
17.142
19.991
31.906
34.069
32.892
28.803
32.003
21.711
22.346
18.147
22.977
12.585
29.187
16.918
16.586
18.177
25.430
21.011
10.042
24.274
30.208
32.952
23.191
7.309
18.210
11.492
21.897
29.322
19.740
26.182
19.776
27.399
31.580
21.703
9.298
32.035
31.952
31.813
29.836
29.092
17.760
31.605
31.116
29.212
31.651
5.381
20.251
29.599
30.673
31.240
28.638
8.212
3.939
15.635
16.588
16.444
12.974
21.685
17.852
16.731
25.978
28.253
26.273
9.651
14.972
14.891
17.721
8.009
2.203
1.021
9.415
22.680
25.731
18.474
26.940
16.556
19.653
26.281
3.461
9.958
14.979
24.604
5.868
4.327
24.977
10.714
7.235
25.221
1.583
25.005
25.072
25.177
11.153
4.044
12.183
13.905
11.336
11.990
5.600
4.655
15.078
22.331
16.852
3.786
5.937
7.878
11.122
9.418
3.302
1.789
18.354
19.056
19.523
10.714
13.112
20.946
20.728
20.582
12.883
18.441
7.458
19.731
15.664
19.705
2.005
10.177
8.665
19.078
18.882
18.730
18.451
16.423
4.951
15.020
17.030
11.135
9.985
10.485
18.231
17.968
8.831
16.162
17.339
17.230
16.852
10.799
16.884
16.930
8.036
16.241
15.583
16.302
9.558
2.916
4.094
15.786
16.416
16.239
16.070
7.448
12.151
15.708
14.969
14.876
10.585
16.259
16.171
16.256
8.780
1.686
2.177
14.763
15.661
15.710
15.954
15.994
15.622
16.026
15.824
16.013
16.242
15.769
15.422
16.008
16.186
15.740
16.065
16.180
16.170
16.294
16.050
6.626
3.517
4.064
12.226
16.923
16.957
17.038
17.104
16.483
17.333
15.620
17.340
17.692
17.411
13.517
17.757
17.998
17.792
17.975
18.130
17.945
10.827
18.209
18.846
18.733
16.910
13.344
16.542
19.093
19.586
19.532
19.149
3.314
8.379
19.969
20.377
20.753
20.716
20.911
20.898
20.844
20.794
21.268
20.778
21.418
21.416
21.732
17.130
13.596
17.896
23.121
23.106
23.485
23.347
23.150
22.385
24.049
24.101
24.176
22.780
24.386
25.039
24.995
25.369
26.124
25.631
25.709
24.462
10.768
25.826
26.240
26.557
26.859
26.468
27.795
26.774
27.361
27.301
27.705
27.952
28.296
28.718
28.514
28.340
28.022
27.982
28.296
28.411
29.041
29.437
29.489
29.046
29.142
29.129
30.151
30.073
30.190
27.306
2.710
6.837
2.049
30.057
18.828
30.703
21.303
29.672
20.540
3.408
5.119
14.041
16.121
32.231
17.392
26.074
31.337
31.892
13.387
25.785
31.724
9.688
8.628
3.863
28.734
4.928
4.078
18.229
32.245
31.828
6.678
9.802
31.039
31.698
33.276
33.501
33.449
32.290
32.084
31.860
33.383
7.574
33.849
33.382
33.026
21.638
5.987
7.741
26.646
33.208
25.305
13.753
33.885
32.470
27.939
29.044
28.841
25.878
28.365
28.950
25.781
22.227
6.800
29.676
34.370
34.474
33.456
23.091
33.147
33.001
26.439
34.488
34.182
34.130
34.342
32.768
18.090
34.097
29.411
33.355
31.017
33.284
20.339
26.096
28.219
29.995
26.206
30.639
14.907
34.652
32.278
21.495
19.576
32.394
27.327
22.212
24.780
11.644
23.277
28.556
24.248
32.412
30.783
32.119
28.894
32.495
29.902
18.769
32.462
32.494
18.739
28.585
2.497
21.365
25.703
32.119
29.440
31.474
31.671
31.546
31.665
22.557
30.025
30.560
29.977
10.431
6.522
31.102
31.295
31.570
31.330
26.719
29.004
26.775
27.143
26.734
24.774
29.331
27.309
29.018
28.856
28.056
11.522
19.792
24.270
26.944
27.915
24.966
22.632
22.704
17.744
25.035
22.726
23.758
26.538
25.878
12.667
15.991
12.162
2.107
5.592
20.929
18.379
24.026
20.500
24.202
20.468
18.525
25.270
24.783
22.472
2.644
1.763
1.910
7.861
5.489
13.314
23.182
22.925
22.658
20.704
20.185
19.397
2.322
17.509
21.596
21.625
21.358
21.195
11.489
21.667
3.804
17.840
20.938
21.044
20.711
6.980
6.650
11.800
19.765
19.915
18.872
8.541
16.400
18.978
19.131
19.154
18.554
4.664
1.137
2.083
2.814
3.847
9.256
15.114
18.007
18.021
17.326
17.410
17.645
17.147
16.891
16.777
16.533
16.729
16.663
16.893
16.940
16.314
11.144
8.668
16.063
8.951
7.280
13.901
15.837
16.319
16.393
15.487
11.694
11.791
13.457
15.723
15.879
1.364
2.062
6.646
8.411
16.151
16.410
15.632
15.913
15.588
12.041
15.986
16.265
16.156
15.805
15.540
15.930
15.971
15.839
16.105
16.050
15.922
16.171
16.377
16.589
16.475
15.857
16.415
16.591
16.780
16.735
17.096
17.231
17.338
17.205
17.737
17.307
17.337
3.684
12.949
15.724
17.936
5.248
18.312
18.438
18.447
18.617
18.830
18.821
18.441
18.521
18.670
19.064
19.353
19.742
19.938
19.324
15.837
19.654
19.298
20.086
20.907
20.460
16.470
8.088
21.309
21.585
21.751
21.823
21.703
21.751
22.070
22.620
19.655
22.314
23.013
23.155
22.901
14.925
10.395
9.244
14.057
4.685
19.313
24.325
24.188
22.471
15.848
24.588
17.648
25.223
25.384
19.924
26.089
26.702
26.850
27.109
26.017
24.756
26.204
25.552
26.868
21.566
3.371
6.263
19.288
5.791
26.060
28.290
28.876
28.743
28.098
20.885
9.845
16.419
24.212
29.329
29.356
28.716
26.620
19.252
18.641
16.220
14.902
12.249
19.588
28.655
29.273
29.678
14.227
27.909
24.614
30.800
30.299
25.800
17.819
7.605
23.706
31.592
23.086
18.105
20.810
31.991
32.143
32.668
22.476
15.929
15.881
32.718
14.321
32.938
32.450
32.134
4.511
7.574
2.740
31.259
31.236
33.021
33.388
16.055
18.445
33.627
4.905
32.209
33.648
29.145
19.651
2.441
33.819
34.089
23.678
15.182
34.389
34.581
33.942
30.954
16.365
31.592
34.061
33.555
30.323
33.270
31.543
31.188
30.541
32.312
23.631
13.852
33.694
32.475
28.970
29.006
31.931
33.044
27.307
32.694
33.675
27.850
30.692
32.906
31.651
31.524
34.250
27.429
16.459
32.876
34.098
33.428
31.576
34.206
34.296
34.309
34.085
2.468
30.232
33.894
33.435
29.129
32.958
29.740
33.476
31.106
22.957
32.296
32.328
17.147
23.725
32.715
27.598
31.992
31.332
11.669
29.040
30.682
30.427
3.086
16.802
7.106
30.061
25.956
20.528
19.728
21.796
30.541
30.826
22.546
14.243
20.933
11.569
4.563
14.606
23.836
30.976
30.672
18.472
29.885
30.349
30.088
24.594
18.717
24.004
28.422
26.277
4.751
25.466
28.471
28.388
28.159
26.577
15.099
18.486
27.705
27.959
28.141
27.178
8.690
26.164
17.286
18.853
26.463
26.313
26.208
26.420
25.841
9.919
8.795
17.699
23.145
9.230
16.122
24.759
25.098
24.694
24.017
21.672
24.285
23.899
21.592
16.593
13.989
6.399
2.599
2.207
8.899
12.916
18.464
22.476
22.080
22.074
2.673
21.188
20.260
18.009
21.064
17.118
13.809
20.811
16.615
20.502
9.366
15.250
20.027
19.803
12.705
5.619
13.438
18.809
18.989
18.369
18.524
18.722
18.456
18.039
17.671
13.653
17.452
15.994
10.386
4.332
4.514
17.508
17.508
17.208
16.846
16.332
16.507
17.339
16.125
12.473
16.733
16.763
16.727
16.297
16.633
16.666
16.207
15.994
16.169
15.860
16.341
13.175
16.149
16.039
15.957
15.953
16.049
15.929
15.778
16.074
16.343
16.343
13.793
9.178
15.811
14.445
15.086
15.710
16.000
16.017
11.141
6.164
7.381
11.137
11.416
9.619
15.365
11.760
16.677
16.375
12.968
15.738
16.398
16.523
16.684
16.742
16.787
16.771
15.917
16.391
16.903
16.953
17.877
17.249
17.731
17.334
12.811
18.182
18.427
18.794
18.444
18.567
18.182
15.667
19.073
19.187
19.164
19.366
19.532
19.198
18.200
17.769
19.723
19.955
19.947
19.928
20.070
20.401
20.593
20.581
21.094
21.558
21.560
21.662
21.466
21.491
22.565
22.809
21.860
22.446
22.406
23.318
23.164
23.531
23.607
24.084
23.917
24.445
24.360
24.103
24.471
25.008
25.194
25.087
24.599
25.094
25.627
24.686
19.822
25.735
25.804
26.209
17.589
26.748
26.929
27.200
27.167
27.979
27.930
27.651
27.659
27.697
27.614
27.636
27.700
29.112
28.126
29.375
25.282
29.408
27.690
24.544
19.076
15.445
28.989
29.061
29.134
23.044
21.585
6.737
29.091
30.297
29.770
28.918
29.903
30.308
29.992
28.855
31.615
31.016
16.872
5.306
2.768
26.967
32.168
32.138
30.619
2.628
32.008
32.832
32.970
32.865
32.583
32.882
33.906
33.587
33.607
33.460
31.071
17.843
31.547
33.582
32.941
33.020
18.908
29.239
24.264
26.608
20.854
33.338
33.658
10.061
33.566
34.076
30.908
17.190
6.099
10.539
30.273
33.741
29.914
7.040
10.947
7.807
23.271
32.930
27.193
30.048
31.157
34.088
31.874
28.817
33.062
17.895
28.250
22.818
34.285
7.264
34.961
34.505
34.563
33.391
26.189
31.389
21.156
13.993
5.154
18.600
25.368
33.490
33.521
32.019
31.701
34.115
24.231
29.866
18.541
3.600
33.140
29.842
33.300
33.056
29.903
16.986
33.382
33.325
32.922
32.575
31.809
33.415
32.907
33.311
33.139
29.732
30.392
33.135
33.508
32.910
33.389
26.950
25.821
31.126
32.165
27.841
30.896
27.376
31.251
22.698
18.126
30.309
31.611
30.881
31.454
30.956
30.563
24.236
30.057
24.417
31.005
30.929
30.690
30.499
29.083
22.851
19.930
13.292
8.181
13.384
16.900
27.833
24.043
19.749
28.022
28.240
27.981
24.723
18.817
10.305
27.851
22.092
25.053
27.269
25.884
26.204
23.656
23.933
26.493
24.866
17.479
16.050
24.768
24.680
24.937
19.237
1.451
12.839
13.194
6.914
17.253
14.581
8.959
23.990
18.073
23.819
13.319
5.498
7.116
6.437
22.590
22.828
22.653
22.400
20.539
20.849
22.173
22.001
22.183
21.506
17.211
20.440
12.186
14.414
15.534
11.983
15.481
11.323
8.008
19.560
17.121
19.477
18.669
18.104
18.866
19.097
19.303
16.492
17.880
17.187
11.679
16.067
6.895
10.588
10.540
4.940
7.821
17.588
16.777
15.438
16.790
17.123
16.772
16.684
16.738
16.401
16.331
16.657
16.193
16.081
10.182
8.010
16.316
16.254
15.907
14.843
15.214
15.774
16.074
15.816
16.086
15.508
15.508
15.666
15.256
15.133
15.589
15.776
16.083
15.599
15.891
15.590
15.442
10.919
9.605
15.189
4.054
10.110
15.251
14.846
14.008
15.434
15.444
12.207
13.964
16.076
16.402
16.135
16.433
16.554
16.847
16.856
17.145
16.750
16.233
16.815
17.365
17.403
17.654
16.284
17.665
17.654
17.765
15.176
17.617
18.076
18.126
18.561
18.764
18.574
18.619
1.546
18.725
17.724
19.076
19.241
19.729
19.637
19.725
20.050
20.326
20.442
20.507
20.156
20.364
20.457
21.068
21.605
21.787
21.616
21.515
21.609
19.793
22.510
22.860
23.044
19.773
22.954
22.386
23.207
22.912
23.468
23.661
23.741
24.212
24.659
24.681
24.383
21.131
16.639
25.920
26.053
26.158
25.981
25.965
25.777
25.485
26.128
26.532
26.470
26.485
26.851
26.544
27.079
26.987
26.707
27.391
27.582
25.386
27.924
28.327
28.015
3.110
16.315
25.520
26.996
16.567
29.337
29.825
29.538
26.756
29.865
30.126
29.956
30.194
30.603
30.422
30.713
30.882
30.130
30.291
7.377
23.408
30.886
31.070
31.751
19.412
21.927
24.862
29.061
18.820
8.437
32.047
32.752
29.686
32.457
31.346
32.263
32.629
32.621
31.393
32.329
33.224
33.044
33.351
32.786
34.139
33.860
33.316
33.846
34.018
33.682
31.078
31.769
29.529
30.518
28.643
24.625
25.941
16.340
23.752
32.565
31.184
27.183
11.162
32.393
32.088
29.779
27.991
29.121
34.007
35.069
24.401
24.355
31.090
28.632
29.634
21.118
32.184
31.493
31.150
28.622
33.999
10.993
34.986
29.013
23.656
24.221
27.319
17.748
34.332
34.100
12.538
24.869
30.356
34.186
26.377
32.733
29.234
27.367
32.396
31.613
27.287
23.198
19.588
25.607
26.463
33.515
24.243
19.887
23.011
31.605
32.353
31.514
23.898
25.899
32.755
33.487
33.424
32.278
28.019
28.800
29.446
17.471
13.026
11.249
15.533
13.510
17.889
24.739
18.654
26.306
23.995
29.456
19.698
25.008
28.066
27.961
30.396
31.505
22.495
9.130
31.196
24.914
25.161
28.377
29.635
30.616
30.276
28.416
21.109
29.460
27.805
29.368
30.160
29.651
29.611
29.184
28.859
17.608
28.568
24.656
5.884
12.058
17.365
24.806
25.850
17.468
16.540
11.926
7.653
8.800
5.708
7.005
17.272
25.101
25.846
25.555
22.880
24.630
25.158
23.587
7.295
24.845
18.365
23.123
23.948
22.975
23.503
23.820
23.169
22.770
6.926
10.477
8.746
22.701
22.607
13.903
4.893
21.576
15.259
21.786
1.915
21.775
21.109
18.163
15.910
12.810
6.894
13.274
20.408
20.118
19.899
15.038
19.979
19.762
1.238
3.764
15.041
19.427
19.409
19.103
18.836
18.417
14.857
1.741
2.392
7.208
18.379
17.841
12.663
2.295
11.277
3.822
6.265
3.213
8.601
11.608
17.459
17.282
16.769
16.887
16.773
12.423
16.085
14.435
16.119
16.359
16.461
15.984
1.233
11.864
16.569
16.263
14.538
7.713
16.392
16.277
15.843
15.889
15.671
15.564
15.553
15.785
15.619
15.465
15.744
15.543
15.521
15.138
15.673
15.850
16.187
16.101
13.019
15.738
15.965
11.658
15.311
13.082
15.903
15.855
16.126
16.559
16.424
16.672
16.893
17.227
16.805
16.665
16.969
16.943
17.154
17.385
17.423
17.230
17.262
17.642
12.804
18.121
18.091
15.232
8.064
18.531
18.759
19.029
19.112
19.459
19.347
19.010
19.262
5.798
19.428
19.165
19.560
19.015
19.741
20.177
20.490
21.239
20.508
19.240
20.942
21.125
21.363
20.125
21.767
22.016
20.993
18.463
18.462
22.090
22.757
22.579
22.895
23.267
22.923
23.037
22.813
23.130
24.328
24.029
24.832
24.306
24.932
25.037
19.956
5.720
25.841
26.581
25.847
25.972
26.080
26.724
27.220
26.355
26.907
27.306
26.306
27.472
27.723
27.230
23.902
26.655
3.809
3.157
27.938
28.202
20.818
16.179
15.483
11.119
28.277
28.414
29.082
29.730
30.097
29.726
29.823
30.592
30.737
30.832
30.974
29.392
30.913
26.660
29.364
30.906
31.176
18.426
7.968
31.959
32.357
31.369
30.837
31.913
30.075
26.743
32.238
32.131
32.406
21.117
24.541
33.167
33.298
33.289
32.675
1.991
20.412
25.949
29.220
16.932
30.428
3.425
12.104
14.248
30.823
28.476
32.615
33.049
29.846
21.833
20.033
33.319
23.341
33.877
30.459
28.306
33.171
31.487
29.146
6.721
32.921
14.280
11.001
14.118
6.785
24.153
16.148
31.912
26.120
33.481
33.093
24.973
33.804
34.033
22.136
5.067
5.766
19.573
33.905
32.216
33.211
34.105
33.743
33.683
17.851
28.161
32.715
19.963
33.402
34.139
33.617
33.728
31.759
32.081
33.138
30.223
19.531
33.169
30.431
22.138
29.497
15.056
33.935
33.644
33.654
28.985
19.748
28.576
27.237
12.247
31.274
24.173
31.373
33.228
33.148
33.388
18.973
11.982
25.834
32.903
32.778
30.602
16.262
21.424
26.268
29.147
28.096
25.604
28.533
22.961
29.637
22.698
19.434
30.608
30.265
30.721
26.939
18.127
11.607
16.128
28.223
28.435
23.161
25.293
29.231
27.510
15.483
26.551
29.018
29.019
28.172
28.627
28.392
11.043
27.968
26.985
23.988
22.044
28.081
28.311
28.006
27.463
27.204
1.658
25.069
26.855
10.241
19.846
26.672
26.229
22.618
22.309
24.965
20.742
14.626
5.838
20.198
14.203
1.516
14.173
24.283
24.383
23.280
24.199
19.469
23.422
22.728
23.057
2.786
14.101
22.930
22.593
19.623
22.090
16.999
20.870
1.611
12.372
18.490
18.122
6.185
11.924
21.008
20.613
20.072
17.613
20.055
19.790
19.804
19.197
18.716
3.383
15.623
19.301
18.907
18.808
18.719
15.047
18.487
17.944
4.845
12.322
17.896
17.988
17.966
17.373
16.485
16.853
17.509
17.485
16.234
17.193
16.992
16.816
15.696
12.468
14.501
16.350
16.279
16.361
14.233
8.643
8.834
15.412
16.023
10.232
14.744
16.008
10.203
13.071
14.262
15.175
15.620
14.788
15.651
15.510
5.773
10.922
15.285
15.657
15.454
14.185
13.598
15.848
16.069
11.063
15.006
15.406
15.685
15.841
13.770
8.011
11.170
3.993
16.144
16.211
16.289
16.424
16.187
16.386
16.389
14.213
5.406
11.880
17.254
17.122
17.401
17.411
17.006
14.926
17.594
18.024
18.043
18.049
18.191
18.118
18.397
18.562
18.388
18.547
18.939
18.734
18.916
19.398
19.291
19.643
19.622
19.848
20.149
20.195
20.422
19.951
20.662
20.172
20.612
21.240
21.320
21.394
21.118
21.922
21.225
16.554
21.476
22.327
22.515
23.237
23.117
23.077
11.054
5.338
23.965
24.245
24.312
24.144
24.131
24.118
24.329
24.563
24.781
12.215
20.210
24.636
23.585
25.885
24.802
23.880
24.957
26.865
26.774
26.552
26.624
26.769
26.748
12.307
18.097
23.704
28.050
28.214
28.497
28.635
29.009
29.259
28.780
6.810
24.457
29.104
28.682
28.684
28.356
30.097
30.474
30.321
29.912
12.278
14.288
29.113
29.162
13.965
29.432
28.251
31.615
27.392
6.175
31.796
20.527
28.925
27.332
9.543
6.376
6.978
31.268
21.615
31.732
32.370
31.777
32.038
32.574
20.607
21.099
25.834
22.231
31.495
28.559
22.381
30.074
31.974
16.929
24.094
26.904
33.783
32.884
33.438
32.804
34.055
27.886
33.986
28.981
29.358
30.476
33.507
9.020
7.785
7.434
32.028
29.297
20.618
26.159
34.309
34.176
18.070
10.176
23.799
23.380
32.678
13.813
33.133
31.040
21.077
31.047
26.376
17.304
33.272
32.563
31.309
5.983
8.187
20.269
33.251
26.198
20.206
7.358
32.599
30.488
28.169
10.673
33.467
33.924
34.064
34.726
34.380
34.530
29.802
14.828
31.671
3.413
24.696
32.492
6.390
14.807
20.979
32.976
32.781
27.897
23.704
24.066
33.029
31.688
23.457
31.418
31.061
31.267
28.004
21.490
30.320
31.646
30.695
20.155
24.142
29.532
19.463
20.601
28.925
27.591
26.736
7.361
23.878
26.682
29.417
27.483
31.133
30.045
29.226
29.697
29.629
29.906
14.019
28.397
29.970
30.522
21.695
16.825
16.956
6.775
15.717
18.027
21.010
28.341
28.429
19.415
13.318
4.339
16.134
20.006
27.479
17.956
3.930
14.715
19.635
27.128
26.692
25.472
15.967
11.562
23.018
25.142
6.876
10.969
14.078
5.879
14.855
22.666
4.144
3.655
1.972
8.751
22.701
15.661
14.778
15.493
19.640
22.484
18.869
22.339
22.827
18.759
1.265
22.561
21.132
20.168
22.363
21.974
21.653
20.794
21.100
21.035
19.576
13.666
15.893
12.632
18.197
9.325
8.493
10.177
12.664
13.289
15.847
12.613
4.954
4.714
5.533
15.309
19.019
19.125
18.532
17.694
18.179
18.214
18.276
17.660
16.695
17.440
17.495
16.815
16.784
16.987
16.918
17.116
17.237
16.622
14.701
16.095
11.723
13.850
16.280
14.089
16.089
15.646
16.145
16.498
16.279
16.355
10.211
16.022
15.858
16.007
16.027
15.789
15.174
4.632
15.270
15.624
16.299
15.604
11.364
15.634
15.604
15.622
15.290
15.479
14.145
15.055
15.726
15.357
15.748
15.610
16.376
16.013
16.011
16.214
16.636
16.408
16.214
15.972
16.684
16.827
15.526
16.059
16.653
16.748
16.639
17.033
17.108
17.497
17.404
17.433
17.350
17.673
18.075
18.018
18.587
18.483
18.495
16.858
18.589
18.597
18.690
18.908
19.227
18.876
19.201
19.451
19.559
20.074
19.846
20.404
20.196
19.988
20.753
16.214
21.074
21.165
21.363
21.598
21.632
21.586
22.503
22.568
22.471
13.798
22.827
22.523
18.451
22.640
19.594
21.533
24.054
24.142
24.303
24.504
24.544
24.630
24.691
24.756
25.053
25.434
25.709
25.240
25.556
25.425
23.922
26.034
26.216
26.574
26.951
27.315
27.513
27.881
27.356
27.534
27.706
27.731
24.737
24.800
26.866
23.574
27.701
22.385
4.988
28.330
28.097
28.815
29.549
29.276
29.035
26.039
19.183
29.604
29.726
18.385
30.656
30.920
30.313
22.177
19.761
9.982
22.640
13.978
30.187
30.710
24.164
13.460
31.310
25.413
5.916
31.651
4.084
29.523
24.252
4.891
3.860
23.996
31.356
22.854
26.504
28.625
31.908
33.156
32.963
32.869
32.880
32.892
33.303
6.483
3.254
26.621
33.742
33.192
26.826
24.259
29.723
29.407
21.175
4.513
7.828
21.335
29.748
32.253
32.306
3.602
20.434
12.542
14.298
3.980
29.604
30.816
29.146
27.184
20.379
29.558
24.755
19.711
32.034
28.619
27.712
27.004
7.033
32.827
32.551
33.604
23.150
4.208
29.391
32.612
30.418
31.801
32.948
34.020
34.336
22.370
23.361
32.496
12.000
16.935
21.351
29.034
26.667
12.837
6.036
18.591
31.857
28.892
4.104
12.554
33.560
33.458
33.339
32.115
28.882
33.110
32.232
28.624
32.391
24.669
3.266
14.622
20.745
25.502
18.350
17.072
15.703
20.794
32.069
32.218
32.051
29.715
16.247
17.642
4.455
18.087
16.617
24.394
28.211
25.104
30.179
11.675
26.904
27.737
21.735
21.338
17.724
24.825
29.639
29.113
29.291
24.689
17.903
22.497
12.681
19.999
15.242
20.778
24.470
8.367
19.417
1.320
8.966
25.995
24.759
24.969
18.318
21.033
8.481
13.387
27.292
27.206
25.661
26.073
20.919
2.741
2.650
19.717
11.554
9.200
3.476
10.096
15.070
19.751
16.687
23.277
11.192
12.580
17.700
15.113
23.967
23.642
16.865
22.261
20.813
5.023
22.453
23.172
21.734
16.158
21.406
21.417
21.248
6.859
2.112
12.327
18.291
12.282
13.905
19.801
20.628
20.339
20.266
20.503
20.239
17.931
16.353
19.002
10.159
4.358
2.351
18.401
13.549
19.086
18.995
13.020
18.523
18.228
17.716
3.219
12.376
13.232
15.829
17.428
15.858
5.143
17.453
17.189
17.211
17.354
16.462
2.124
6.888
16.857
16.686
14.548
16.343
16.786
16.602
16.464
16.310
16.089
15.965
15.930
10.156
10.978
15.542
15.568
11.734
15.181
14.817
15.361
15.651
15.807
15.832
15.646
16.065
15.462
13.160
9.254
15.914
15.702
15.905
16.196
15.933
15.837
15.733
16.031
16.068
16.359
15.913
14.560
15.019
5.779
16.700
16.880
16.826
17.044
16.755
16.832
16.897
17.175
17.185
17.248
17.304
17.635
17.366
17.890
17.641
18.209
18.175
18.091
17.059
18.068
18.769
18.728
18.411
4.921
12.328
19.456
19.567
19.386
20.126
20.478
19.857
20.252
19.939
19.523
20.787
21.296
20.844
20.880
20.935
15.079
21.519
21.708
21.989
22.011
22.288
20.384
14.362
22.756
23.178
23.240
23.029
23.237
23.339
23.672
23.656
24.072
24.663
23.679
23.658
23.393
24.412
24.993
24.411
24.662
19.800
24.282
22.189
25.519
25.745
21.880
26.343
26.554
26.655
26.837
26.878
9.698
27.236
27.687
28.060
28.671
28.401
28.046
27.899
27.782
28.029
28.058
27.999
28.383
3.412
17.104
27.070
29.859
20.624
17.091
19.449
21.383
14.717
7.127
30.385
29.263
27.572
30.022
29.220
13.936
23.514
16.580
30.835
30.873
30.598
16.684
30.440
24.448
7.463
29.722
12.555
30.007
32.529
32.337
29.839
32.289
32.093
27.819
33.289
6.450
18.002
33.481
33.206
19.874
33.563
33.906
33.539
32.775
27.289
20.385
26.107
31.163
3.797
31.710
33.554
33.868
21.330
25.960
29.316
23.751
23.171
14.611
21.664
28.056
18.337
32.810
28.478
32.023
31.933
33.909
33.805
34.160
33.961
14.595
32.025
23.316
14.787
34.217
34.631
33.436
34.187
33.160
32.363
20.359
25.574
13.079
22.211
29.662
33.193
32.098
31.624
32.705
28.737
4.092
11.792
16.223
32.817
31.853
25.995
28.936
31.551
22.458
30.988
19.693
17.490
32.282
18.905
24.995
19.200
3.177
15.630
27.884
8.946
12.234
9.077
5.911
11.245
25.543
26.098
25.635
20.537
24.727
30.912
32.161
32.997
30.626
29.388
31.692
8.300
20.303
31.044
13.577
26.268
32.249
29.613
30.457
28.836
23.523
27.387
23.982
13.824
15.013
3.000
12.008
26.529
18.222
4.948
20.397
20.845
27.685
28.386
29.373
27.203
26.729
25.993
26.097
13.699
14.599
14.473
16.719
3.967
12.502
16.181
19.523
27.136
26.790
21.567
12.774
13.570
25.229
26.815
24.198
19.148
7.147
13.676
19.256
17.737
14.131
1.694
5.496
8.743
6.759
12.854
16.992
16.412
23.240
24.281
24.269
23.043
7.289
23.557
23.585
23.378
14.286
13.512
12.900
22.399
22.875
22.477
22.293
22.087
21.686
21.620
20.748
12.072
20.403
20.285
20.817
20.666
17.867
13.565
20.088
20.214
20.327
19.698
19.516
19.826
19.503
10.864
1.354
5.422
3.460
8.646
18.136
18.244
18.178
18.376
18.099
17.178
17.990
17.421
17.535
17.653
17.099
17.374
16.605
16.645
14.958
15.075
1.046
11.310
16.997
16.856
16.583
16.413
16.310
15.978
16.282
15.520
15.694
6.851
8.247
15.693
16.049
15.893
15.870
16.389
16.227
16.077
15.569
14.512
15.858
15.837
15.201
15.773
15.939
15.865
15.241
13.234
16.159
16.289
16.150
16.132
15.919
14.924
14.633
16.199
16.235
15.760
16.093
16.255
15.899
13.778
15.979
16.563
16.530
16.490
16.808
17.092
17.273
16.676
17.136
17.353
16.500
17.519
17.800
17.519
18.001
17.988
17.891
17.707
17.711
18.190
18.353
18.629
11.213
18.526
19.563
19.107
19.929
19.657
6.982
19.411
20.311
20.671
20.318
20.844
20.883
21.066
22.118
21.128
21.501
21.763
21.848
21.717
11.925
22.441
22.698
22.415
22.579
22.904
23.592
23.584
23.846
24.179
24.062
24.093
24.259
24.187
20.025
25.081
25.250
25.225
25.274
25.204
24.619
4.768
25.520
25.757
26.111
26.429
26.577
26.971
21.494
27.306
27.311
27.187
27.253
20.464
25.205
27.712
28.102
27.570
26.737
22.824
28.932
13.992
27.560
4.724
29.105
29.265
27.977
29.324
29.661
29.951
30.024
20.782
15.836
7.231
6.419
4.710
4.278
26.326
30.415
31.008
30.796
12.520
31.300
26.306
14.878
27.526
22.663
31.725
2.534
20.786
21.921
27.374
28.692
23.846
24.823
30.896
30.210
26.864
31.831
26.940
20.567
22.429
26.596
32.971
29.904
11.859
33.730
33.667
20.790
22.904
33.551
33.449
33.622
33.758
23.049
24.512
29.871
33.500
19.294
14.059
26.089
8.141
22.668
32.336
31.035
27.533
19.688
32.915
32.041
25.177
20.221
23.327
6.694
25.127
32.379
33.451
33.300
29.364
28.216
25.520
33.826
18.555
13.629
11.522
29.363
33.801
27.372
22.344
14.868
9.436
30.565
30.604
19.707
17.021
22.884
32.708
32.721
33.102
32.633
21.651
30.883
33.921
33.388
19.103
33.306
31.786
26.012
27.320
33.529
17.621
33.890
30.671
32.361
31.893
25.026
33.077
30.495
18.497
27.738
26.130
32.991
32.487
23.051
18.205
31.789
30.497
19.313
30.132
20.564
13.476
26.571
15.665
20.586
31.052
29.857
14.903
19.463
28.422
29.332
30.241
26.005
28.433
19.601
5.265
10.314
22.741
29.926
29.068
29.203
23.559
23.844
28.942
26.409
25.146
13.786
23.127
26.450
20.219
1.279
10.981
17.219
20.781
27.185
27.522
28.044
26.753
27.596
23.278
6.827
15.364
25.552
23.814
24.560
21.278
8.460
9.681
19.973
25.489
25.517
25.354
24.558
23.587
18.076
15.669
24.103
23.726
21.697
19.846
20.863
16.141
17.290
22.953
22.215
20.702
22.336
20.666
22.125
21.849
21.894
21.842
3.822
3.146
20.834
21.353
20.430
1.342
4.081
11.471
12.746
14.961
19.598
12.085
11.806
19.527
20.014
18.485
12.811
17.744
15.135
18.802
18.700
18.875
18.618
13.147
17.711
3.065
17.520
17.758
17.890
17.175
13.020
15.550
17.002
17.391
17.348
16.894
16.063
1.441
2.582
2.304
4.430
16.386
17.078
16.091
16.482
16.659
16.163
16.099
16.174
15.999
16.135
15.972
15.980
15.815
16.079
16.287
16.222
15.173
15.844
14.841
15.766
15.624
14.728
15.365
14.907
15.701
15.726
13.801
15.662
15.913
16.454
16.183
16.182
16.610
16.201
15.933
16.239
16.208
16.240
16.178
15.977
16.394
16.878
17.145
17.079
16.069
11.619
16.895
17.022
16.986
16.605
16.914
12.944
12.590
8.562
14.009
18.136
18.614
18.663
18.585
18.524
18.628
17.666
18.830
18.744
18.962
19.217
19.548
19.346
19.109
19.515
18.258
19.949
20.537
20.474
20.630
20.748
21.082
21.376
20.687
18.143
21.295
21.511
21.581
21.998
22.158
17.749
22.239
22.309
22.555
22.606
23.607
23.429
23.549
23.108
22.763
23.282
14.181
13.574
24.289
24.876
24.518
21.432
20.705
25.367
25.862
26.238
26.439
26.188
25.868
23.288
14.522
26.753
26.485
26.821
27.225
20.700
28.039
28.138
28.364
28.695
24.666
25.245
28.638
28.729
29.214
29.093
28.645
28.186
29.657
18.969
29.352
29.151
29.146
27.122
21.786
30.465
27.878
28.370
17.312
30.524
30.820
26.892
28.912
22.333
31.009
30.983
31.144
14.389
31.833
28.439
31.666
31.511
31.699
28.691
29.552
31.424
32.115
31.882
32.338
17.931
29.489
32.386
32.953
32.232
18.074
28.480
27.095
27.501
16.654
4.767
30.727
28.733
22.658
8.647
30.830
32.976
21.054
25.565
32.238
19.751
3.658
23.518
16.383
32.896
18.770
33.445
29.868
13.989
14.305
34.473
28.242
28.273
17.537
11.492
12.018
19.175
25.425
34.413
27.010
18.103
14.415
14.422
30.371
30.588
15.292
30.620
25.123
32.361
27.198
8.988
31.951
29.281
28.231
17.484
29.938
19.379
12.135
2.089
18.350
18.950
27.712
6.405
10.659
11.743
6.722
12.073
24.090
11.117
34.366
32.909
33.692
33.636
29.368
29.551
23.085
33.361
29.448
31.458
32.430
31.325
23.817
32.198
33.277
31.521
30.651
17.754
15.157
16.159
24.032
31.741
2.489
16.491
25.733
31.147
31.078
24.845
17.693
18.469
30.768
31.458
26.855
9.914
6.756
29.763
18.460
23.871
20.744
18.780
20.851
4.408
2.250
3.822
11.025
23.748
25.727
23.993
12.694
11.560
11.413
16.367
16.426
28.444
25.171
19.772
4.320
9.378
7.450
16.475
27.166
14.889
9.711
26.175
14.196
10.620
4.101
23.667
1.838
26.233
25.489
18.692
20.069
20.180
21.574
20.560
22.296
25.167
24.902
9.686
2.402
21.242
8.602
24.011
15.956
9.096
13.351
16.309
17.943
17.619
15.715
3.468
22.644
21.885
16.770
21.993
20.069
13.820
14.179
2.945
3.746
13.453
12.733
20.905
20.486
13.149
10.420
19.660
14.307
16.920
18.551
19.345
19.250
10.593
17.031
13.204
11.922
18.875
18.374
17.891
17.457
18.162
9.313
1.507
12.525
18.247
17.212
17.352
12.658
16.445
11.217
17.221
17.176
11.886
5.459
8.254
10.941
16.475
5.104
16.298
16.347
16.281
16.088
16.230
16.457
16.306
13.847
3.351
7.184
15.541
15.501
15.108
15.954
15.857
14.505
7.018
15.911
9.371
14.651
15.018
15.456
15.709
15.113
15.633
15.624
15.770
15.702
15.826
16.451
16.420
16.235
15.582
15.796
15.410
15.832
12.527
16.081
16.119
16.051
16.680
14.558
17.369
17.138
14.104
4.945
15.040
16.582
17.948
17.864
17.767
17.850
17.976
18.050
17.973
18.196
18.374
18.374
18.021
18.325
18.574
18.836
19.058
12.236
9.485
19.540
19.876
19.532
19.437
16.709
19.436
18.040
20.459
19.984
20.899
20.878
21.047
21.301
21.509
20.016
21.103
21.497
21.721
21.767
10.365
21.905
22.144
22.781
23.229
22.188
23.027
22.430
10.581
18.625
24.190
24.759
24.777
24.687
25.035
24.943
24.730
24.762
23.456
23.757
21.301
25.687
26.099
25.906
11.221
26.133
26.533
26.754
26.659
21.044
2.890
11.750
8.652
7.138
27.093
10.813
22.448
16.417
13.754
28.727
26.352
29.226
29.360
26.722
28.964
24.861
21.184
14.693
4.749
19.052
30.141
19.976
11.090
6.972
26.599
30.947
30.602
29.814
24.090
1.834
17.341
6.886
10.123
29.317
31.852
27.846
33.109
33.126
32.570
32.463
32.643
31.232
18.531
32.040
32.355
32.540
32.776
33.440
33.354
33.532
33.552
33.594
31.405
26.894
15.290
27.823
25.156
33.405
18.863
33.787
18.403
5.548
34.517
32.432
33.796
16.291
2.363
12.847
10.285
22.379
32.910
15.131
19.396
5.799
27.666
32.692
14.729
30.900
32.255
32.594
27.029
36.205
35.753
35.307
34.937
34.615
33.039
28.618
4.684
33.401
28.922
31.331
5.276
26.278
16.471
12.527
11.599
19.003
29.913
23.545
16.891
26.110
23.814
24.364
9.079
18.266
23.089
16.354
4.147
7.706
17.282
25.520
34.039
20.913
31.316
35.761
23.619
22.076
26.503
16.421
4.654
13.636
7.688
20.727
15.384
15.852
12.838
3.251
8.240
14.057
5.507
3.986
19.991
17.310
10.377
9.995
8.145
8.249
2.364
3.670
4.657
11.518
31.360
31.494
16.909
19.906
16.781
19.912
8.077
6.942
14.804
13.199
17.093
13.876
2.850
11.677
6.414
9.091
9.827
18.120
25.426
15.834
6.993
3.564
12.075
9.105
13.590
21.907
26.751
25.119
28.743
7.701
29.734
20.091
3.495
28.621
1.764
8.244
21.798
28.449
25.497
12.749
7.346
25.597
19.624
19.308
9.719
22.218
25.867
23.087
9.852
9.286
21.979
23.739
23.725
13.120
18.722
4.169
15.250
7.828
23.324
24.567
25.119
23.580
18.059
19.916
20.365
16.055
21.326
23.679
23.397
22.555
21.498
22.072
21.954
19.180
17.510
21.726
19.097
21.740
18.212
21.178
21.218
21.377
21.159
20.709
20.380
19.267
19.860
19.308
19.664
19.156
19.163
17.052
18.192
18.894
17.565
19.503
19.574
19.177
19.167
18.373
13.847
17.652
18.331
18.191
17.748
17.792
16.669
16.741
16.911
15.552
17.426
17.756
16.395
16.978
16.788
15.948
17.136
17.030
17.148
17.709
17.515
12.079
17.119
17.089
16.756
16.583
16.190
16.741
16.338
16.643
16.783
17.122
17.382
7.886
16.283
16.878
16.925
17.593
17.282
17.088
17.152
17.127
16.631
14.819
16.860
12.432
14.301
14.812
17.321
17.255
16.515
16.593
17.206
17.416
18.196
18.386
18.552
17.755
18.441
18.892
19.088
19.081
19.369
19.705
18.782
19.849
19.645
19.845
17.905
12.080
20.244
20.264
20.532
20.748
20.924
20.940
20.599
20.660
20.823
21.239
21.889
21.688
19.861
21.514
21.030
23.123
22.869
23.044
17.584
22.730
22.381
23.137
23.751
24.023
23.840
24.147
24.236
24.460
25.171
24.267
24.916
25.171
24.761
22.884
25.507
25.730
26.033
25.348
26.729
26.236
26.976
26.645
27.373
26.298
26.970
27.601
28.250
20.106
25.261
28.437
28.347
28.854
28.940
28.897
28.899
29.084
29.352
27.669
28.458
28.834
29.379
30.599
29.662
10.234
31.303
29.216
26.724
30.080
32.309
31.664
32.281
26.450
30.623
30.761
30.200
18.909
32.684
28.565
27.623
25.484
32.913
32.796
27.406
15.699
34.074
33.712
31.489
33.798
33.202
27.933
20.704
33.265
33.705
33.596
31.620
32.800
33.910
25.053
34.116
34.317
35.531
9.166
32.834
23.018
32.241
23.517
20.563
13.336
23.781
30.940
25.484
27.823
36.597
34.003
35.817
35.751
29.002
22.372
35.203
26.169
35.152
12.735
35.912
36.137
35.256
27.306
13.004
8.987
24.681
26.728
31.640
29.185
28.167
12.159
15.704
36.252
34.295
23.640
23.766
36.202
27.012
29.109
35.811
30.973
16.659
8.730
14.719
18.057
10.989
10.528
15.196
23.693
6.530
16.625
36.065
28.071
8.017
18.876
10.939
10.367
28.984
26.337
20.282
24.338
8.630
16.882
22.507
29.568
21.975
24.847
16.056
28.814
26.752
35.745
27.166
34.776
25.883
7.150
15.913
18.767
19.351
22.308
13.637
17.896
10.038
7.859
16.006
20.408
15.829
18.738
22.100
14.234
8.997
12.956
22.974
29.560
12.969
10.976
14.432
7.574
8.832
14.526
9.732
12.937
4.016
25.446
4.398
16.681
32.431
23.885
19.169
29.469
29.512
25.226
31.443
26.138
19.318
25.946
17.550
19.353
17.586
17.842
18.268
24.825
28.054
22.764
9.942
10.793
17.311
25.015
20.136
22.783
15.272
21.572
14.407
12.028
19.636
19.409
15.163
13.288
27.656
27.254
21.429
15.895
25.365
21.470
21.231
23.421
24.912
25.600
24.681
25.270
23.471
23.370
5.872
9.583
20.404
19.268
11.618
19.655
15.798
18.241
21.539
14.531
13.785
13.428
15.002
19.488
17.931
18.708
15.026
21.749
17.464
21.807
21.649
21.270
20.779
17.563
19.713
18.974
17.090
12.212
19.897
17.867
20.188
12.721
19.185
19.322
18.918
19.517
19.302
18.779
18.888
18.962
17.593
17.859
18.654
18.229
17.925
15.656
16.718
18.002
17.879
17.574
17.516
17.350
17.421
17.788
12.572
17.545
10.730
17.426
17.223
17.097
16.640
17.290
16.608
16.645
17.130
16.940
12.962
16.478
16.873
16.827
17.331
17.385
17.354
17.134
17.363
17.080
17.306
17.278
16.291
17.247
16.942
17.427
12.292
17.222
17.203
17.524
17.537
17.924
18.294
17.290
15.520
16.270
18.281
16.706
11.513
14.649
18.268
18.773
18.870
18.494
18.540
19.131
18.518
19.338
16.961
18.908
19.117
19.220
19.551
19.414
19.495
19.832
19.890
20.225
19.929
16.938
19.912
20.485
20.927
21.586
18.968
21.246
21.593
22.023
20.558
20.242
22.420
22.292
22.151
22.218
23.040
23.713
23.639
24.172
24.466
20.571
21.261
23.416
24.290
24.619
24.861
24.682
24.313
22.650
13.067
24.529
25.515
10.397
14.795
26.044
25.170
13.324
25.074
27.012
21.657
23.608
26.285
23.654
27.681
27.010
28.746
28.768
29.130
28.975
27.103
29.664
29.580
12.078
28.196
29.599
29.971
30.096
31.162
30.934
31.041
23.752
30.437
30.636
29.334
28.205
29.981
29.270
20.711
25.144
30.749
31.917
28.011
33.765
33.352
32.763
32.332
33.175
30.034
32.306
34.163
33.250
33.620
33.185
33.655
27.560
16.339
33.412
9.149
32.875
20.844
25.200
27.564
25.262
22.410
21.802
31.255
34.629
35.214
13.280
19.010
14.671
20.429
27.820
31.770
27.973
24.149
30.824
23.432
25.818
27.324
30.054
24.792
3.943
25.301
30.324
34.114
31.599
28.026
31.538
26.008
26.288
30.228
22.241
27.081
26.824
12.743
28.550
31.992
25.207
24.611
35.090
20.073
28.841
23.874
35.861
31.054
29.717
36.334
26.476
18.267
33.795
21.227
32.731
21.457
17.415
24.620
22.281
29.259
35.289
37.136
25.279
29.969
35.645
30.613
29.720
20.017
36.750
28.931
22.710
16.886
24.079
15.673
8.494
5.781
15.948
5.481
3.427
8.703
1.922
12.975
8.283
15.403
22.506
35.234
30.373
18.197
24.335
21.133
18.790
26.770
22.210
34.036
22.937
19.674
23.361
19.992
11.370
13.661
20.396
23.613
29.635
19.944
33.470
29.564
22.655
20.863
33.089
32.720
13.056
19.335
22.254
28.752
28.299
26.501
22.463
3.729
11.502
30.184
32.119
31.104
21.103
12.375
12.453
29.382
31.010
20.056
27.279
29.460
28.927
28.403
27.915
16.070
20.393
14.164
21.118
13.913
20.160
25.898
28.345
23.613
16.425
26.243
26.331
27.750
12.760
17.209
21.334
25.485
26.612
20.080
14.153
21.054
18.413
26.793
26.481
26.339
23.699
18.908
24.751
25.099
24.644
14.129
22.956
24.251
23.910
24.072
23.814
23.815
23.404
22.598
22.981
22.911
22.780
22.429
21.369
21.896
20.916
20.510
20.033
21.079
20.656
20.463
21.103
16.699
21.088
21.206
18.594
21.001
20.107
19.852
18.854
19.561
19.494
19.807
12.663
17.270
13.682
18.766
19.017
18.704
17.694
17.020
18.670
18.298
18.190
18.789
18.776
18.102
18.279
17.853
16.828
17.750
17.716
17.433
17.664
17.961
17.592
17.040
14.948
16.922
15.698
16.694
16.376
15.856
16.506
14.396
16.780
17.031
17.242
9.252
13.801
17.747
17.445
17.082
17.035
17.250
17.416
16.513
17.062
17.319
17.534
17.753
18.060
17.881
17.532
17.141
16.493
16.830
16.800
17.177
17.379
17.725
16.562
18.280
18.255
17.968
18.170
18.678
18.487
18.502
18.508
18.816
18.970
19.112
19.421
19.378
16.047
18.876
19.124
19.050
19.499
18.930
19.502
20.564
20.803
20.509
20.500
20.387
21.435
21.083
18.250
21.871
21.928
21.952
15.152
22.152
22.471
22.497
22.707
23.142
23.331
22.615
23.450
23.584
23.544
17.075
18.670
24.340
24.451
24.633
19.102
21.046
25.515
24.646
25.689
24.976
25.590
24.894
24.949
22.262
20.967
26.714
27.352
27.414
27.343
25.368
27.407
27.408
28.054
28.023
28.328
28.684
28.711
28.618
29.356
28.089
29.240
29.744
29.335
20.670
29.905
29.094
30.560
30.777
30.460
31.573
30.848
30.945
26.668
29.708
31.158
28.545
25.688
26.120
28.642
31.688
21.999
22.042
32.112
31.313
30.156
32.602
34.027
32.878
33.291
33.867
31.584
32.777
33.820
18.428
32.476
33.552
31.858
33.024
20.573
20.742
33.122
33.895
28.550
34.017
34.014
32.283
29.589
24.131
36.017
35.130
35.164
35.949
35.175
29.195
35.129
32.191
31.960
28.161
36.168
31.735
33.458
33.217
24.768
21.036
25.853
26.274
22.056
30.927
36.021
34.064
31.014
35.547
32.659
31.780
25.324
30.599
27.952
8.195
15.906
18.727
34.367
21.711
9.318
15.487
20.767
12.216
18.910
19.852
17.461
16.610
14.067
28.578
32.332
30.573
33.339
32.947
35.371
24.385
21.927
33.449
27.580
4.461
35.931
36.039
34.974
35.503
23.539
32.574
32.262
8.708
19.784
33.438
24.964
16.678
25.711
17.014
19.752
28.171
22.745
29.666
19.768
32.836
13.645
11.250
16.664
19.359
18.629
2.467
19.838
35.409
33.954
30.488
22.379
19.114
22.217
14.160
20.700
26.028
10.293
12.744
18.812
22.792
17.768
2.570
8.040
18.703
17.893
17.064
32.704
20.364
22.533
15.115
29.720
25.348
4.450
15.873
29.776
30.025
18.410
19.580
27.627
31.156
31.026
28.026
22.807
25.600
30.404
18.495
28.444
27.390
23.138
26.508
5.963
30.023
27.350
10.338
22.024
29.153
28.802
20.290
23.465
26.997
16.908
10.637
22.909
24.903
25.877
26.729
24.824
20.239
19.643
20.117
20.890
18.880
14.711
24.764
26.009
25.120
21.756
19.710
22.354
14.233
24.292
24.606
24.442
23.670
22.115
20.673
19.503
21.406
13.076
22.376
18.713
18.096
22.376
22.193
11.775
19.537
21.935
21.663
21.547
18.591
20.732
20.877
20.079
20.277
15.357
15.036
14.837
15.500
19.673
19.793
19.760
19.699
19.405
19.280
19.095
19.137
18.643
18.745
5.399
11.094
13.949
17.497
18.227
18.239
18.427
18.210
17.732
18.161
18.181
18.071
17.780
17.818
17.795
17.544
17.685
17.410
17.449
17.599
17.579
17.383
16.878
16.943
17.290
17.030
17.100
13.402
16.022
16.541
16.792
16.503
17.390
16.344
16.438
9.185
4.654
17.486
17.598
17.359
17.537
17.528
17.328
17.398
14.590
17.606
17.633
15.765
17.687
15.906
17.513
18.141
17.399
17.681
18.023
17.568
18.439
17.738
18.544
19.061
19.279
18.568
12.768
19.291
19.342
19.221
17.655
19.108
19.278
18.366
18.555
