19790101
1.635
2.689
3.156
2.030
2.369
2.050
2.023
1.914
1.831
2.075
3.176
2.795
2.727
2.337
1.619
2.924
3.428
2.850
1.690
2.145
2.222
2.740
2.809
2.854
1.523
2.897
4.401
3.000
1.656
1.858
1.722
2.794
2.055
2.252
2.271
3.519
1.727
2.195
2.423
1.838
1.720
2.441
3.376
2.078
2.175
4.834
2.690
2.284
1.937
2.656
4.942
3.142
2.132
2.052
2.222
1.974
1.177
2.169
3.205
3.416
4.207
2.169
1.771
2.316
1.852
3.912
1.977
2.942
1.737
1.666
1.216
1.677
1.688
1.880
1.591
2.216
2.501
2.243
2.813
2.057
1.999
2.296
1.635
2.760
2.245
1.514
1.796
1.934
1.974
2.154
2.732
2.136
3.652
2.945
3.100
1.860
2.132
1.912
2.020
2.627
1.990
1.882
1.943
1.621
2.530
2.262
2.780
2.035
2.395
1.996
2.014
1.403
1.604
1.975
1.744
1.500
2.100
1.857
2.126
1.817
2.470
2.274
3.141
3.532
1.992
1.698
1.850
1.622
2.011
2.319
2.067
1.935
1.737
1.865
1.940
2.156
2.227
2.363
2.168
2.354
2.534
2.531
1.834
2.537
3.445
2.558
2.725
3.964
3.152
2.214
2.934
2.459
2.107
2.369
2.468
1.894
1.439
2.220
1.824
2.266
2.181
2.092
1.694
2.589
1.972
1.682
1.455
2.213
2.807
2.315
1.819
1.447
2.105
3.521
2.759
2.489
2.311
1.688
1.368
1.964
2.766
2.175
1.855
1.918
1.936
2.647
1.647
1.724
2.156
1.966
1.788
1.325
2.426
3.153
1.558
3.249
2.890
2.714
4.537
2.551
2.138
2.444
2.466
2.682
2.966
3.069
3.483
3.406
3.127
3.219
3.413
2.704
3.050
2.867
2.276
2.831
2.361
2.142
2.244
2.020
2.357
2.571
2.964
1.889
2.030
1.912
1.918
2.603
2.349
2.988
3.305
2.830
2.400
3.064
1.861
2.349
4.159
4.457
3.233
3.482
3.114
2.508
3.880
2.322
3.772
2.856
2.509
4.597
3.374
2.144
2.838
2.963
2.594
2.410
3.016
3.031
3.415
3.760
1.689
1.750
2.971
3.411
2.771
2.522
2.829
3.312
3.777
3.241
3.345
3.324
2.728
2.734
2.444
2.476
2.116
2.018
3.026
2.517
2.613
3.172
2.875
3.786
2.732
1.759
3.020
2.543
2.187
2.693
3.285
3.636
2.974
2.666
4.452
3.025
2.690
3.620
2.614
1.799
2.466
3.050
3.794
2.581
3.105
2.711
2.913
2.352
2.349
2.031
2.435
2.572
3.700
3.446
2.657
2.389
2.971
2.784
4.038
2.720
2.504
2.038
3.523
2.733
4.577
2.836
2.345
2.156
2.710
3.577
1.947
3.431
3.326
3.010
2.738
3.420
3.415
2.127
3.048
2.473
2.967
2.833
2.329
2.590
2.959
3.972
3.039
2.324
2.250
3.696
3.381
3.905
3.036
2.484
1.720
2.028
3.062
2.592
1.081
1.714
2.555
3.375
3.368
1.909
2.706
6.536
2.693
3.030
3.273
2.494
2.136
2.143
2.836
2.869
1.667
1.999
2.278
2.107
2.606
2.532
1.850
2.584
2.675
2.415
2.055
2.936
2.667
4.116
2.716
2.972
4.095
3.242
2.175
2.844
2.725
3.150
1.883
2.556
2.820
3.100
2.686
2.820
2.653
3.163
2.427
3.859
3.604
3.302
4.196
3.900
2.226
3.497
2.857
3.833
2.702
1.946
2.036
2.055
1.631
2.177
2.437
2.130
2.764
2.406
2.754
2.992
2.746
3.380
2.157
2.180
3.122
2.682
1.895
2.560
2.062
1.857
2.822
3.198
2.176
2.164
2.475
2.377
1.659
2.723
3.707
3.137
4.415
4.850
2.743
1.694
2.208
2.437
2.300
2.723
2.343
1.827
2.120
1.449
1.835
2.251
2.463
3.207
2.131
1.764
2.314
2.934
3.072
3.344
3.311
2.730
2.141
1.780
3.116
2.979
2.469
1.980
1.363
1.246
4.411
2.656
2.661
2.248
2.207
3.874
2.886
2.914
2.404
3.987
1.544
1.649
2.299
2.847
2.552
2.136
2.197
1.589
3.029
3.504
3.113
3.288
2.953
2.361
2.225
1.696
2.026
2.350
2.254
2.280
2.624
3.723
2.928
2.884
2.357
2.484
2.718
2.833
1.978
2.270
3.003
2.621
2.480
2.518
2.385
2.100
1.881
1.610
2.684
2.401
1.948
1.873
2.057
2.215
3.372
3.346
2.520
1.990
3.057
2.855
1.642
1.697
2.169
2.493
2.897
2.074
3.525
3.043
2.604
3.065
2.401
2.255
1.996
2.198
1.700
1.586
2.217
2.576
1.803
2.246
2.546
2.041
2.708
3.034
2.805
3.923
2.318
2.286
2.845
3.777
3.226
2.589
3.108
3.677
3.266
3.925
2.991
3.913
3.235
3.932
2.700
2.935
3.035
2.850
2.953
4.173
3.030
3.480
3.385
2.522
3.453
3.623
2.182
2.425
2.668
3.740
3.241
2.831
2.047
2.339
2.297
2.446
3.478
3.059
2.409
2.535
3.608
2.776
4.358
2.906
3.638
3.515
2.872
3.129
2.978
3.832
2.790
2.901
4.529
4.015
5.080
3.099
3.260
3.157
3.741
3.281
5.005
4.170
3.869
3.241
3.370
3.155
3.011
2.814
4.103
3.949
3.049
2.618
3.178
4.313
3.657
3.413
3.801
3.157
2.851
2.510
3.561
3.484
4.136
3.269
2.420
2.654
2.805
3.545
2.403
2.389
3.175
3.163
3.139
3.430
2.553
2.310
2.541
3.185
3.713
1.718
2.222
2.292
2.304
2.890
2.203
3.046
2.452
3.197
3.536
3.502
4.307
2.945
2.955
2.865
3.836
4.363
2.649
2.502
3.286
3.885
4.775
3.086
3.059
3.022
3.358
2.838
2.563
3.200
3.214
3.143
2.609
2.752
2.424
2.308
1.942
3.349
2.451
3.663
3.491
3.336
2.634
2.765
2.336
2.483
3.338
3.357
2.671
3.193
4.280
2.321
3.342
2.840
2.635
3.133
2.914
3.135
3.666
3.596
2.475
2.509
2.656
1.868
2.185
2.652
2.269
2.325
2.163
2.338
2.230
4.055
3.975
3.094
2.519
4.056
2.914
3.125
2.340
2.425
2.772
2.224
3.193
4.294
2.693
3.527
2.328
2.144
2.623
2.391
2.776
2.917
3.124
1.725
2.928
1.897
1.906
1.344
4.109
2.139
2.053
2.757
2.454
1.939
2.275
3.551
1.635
2.393
2.833
2.930
2.280
2.034
1.904
1.843
2.170
2.042
1.911
2.682
2.645
1.766
1.348
1.771
1.539
2.022
2.737
4.138
3.112
3.012
2.686
1.733
2.502
2.150
2.998
2.286
1.496
2.018
2.236
1.808
2.229
1.622
2.946
2.313
1.503
3.076
2.690
2.001
3.279
1.838
1.898
2.406
2.724
2.912
3.276
2.031
3.269
3.594
2.953
2.624
2.034
2.384
2.373
1.616
1.910
1.525
2.541
3.157
3.188
2.481
2.640
3.094
1.890
1.551
1.671
1.578
2.255
2.059
2.009
1.726
1.894
1.818
2.577
2.727
2.564
2.621
1.727
1.898
2.246
2.051
2.276
2.268
2.257
1.924
2.914
2.607
3.011
3.107
2.666
3.912
3.250
2.028
2.016
2.105
2.506
2.228
2.797
2.432
2.171
1.641
2.523
3.722
2.736
2.214
2.929
3.549
2.905
2.958
2.625
2.189
2.351
2.512
2.937
3.051
2.250
2.323
1.929
1.611
1.633
1.765
2.434
2.962
2.291
2.775
2.233
2.627
2.854
2.569
2.573
2.512
1.916
1.966
2.356
3.230
3.048
2.987
2.812
3.457
3.640
2.038
1.983
2.519
2.979
3.253
2.465
2.441
2.314
2.443
4.960
4.159
2.667
4.465
3.339
2.716
2.389
2.396
2.384
2.979
2.815
3.343
1.835
1.604
2.406
3.275
2.290
2.965
2.151
2.849
2.969
2.497
2.613
2.604
2.318
2.322
2.893
3.518
3.922
3.522
2.469
2.057
1.988
2.064
2.243
2.638
3.626
3.650
2.272
2.511
2.628
3.005
3.758
2.794
3.096
4.712
3.355
2.985
3.410
3.045
2.504
2.081
2.184
2.136
2.634
3.630
2.918
2.738
1.899
1.780
2.019
2.957
3.923
4.246
3.680
3.465
2.966
1.939
2.199
3.147
3.592
3.160
2.615
3.508
3.127
2.695
3.530
2.852
2.510
2.906
2.287
2.113
2.823
3.274
2.853
5.271
3.146
4.118
3.830
3.852
4.270
3.077
2.704
2.807
2.602
2.802
3.431
2.208
2.881
3.497
3.099
3.634
4.262
2.872
2.751
2.453
2.746
3.051
2.450
3.206
4.338
3.712
2.819
2.635
2.213
4.442
4.600
2.958
1.784
1.664
2.512
3.542
2.774
3.015
3.723
3.181
3.015
2.245
2.024
2.767
2.892
2.181
3.068
1.892
3.132
2.622
3.751
2.737
3.382
2.705
1.928
1.781
2.313
2.909
2.542
2.698
3.508
2.668
2.830
2.238
2.796
4.935
3.917
4.199
2.289
3.083
3.228
3.542
3.104
1.927
3.211
2.988
3.015
4.310
7.765
3.857
2.314
2.365
2.389
3.352
3.806
2.987
5.205
2.732
2.150
3.010
2.327
2.710
2.686
3.282
1.884
1.875
2.569
3.021
2.861
2.479
1.914
1.991
2.121
2.031
3.398
4.037
2.922
2.844
4.648
3.084
4.090
2.338
2.643
2.827
3.801
3.591
3.611
4.011
2.235
2.826
2.900
3.511
3.773
3.204
2.381
2.960
3.221
2.866
3.266
2.775
2.688
2.166
2.614
2.780
3.379
2.597
3.332
3.158
3.251
3.207
1.504
1.350
1.726
1.231
1.811
2.257
1.686
1.511
2.236
2.499
2.232
2.374
2.848
1.653
1.607
1.411
2.353
2.270
2.261
1.692
1.541
2.395
2.127
3.508
2.916
2.795
1.814
3.547
3.824
3.055
2.730
2.707
2.996
3.110
2.120
3.508
4.354
2.857
3.648
2.194
2.189
2.868
2.688
2.574
2.698
3.654
1.795
2.033
1.936
3.422
1.962
1.385
1.655
1.830
2.564
3.859
3.364
2.160
1.921
2.956
3.905
2.730
2.691
2.239
2.313
2.131
1.976
2.218
2.521
2.544
4.455
2.575
1.963
2.099
2.329
2.057
2.598
2.368
3.315
3.522
2.826
3.183
3.589
3.023
3.021
3.989
3.227
1.967
2.532
2.270
2.712
2.898
3.170
2.573
2.990
2.309
1.866
2.770
2.777
1.825
2.118
3.440
3.524
3.314
3.066
2.683
2.274
2.678
2.825
2.457
2.508
2.563
2.803
2.721
3.238
3.410
2.345
2.624
2.915
2.254
3.374
2.601
2.489
2.328
1.752
1.519
1.645
1.707
2.714
2.361
2.132
2.278
3.081
3.151
2.757
3.693
2.929
3.004
2.686
2.456
2.562
2.041
2.058
2.614
2.267
2.272
2.853
2.678
3.536
3.181
3.341
3.963
2.521
3.186
3.039
2.877
2.106
1.997
1.717
2.464
2.405
2.234
2.422
2.934
3.948
2.223
3.131
2.368
3.235
2.872
2.782
3.536
2.410
2.395
2.887
4.690
3.985
4.231
3.816
2.573
2.384
2.248
2.401
2.172
3.507
2.710
3.487
2.437
3.075
4.019
3.495
2.650
3.046
3.838
2.871
2.563
2.065
2.289
3.460
4.759
3.717
3.378
3.874
6.045
3.841
3.699
3.842
2.933
3.829
4.682
3.320
3.430
3.386
4.115
2.644
3.344
2.195
2.248
2.881
3.569
3.366
2.661
2.392
3.241
2.728
3.385
2.933
2.329
2.813
3.185
3.858
3.398
2.208
3.003
3.188
3.029
3.574
3.589
4.480
3.405
3.657
3.492
3.695
4.557
3.868
4.518
3.660
3.770
3.913
4.316
2.687
2.956
2.868
2.173
2.535
2.711
3.243
4.794
4.140
3.726
3.864
4.127
2.901
3.320
3.035
2.939
4.843
3.361
3.675
3.601
3.576
2.691
2.811
4.259
3.851
2.918
3.111
3.926
4.277
2.437
2.327
2.638
2.486
2.943
2.860
3.034
2.696
1.959
2.918
2.375
4.010
2.496
2.483
3.045
4.120
3.189
3.388
3.863
3.869
3.480
3.759
2.699
2.497
2.214
2.084
2.484
2.103
2.098
1.473
2.801
3.565
3.043
3.013
2.535
2.928
3.572
3.204
2.710
3.406
3.904
3.440
2.642
3.265
2.441
2.299
2.966
2.868
3.675
3.086
3.054
3.548
2.820
2.344
2.557
2.320
1.985
1.885
2.665
2.745
2.840
3.912
4.261
3.528
3.736
2.427
2.500
3.719
3.214
3.332
1.479
2.515
3.810
2.777
3.311
3.614
3.845
2.201
2.024
2.992
3.499
2.797
2.221
2.928
2.290
2.500
2.767
3.662
3.232
2.912
2.570
2.818
3.792
3.427
2.894
2.930
2.852
2.816
2.267
2.873
1.770
1.756
3.323
2.438
4.571
3.221
3.131
3.158
3.099
1.768
2.119
1.682
2.655
4.067
3.655
2.657
2.400
2.850
2.964
3.766
3.760
4.244
4.310
4.153
3.891
3.238
1.876
1.991
2.408
1.579
2.448
2.461
3.135
2.816
2.056
2.144
2.838
3.609
2.741
2.656
3.820
2.696
2.445
1.752
1.837
1.500
1.759
2.716
2.178
1.521
1.835
2.425
2.184
2.252
2.432
3.746
2.633
2.322
2.673
2.665
1.887
1.770
2.516
3.694
2.069
2.434
2.120
2.060
2.279
1.766
1.933
1.997
2.753
2.182
2.469
3.054
2.216
1.801
3.043
2.259
1.891
1.799
2.159
1.860
2.621
2.025
2.493
3.296
2.435
3.827
2.063
2.228
2.019
2.063
2.318
2.106
2.250
2.599
2.617
2.684
2.145
2.142
2.334
1.627
2.154
2.975
2.269
3.310
3.842
3.270
3.164
2.936
3.408
2.265
2.136
3.016
2.463
2.600
2.371
1.716
2.515
2.891
3.025
2.942
2.970
3.483
3.108
3.297
2.624
2.074
2.251
2.280
2.383
2.680
3.001
3.981
2.208
2.359
1.731
2.847
2.560
2.438
2.501
2.188
3.055
2.244
1.742
2.450
3.261
2.551
1.500
1.634
1.815
3.455
2.995
3.287
2.660
2.168
2.152
2.603
2.900
2.093
3.054
3.518
3.723
2.585
2.373
2.147
2.351
2.231
2.075
3.146
3.497
2.832
3.673
4.124
3.584
2.835
2.562
2.407
2.346
2.547
2.803
2.678
2.997
2.937
3.564
3.933
3.665
2.648
3.361
3.185
2.702
2.071
3.029
3.651
2.815
3.415
3.430
3.660
2.948
3.530
4.237
2.611
3.675
3.279
3.812
3.984
4.199
3.934
3.648
2.533
2.907
2.798
3.381
3.463
3.499
4.820
5.072
3.398
3.540
3.754
3.636
3.101
3.034
2.998
3.141
3.043
3.904
3.967
4.749
3.753
2.489
3.585
4.529
3.198
6.228
3.103
2.837
4.518
2.803
2.813
1.909
2.611
3.538
2.002
2.177
2.355
2.304
3.113
3.095
3.130
3.669
3.418
2.885
3.883
3.694
2.329
3.229
4.247
3.745
2.492
3.051
2.844
3.360
3.636
2.588
2.922
2.543
3.837
3.970
3.805
3.748
3.178
2.981
2.290
2.748
2.246
1.808
3.066
3.844
3.512
3.160
2.939
4.401
2.432
2.795
2.605
3.386
2.827
2.689
3.131
2.103
1.806
3.789
3.514
2.546
3.825
6.068
4.479
3.949
3.681
3.248
3.457
2.049
1.932
1.984
2.068
2.893
3.231
2.888
1.905
2.153
2.126
3.288
4.513
3.507
3.787
1.990
1.811
2.728
1.998
1.697
2.522
2.607
2.128
1.553
2.197
2.054
1.857
2.014
2.912
3.365
2.537
3.018
3.931
2.981
2.331
2.343
2.517
2.910
2.329
3.982
2.009
2.987
2.831
2.872
2.809
2.524
2.038
2.097
1.869
3.399
4.926
3.307
2.131
2.844
1.534
1.796
2.784
3.710
3.649
1.995
2.841
2.537
1.816
2.565
2.048
1.622
1.682
2.113
3.064
3.311
2.213
1.855
2.522
4.375
2.584
3.314
2.505
2.136
1.779
2.270
2.070
3.050
1.656
2.365
2.652
2.607
2.725
2.180
2.836
2.263
3.140
1.256
2.841
2.378
1.862
1.481
2.215
2.400
1.946
2.776
2.837
2.714
3.013
2.178
1.750
2.642
2.461
2.187
2.977
2.799
2.076
1.922
1.721
1.233
2.006
2.629
1.239
3.173
2.990
2.389
2.235
2.311
2.215
3.156
2.986
2.536
2.690
2.150
2.266
2.427
2.035
2.097
2.528
2.275
2.467
2.397
3.024
1.942
2.180
3.249
3.160
2.209
1.753
2.287
2.525
2.156
2.776
2.796
2.926
1.690
2.354
2.367
2.761
3.419
2.555
2.639
1.983
2.548
1.748
1.944
2.535
2.153
3.009
3.350
3.059
2.198
1.628
1.774
1.622
1.763
2.299
2.007
1.824
1.679
1.755
2.058
1.649
2.010
2.199
2.619
3.268
1.966
2.936
2.829
3.131
4.306
3.741
3.419
3.526
2.542
2.018
2.953
3.108
2.258
2.513
2.075
1.744
2.661
3.246
2.879
2.799
2.554
2.420
1.963
2.132
1.736
2.175
2.375
2.243
2.149
2.631
1.599
3.136
3.103
3.035
2.846
2.109
3.062
3.111
3.012
3.449
2.631
2.394
2.342
2.120
2.777
2.222
1.953
2.200
1.927
2.792
2.806
1.928
3.101
3.126
3.221
3.057
3.928
2.622
2.888
2.690
2.902
3.529
3.451
3.767
2.667
2.719
2.585
2.636
2.520
2.506
2.175
2.277
3.892
3.929
3.027
2.715
2.279
2.137
2.838
2.555
2.425
3.834
3.685
4.246
2.948
3.067
4.971
3.721
4.333
3.627
3.068
2.436
3.122
5.655
4.291
3.894
3.551
2.834
2.728
3.512
3.288
3.758
2.929
2.743
3.526
3.470
3.015
2.126
2.482
4.769
3.218
3.883
2.984
3.777
3.370
3.803
2.938
2.132
4.106
3.416
3.079
2.880
2.094
3.908
3.208
4.306
2.180
2.503
3.314
2.610
2.407
2.004
2.374
3.145
3.647
3.179
2.826
2.243
2.663
4.357
2.449
1.924
2.077
2.678
2.269
2.816
4.327
3.282
4.411
2.549
2.531
2.874
4.135
3.000
3.057
2.994
2.346
3.066
2.923
4.075
3.554
1.937
2.248
1.826
3.910
2.021
3.741
3.608
2.876
2.791
3.281
2.947
2.468
2.020
3.787
2.683
2.603
3.592
2.587
2.218
2.463
3.262
2.984
3.871
2.498
2.272
2.614
2.603
2.957
4.741
2.930
3.684
3.261
2.901
2.370
2.971
2.461
2.486
2.601
4.043
2.915
3.182
4.727
4.807
3.118
3.006
2.850
4.055
2.402
2.519
2.714
2.798
3.548
2.028
2.390
3.171
3.678
2.760
2.272
2.096
2.326
1.712
2.670
4.543
1.919
2.305
1.953
2.768
2.531
2.903
1.796
2.246
2.596
3.068
2.126
2.764
1.629
2.013
2.749
3.827
3.064
3.157
3.144
3.751
2.782
4.175
4.020
3.401
3.278
3.299
3.855
3.877
3.230
1.603
2.156
2.907
2.803
2.696
2.248
2.072
2.860
2.749
2.945
2.377
3.021
2.808
2.134
2.788
2.284
2.755
1.733
2.980
2.995
2.705
2.694
2.526
2.657
3.928
2.244
2.711
2.405
3.787
2.856
2.128
3.407
2.854
2.931
2.407
2.389
2.004
1.849
3.434
3.337
3.754
2.089
3.256
2.233
1.911
1.800
1.030
1.696
1.955
2.155
2.435
2.549
2.303
3.182
2.229
2.540
2.588
2.779
3.317
2.469
2.151
3.053
2.633
2.765
2.559
2.644
2.463
2.648
2.801
2.876
2.603
3.359
2.906
2.993
3.164
3.468
3.248
3.505
3.250
2.989
2.346
2.625
1.930
2.700
3.088
2.537
1.981
2.349
2.682
2.911
1.896
1.928
1.693
2.678
3.018
2.642
2.331
2.672
2.661
2.704
2.358
1.706
2.039
2.294
2.593
2.423
3.103
3.841
2.823
2.602
2.858
3.286
3.067
3.290
2.998
2.257
3.245
2.971
4.947
3.025
2.766
3.140
2.827
2.697
2.395
2.485
2.794
2.738
2.821
2.979
5.109
2.998
2.479
1.667
2.722
3.350
5.016
3.713
1.451
2.378
2.137
2.598
2.113
2.423
3.089
2.574
2.195
3.238
3.269
2.985
2.615
2.768
3.406
2.843
2.121
2.700
2.606
3.448
2.967
2.857
3.067
2.659
2.050
2.105
2.514
2.618
2.215
3.267
3.560
2.839
3.210
3.401
2.877
3.532
2.856
3.097
2.712
2.744
2.063
2.156
2.488
2.649
4.457
3.277
3.648
4.724
2.756
3.173
3.539
2.651
2.556
2.443
2.699
3.313
2.596
3.027
3.812
3.094
2.640
2.705
3.256
4.339
4.752
5.322
2.631
2.228
3.281
2.953
2.704
2.767
2.915
2.915
2.357
3.034
4.862
4.084
4.851
4.331
3.832
3.737
2.990
2.417
2.352
2.383
2.784
2.408
4.761
3.237
2.685
4.140
2.732
2.366
2.104
2.561
2.702
2.208
2.617
2.384
3.122
2.016
1.741
2.287
1.771
5.555
3.621
4.949
3.833
3.256
3.156
5.692
4.128
2.365
4.422
3.903
3.390
2.480
2.570
2.615
3.054
2.818
2.345
2.133
2.001
3.023
2.664
2.289
2.656
2.718
2.397
2.911
3.692
3.015
3.521
4.117
4.422
3.732
3.365
2.830
4.903
2.968
2.126
3.015
3.478
3.280
5.827
4.040
3.085
3.172
2.991
3.629
2.552
2.843
2.369
2.598
2.870
2.702
3.132
4.534
3.348
2.799
4.833
3.365
2.131
5.258
5.316
3.217
2.427
3.905
3.657
3.266
3.322
3.594
4.741
4.290
3.421
2.822
3.455
3.234
3.180
2.141
3.091
4.249
3.295
4.626
4.587
3.679
3.196
3.393
3.441
3.447
3.473
3.870
3.037
2.212
4.800
2.461
4.094
2.196
2.667
2.404
4.117
3.363
2.443
2.275
2.445
1.983
1.547
2.354
2.738
2.371
2.304
2.503
2.594
3.200
2.266
2.187
3.383
2.235
2.634
3.165
1.874
1.603
2.687
3.188
2.711
3.405
2.651
2.960
3.050
2.177
2.493
2.989
2.211
2.281
2.717
3.353
4.071
2.682
2.370
2.260
3.443
3.245
2.670
2.260
2.274
2.136
2.767
2.494
1.817
2.146
3.527
2.718
2.499
2.258
2.303
2.512
1.735
3.093
2.808
1.867
2.132
2.575
2.110
2.373
3.433
2.765
2.972
2.705
3.418
3.554
2.892
2.174
2.646
2.709
2.200
2.680
3.255
2.390
2.904
3.243
2.949
2.687
2.537
2.732
2.690
2.097
2.390
2.826
2.503
2.372
2.642
2.752
3.511
2.567
2.519
2.704
3.334
3.323
3.386
2.779
3.183
2.696
3.476
3.387
3.221
3.306
3.740
4.065
-99.00
3.407
3.385
4.168
3.138
2.926
2.997
2.957
3.299
2.997
2.793
2.848
2.350
2.075
3.064
3.620
2.622
3.395
3.214
2.773
1.651
4.334
2.833
2.313
2.076
3.122
2.842
3.255
2.262
2.377
1.990
3.308
3.090
2.978
3.012
2.922
2.767
3.129
3.691
4.248
2.645
4.085
3.345
2.608
1.780
2.380
2.628
1.998
2.248
2.293
2.399
3.581
2.451
2.736
3.016
3.074
2.628
3.056
2.078
3.154
3.630
2.766
2.824
2.925
2.590
2.867
1.999
2.155
2.907
3.693
2.873
3.275
3.877
3.139
2.349
2.167
1.590
2.241
1.780
2.758
2.674
3.102
2.985
3.115
3.531
3.236
2.912
2.303
2.820
2.899
3.625
2.235
3.499
2.617
2.650
2.897
3.584
2.766
4.116
3.070
3.645
4.822
5.051
6.478
7.056
3.581
3.490
2.743
3.083
2.967
2.426
2.735
2.316
3.034
2.909
3.082
2.859
2.819
2.783
2.115
2.544
2.709
3.669
3.036
3.693
2.453
2.824
4.141
3.907
3.751
2.951
2.696
3.293
2.424
2.159
3.551
3.824
3.808
2.977
4.953
3.467
2.511
2.622
2.707
3.079
3.521
2.570
3.420
3.166
3.584
3.510
3.842
3.502
4.145
3.799
2.793
3.085
2.412
2.830
3.146
3.928
4.803
4.009
4.476
2.720
5.422
6.363
5.535
5.449
3.600
2.508
4.212
3.674
3.173
2.635
4.399
3.646
2.717
2.897
2.992
3.963
4.625
3.502
3.180
3.039
2.861
2.189
3.667
4.430
3.569
2.749
2.660
1.492
2.672
3.160
3.784
2.503
1.727
2.475
2.326
2.765
2.447
2.821
2.591
2.040
1.942
2.271
3.838
-99.00
-99.00
-99.00
-99.00
-99.00
-99.00
-99.00
-99.00
2.208
3.332
3.026
2.571
2.153
3.714
2.209
2.761
2.801
3.092
2.820
1.877
2.042
2.303
3.548
2.172
1.782
2.828
1.921
1.872
1.437
1.455
1.728
2.162
3.187
1.829
3.090
3.647
3.457
3.310
2.975
2.492
3.639
2.596
2.160
2.555
3.141
3.490
3.212
3.455
4.138
3.682
4.067
4.214
3.853
2.509
2.068
2.052
1.437
1.564
2.309
3.184
3.253
3.901
4.274
4.072
3.541
4.401
2.672
2.948
2.605
2.712
2.343
1.351
2.153
1.588
2.237
4.152
1.919
2.135
2.586
2.997
3.268
2.726
3.256
3.842
2.975
2.023
1.834
2.715
3.415
2.043
2.523
2.905
2.531
4.155
2.483
2.051
1.798
3.092
2.606
2.468
3.520
3.204
2.875
2.779
3.524
2.843
2.925
2.550
2.170
2.869
3.028
2.740
2.801
2.842
3.236
2.981
3.050
2.697
2.037
1.941
2.350
2.210
2.219
1.590
2.318
1.667
2.329
2.261
2.665
1.608
2.175
2.650
3.416
3.885
3.522
2.944
2.820
3.759
2.509
2.584
2.459
2.340
3.310
2.725
2.128
2.158
1.956
2.628
2.479
2.417
1.829
1.157
2.664
2.301
2.046
2.386
2.696
3.177
2.018
1.989
2.007
2.000
2.558
2.273
2.631
2.023
2.819
3.089
3.109
3.342
3.342
2.706
2.871
1.959
2.822
2.679
2.382
2.499
3.003
3.481
2.689
2.623
2.547
2.690
3.231
3.124
3.765
2.025
1.981
2.171
1.802
2.835
3.354
3.744
3.096
3.112
3.059
3.401
3.667
3.336
3.849
2.779
3.413
3.871
3.349
2.424
1.846
2.772
1.737
2.786
3.138
3.040
4.062
4.479
2.984
2.683
3.705
3.609
2.560
4.230
2.472
2.826
3.191
3.988
4.452
1.866
2.710
2.731
2.706
3.195
2.643
2.985
2.603
2.789
3.875
2.550
1.622
2.846
2.549
2.282
2.929
2.248
2.776
3.054
2.692
4.086
3.694
3.621
3.171
3.016
4.735
2.822
4.923
2.908
2.526
3.080
2.598
3.610
3.379
4.377
3.461
3.374
4.017
3.144
3.971
5.878
3.142
3.222
4.149
3.400
2.461
2.664
2.822
2.514
3.297
3.482
3.846
3.493
3.444
3.891
3.872
2.428
5.717
3.461
2.246
2.614
3.374
3.900
3.490
4.406
3.866
4.763
2.986
2.236
2.445
2.300
2.294
3.144
2.794
3.592
3.704
3.293
4.261
4.203
2.926
2.665
4.254
1.985
2.416
2.928
3.138
3.345
2.813
1.882
1.572
1.923
2.866
2.740
3.767
4.371
3.763
4.128
2.507
2.027
2.142
2.791
2.314
3.396
3.695
4.783
3.839
2.338
2.330
2.396
2.543
3.622
2.739
2.850
2.477
2.836
2.538
2.200
3.034
2.613
1.917
3.454
3.633
3.948
2.330
3.073
3.203
4.008
4.927
3.851
4.722
4.198
2.846
4.079
2.570
4.199
3.181
4.061
3.078
3.482
2.957
2.669
3.070
2.639
2.073
2.447
2.574
2.316
2.990
2.140
2.087
3.017
3.633
3.527
3.060
3.644
3.443
3.021
3.368
3.749
2.505
3.456
2.802
1.649
1.984
2.653
2.418
2.677
1.404
3.171
2.368
2.239
2.676
2.141
2.233
2.693
3.457
2.837
3.463
1.854
3.526
3.236
3.921
2.251
2.962
2.193
2.012
2.011
2.612
3.088
2.563
2.453
2.781
2.934
2.363
2.651
2.196
2.728
2.663
2.383
2.211
2.556
2.569
2.576
2.912
2.998
2.621
1.912
2.541
2.460
3.063
3.123
3.547
3.234
3.067
2.196
2.693
3.363
3.606
2.240
1.961
1.991
1.954
1.874
2.179
2.457
2.811
3.664
4.169
3.163
3.916
3.281
2.521
3.596
3.692
2.575
2.422
1.635
1.735
3.110
1.987
2.626
1.932
2.212
3.125
1.838
2.895
2.703
3.183
2.169
1.589
2.614
2.352
3.339
2.799
3.066
3.237
2.539
1.723
2.197
2.426
2.780
2.616
2.025
2.055
2.807
1.984
1.330
2.426
1.469
1.686
1.612
2.829
1.667
2.805
1.781
1.797
2.664
2.235
2.188
2.373
2.319
2.511
2.213
2.522
3.165
2.153
2.162
3.322
1.996
2.136
2.159
2.596
2.205
2.266
2.408
2.190
1.336
2.370
1.745
2.861
1.712
2.345
4.371
2.485
2.667
2.309
1.874
2.323
2.806
3.619
2.352
3.024
2.610
3.446
2.913
2.708
2.519
1.965
2.275
2.791
2.150
2.351
3.494
2.413
2.131
2.285
1.809
2.636
3.319
3.117
2.786
2.856
2.576
2.452
1.868
2.302
2.513
2.493
2.423
1.231
2.038
3.063
2.808
2.077
3.119
3.509
2.725
1.640
3.163
1.673
1.758
2.433
1.687
2.775
3.584
4.213
3.114
3.212
3.529
2.625
1.767
2.615
2.610
1.696
1.608
2.450
3.502
2.911
3.262
2.421
3.408
2.349
3.012
3.663
3.543
2.706
2.137
2.647
3.150
3.594
2.839
2.313
3.269
3.943
3.968
1.845
2.262
2.599
3.427
2.690
2.999
3.005
3.124
3.159
2.112
4.790
3.315
3.388
2.805
3.714
3.507
2.626
2.452
3.206
3.046
2.616
2.342
1.933
2.194
3.840
2.752
2.809
3.369
3.133
3.040
2.544
2.411
2.932
2.289
2.918
2.912
3.316
3.074
4.363
2.937
2.838
3.494
4.094
3.246
3.170
2.544
3.175
2.880
1.885
3.106
2.493
3.825
4.262
2.564
2.872
3.823
1.695
3.132
3.511
3.928
4.213
4.329
3.382
4.231
4.393
4.568
3.410
3.174
3.243
2.988
3.133
3.506
4.442
4.966
3.853
3.455
3.246
3.086
3.572
4.680
3.738
3.831
6.562
2.980
2.552
2.531
3.735
5.568
4.536
2.775
4.278
3.999
3.463
4.637
3.700
3.497
2.851
2.528
2.742
3.124
3.488
3.070
3.598
2.924
3.235
2.590
1.538
2.307
2.406
3.813
3.731
3.253
2.341
3.320
2.383
2.253
4.082
2.842
4.544
2.777
2.627
2.878
2.086
2.741
3.323
2.608
2.777
4.114
2.462
2.515
2.811
2.923
3.035
3.056
2.151
2.895
3.341
2.738
1.815
2.799
2.780
2.422
2.250
2.601
3.291
4.526
2.779
2.482
3.219
3.281
2.969
1.944
3.913
3.959
2.641
3.071
3.905
3.857
3.026
2.510
2.386
2.942
3.241
3.776
3.111
2.001
2.768
2.622
2.477
2.679
3.559
2.837
2.103
2.135
2.423
2.975
4.356
3.482
3.662
2.386
2.684
2.717
4.159
2.574
3.289
3.324
3.679
3.629
2.719
2.417
3.072
2.742
3.979
1.644
1.996
2.590
2.417
2.368
3.371
2.401
2.401
2.881
3.147
3.851
1.960
2.148
1.969
2.280
2.755
2.864
2.791
2.393
2.575
2.205
5.242
3.293
2.545
2.404
2.696
3.125
2.394
2.214
2.371
1.621
1.780
1.927
3.077
3.623
2.908
3.393
2.477
1.647
2.197
2.606
3.030
1.839
2.002
3.058
3.280
2.581
2.695
2.403
2.234
2.467
2.456
3.551
4.327
1.793
1.965
2.015
2.393
1.994
2.198
2.403
1.908
2.758
2.178
2.170
1.804
2.786
2.929
3.659
3.022
2.718
2.511
2.652
3.402
2.933
3.412
3.646
2.345
2.746
1.652
1.793
3.182
2.684
2.593
2.696
2.604
2.372
2.182
2.205
3.027
1.961
2.311
2.369
2.656
1.718
2.545
2.256
2.113
2.637
2.024
2.089
2.309
2.302
1.978
2.706
2.877
2.078
2.522
2.165
1.604
1.785
2.368
2.551
2.713
4.062
3.077
2.956
4.118
2.821
3.179
4.330
1.686
2.856
2.288
2.918
2.769
2.229
2.759
2.804
2.372
2.698
3.706
3.550
3.059
2.929
4.014
3.301
1.841
3.047
2.863
2.887
2.715
2.927
3.308
3.514
3.538
3.290
4.201
3.542
2.936
3.778
3.241
4.410
3.438
3.590
3.786
2.122
1.931
3.232
3.673
3.037
2.887
3.495
3.713
2.824
2.803
3.796
2.872
2.456
2.395
2.910
4.401
3.219
3.377
3.368
4.824
3.041
3.854
3.375
2.861
3.609
3.083
3.553
2.715
2.573
3.696
3.044
3.099
3.926
4.314
4.670
4.724
3.177
2.568
2.849
3.381
2.879
3.097
2.964
3.623
3.342
3.016
2.239
2.984
2.005
2.230
2.303
2.735
3.910
3.124
4.376
3.586
3.845
2.497
2.710
4.097
1.248
1.598
2.274
3.471
2.397
2.367
2.719
3.026
1.867
2.766
3.482
4.315
3.397
3.198
3.717
5.031
3.493
2.877
4.640
4.859
4.277
3.778
5.174
3.359
2.259
3.655
2.918
3.072
2.983
2.686
2.137
1.942
2.203
2.975
4.603
5.427
2.869
4.191
4.309
3.124
3.980
3.476
2.775
2.173
1.769
2.561
2.961
3.971
2.779
2.632
3.047
2.265
3.136
2.706
1.824
1.938
3.429
4.333
3.098
2.206
1.784
2.768
2.810
3.467
2.342
2.559
2.169
2.129
4.506
4.084
5.063
3.888
3.321
4.055
3.552
2.627
3.599
2.846
2.703
1.998
2.790
3.408
3.461
3.185
3.223
3.032
1.904
2.521
2.535
3.172
2.933
3.079
2.479
3.081
3.398
2.468
3.102
2.052
1.480
3.414
3.221
5.017
3.589
3.458
2.773
3.242
2.698
2.509
3.681
2.809
2.970
2.299
2.821
2.559
2.916
2.889
2.024
1.982
3.051
3.921
2.299
2.128
2.106
2.139
4.748
3.309
2.272
2.261
1.841
1.639
1.546
1.823
2.591
0.871
2.756
2.135
1.468
2.495
1.839
2.245
1.741
1.934
2.735
2.990
2.459
2.367
3.025
2.557
3.298
1.853
1.503
1.414
3.040
1.864
2.052
1.347
1.473
1.676
2.328
1.881
2.034
1.959
1.243
1.650
1.665
1.595
3.051
2.419
2.182
2.821
2.633
3.093
3.279
3.397
2.389
1.997
2.787
2.090
2.205
1.525
1.617
1.714
1.721
2.276
1.619
1.895
1.624
1.851
2.925
2.991
3.378
3.316
3.167
3.509
2.066
1.966
2.033
2.201
2.683
1.636
2.257
1.885
2.392
2.090
2.772
2.545
3.563
2.640
2.291
2.188
2.332
1.290
2.744
2.634
2.975
1.530
1.871
1.306
2.452
2.711
2.841
2.325
2.251
3.054
3.813
1.932
3.202
2.675
2.723
2.403
2.625
3.328
2.775
1.684
2.461
2.412
3.335
2.614
2.510
2.122
2.542
2.875
3.571
2.971
2.395
1.929
2.962
1.870
2.535
3.446
1.983
2.849
3.406
2.690
3.880
2.162
3.217
2.403
2.521
1.857
2.199
2.511
1.958
1.878
1.626
1.984
2.070
2.657
2.427
1.658
1.901
2.029
1.817
2.444
2.257
2.353
3.143
3.530
2.633
2.155
2.765
2.941
4.159
2.528
2.157
2.193
1.910
3.823
2.253
2.885
2.317
3.734
2.683
2.637
3.556
3.195
3.387
2.484
2.625
2.567
2.852
3.711
4.049
3.034
2.684
2.298
3.764
3.007
3.180
3.227
3.637
2.816
2.311
3.059
3.338
2.727
2.710
2.874
1.904
1.858
1.933
1.559
2.367
3.162
2.616
3.635
3.583
3.322
2.518
2.996
2.051
1.940
2.001
3.129
2.762
3.608
3.438
3.517
4.289
4.072
2.896
4.143
3.490
3.461
2.818
3.122
2.560
2.759
3.224
3.461
2.821
4.251
3.341
3.696
3.488
4.560
3.999
3.335
3.713
3.489
3.154
2.897
2.867
2.436
1.795
2.101
4.269
3.357
4.426
3.403
3.001
3.106
2.133
2.871
2.506
2.167
2.868
1.897
1.814
2.516
3.058
1.771
2.025
2.346
2.381
3.846
2.424
2.286
2.680
2.520
3.820
3.012
4.173
3.901
2.765
2.613
2.741
2.602
3.001
2.572
2.420
2.645
2.568
2.099
3.530
2.567
2.338
3.906
3.515
2.726
2.135
3.120
2.528
3.631
5.024
2.184
2.736
3.493
4.207
3.418
3.406
4.656
4.133
2.487
3.325
2.393
1.878
2.298
3.087
1.706
3.063
4.451
4.026
3.769
4.930
3.808
3.548
2.792
2.818
3.854
4.227
1.942
2.014
2.093
3.329
4.190
5.100
2.564
2.771
3.161
2.223
3.073
2.975
2.671
3.563
3.471
1.834
3.317
2.398
2.213
1.542
1.899
2.553
2.123
2.320
3.090
2.839
3.016
2.838
5.056
4.281
2.255
1.368
2.513
3.213
1.912
3.375
3.326
4.464
3.031
2.430
2.837
2.674
2.481
2.434
1.415
2.344
2.389
1.644
3.066
2.709
2.003
2.211
2.319
1.523
3.297
2.371
1.839
2.908
2.684
1.996
2.018
4.141
2.434
2.505
2.074
2.892
3.175
2.599
3.324
2.050
1.524
2.219
3.860
3.429
2.312
2.290
1.827
2.505
1.924
1.045
3.672
2.759
1.359
1.895
2.088
2.677
2.297
2.559
1.753
2.999
2.673
1.786
2.297
2.102
3.009
2.910
3.162
2.267
1.744
3.429
2.366
2.796
2.458
3.703
3.026
2.933
3.069
2.566
2.756
1.775
1.398
1.653
1.722
1.876
2.283
3.702
2.975
2.758
3.104
2.732
2.594
3.268
2.073
2.052
2.186
2.659
2.128
2.247
2.939
2.516
2.647
2.405
2.962
1.720
2.500
1.859
2.477
2.411
2.158
2.625
2.863
2.370
1.986
2.430
2.803
3.591
2.599
2.204
2.258
2.771
2.347
2.064
2.475
2.765
2.527
2.915
3.687
3.434
2.866
1.532
2.556
2.308
2.275
1.654
2.326
2.104
1.786
2.615
2.192
2.122
2.724
1.713
1.175
1.461
1.980
1.813
2.246
2.784
4.228
3.568
4.650
3.434
2.545
2.808
2.731
2.839
2.815
2.531
2.477
2.422
2.691
2.856
2.091
3.099
1.794
2.854
2.706
2.505
3.051
2.804
2.020
2.318
2.315
2.303
2.523
2.577
3.473
3.546
2.784
2.896
3.796
2.716
3.202
2.598
2.845
3.284
3.338
3.300
2.291
2.456
2.290
2.766
2.998
3.571
2.485
2.739
2.611
2.524
2.591
2.647
1.452
2.035
2.626
3.545
4.441
3.633
3.044
2.401
2.486
3.636
3.154
3.808
3.348
2.068
3.520
2.363
3.980
2.077
2.496
3.123
3.542
3.458
2.550
2.042
2.985
5.568
4.053
2.908
2.198
2.219
3.504
2.116
2.100
4.174
3.703
4.184
2.277
2.620
3.335
2.748
4.158
3.659
3.890
3.367
2.773
2.723
2.052
3.446
3.706
2.838
1.871
3.109
3.269
2.942
3.327
2.818
3.669
4.783
1.483
2.014
2.607
2.943
4.235
3.594
3.461
2.960
3.437
2.773
2.591
3.362
2.910
3.006
3.207
3.699
4.057
2.201
2.232
2.974
2.034
1.911
2.382
2.309
2.067
3.128
2.548
2.351
2.383
2.287
3.567
3.347
1.876
2.025
3.595
2.544
2.442
2.251
2.270
1.904
2.120
2.849
3.077
2.348
4.382
3.185
4.919
3.830
2.268
2.512
3.750
5.703
2.605
3.512
2.609
1.898
2.900
3.124
2.229
2.923
2.581
1.806
3.294
3.653
2.981
3.842
3.279
2.463
2.936
2.410
3.011
2.902
2.646
2.858
3.425
3.409
2.382
2.203
2.709
4.267
3.165
3.944
3.739
3.027
2.133
1.801
1.877
2.037
2.339
2.372
4.096
3.556
2.248
1.966
1.782
2.233
1.702
1.632
1.222
2.060
3.254
3.062
1.894
2.705
3.259
2.435
2.333
2.505
2.509
2.263
2.150
2.382
2.323
3.221
3.371
2.620
2.390
2.798
2.016
2.549
2.944
1.920
2.906
2.977
3.194
3.310
2.400
1.874
1.577
2.041
2.062
2.049
2.359
2.866
4.686
4.725
4.173
2.934
2.217
2.142
3.147
2.367
2.174
2.708
2.861
2.811
2.202
2.570
2.106
2.300
2.072
2.450
2.491
2.446
1.974
2.095
1.947
2.276
3.016
2.111
1.957
3.450
3.287
2.738
4.200
3.989
3.856
3.445
1.866
2.165
2.531
2.469
2.477
1.748
2.995
3.546
2.826
3.879
2.370
1.948
2.520
1.865
2.101
3.079
2.727
3.414
2.270
3.160
2.843
2.004
1.788
2.348
2.533
2.560
2.447
2.722
1.743
2.400
3.274
2.551
2.485
1.955
1.359
1.382
1.965
3.279
2.546
2.130
2.782
2.795
2.409
2.738
2.398
2.508
1.665
2.051
2.116
3.628
1.822
2.229
2.933
2.092
1.646
2.549
2.162
1.792
2.041
1.969
3.070
4.026
3.096
3.121
3.008
2.686
2.070
1.526
2.337
3.319
2.520
2.155
2.066
2.550
4.419
3.389
2.263
2.776
2.272
2.230
2.678
3.412
2.590
1.862
1.798
2.544
2.394
3.089
2.558
2.344
2.445
1.520
2.132
2.917
3.385
3.241
2.239
2.415
2.351
1.755
1.782
1.942
3.398
3.222
2.812
2.381
3.769
2.230
2.545
3.194
2.438
1.997
2.254
2.990
2.607
3.041
2.452
2.173
3.669
2.888
2.527
2.090
2.202
3.011
2.564
2.790
2.429
2.730
2.508
2.791
2.419
1.874
3.844
2.530
2.837
2.867
3.348
4.915
2.763
3.117
3.285
1.845
2.792
2.523
2.635
2.538
2.422
2.788
1.591
2.029
3.680
3.558
4.248
2.496
4.006
3.253
2.483
2.803
2.608
3.545
3.003
2.165
2.172
1.914
2.277
3.243
3.681
1.935
1.714
2.802
2.361
1.560
2.243
1.836
2.000
2.229
2.769
4.488
4.501
2.714
3.550
4.044
3.269
3.123
1.874
2.387
2.916
3.204
2.905
4.256
3.988
2.530
2.885
3.014
3.452
3.046
3.879
2.630
2.692
2.491
5.712
3.280
2.432
2.219
5.512
3.393
3.474
3.874
2.010
3.641
2.870
3.336
4.514
2.606
2.931
1.859
3.173
2.642
3.087
3.664
3.519
3.135
3.581
3.678
3.947
3.682
2.760
3.306
2.772
2.876
3.051
3.331
3.264
2.109
2.531
2.970
3.301
3.320
2.601
2.603
3.160
2.097
2.459
3.384
1.832
1.471
2.188
3.146
2.362
2.294
2.947
2.204
2.368
1.925
3.415
4.069
2.629
2.656
2.228
2.580
2.916
2.774
2.827
2.587
3.090
2.727
4.501
2.247
2.445
2.216
3.038
3.752
1.999
3.338
5.050
3.426
1.925
2.521
2.772
3.406
2.633
3.691
3.161
3.114
2.290
1.613
2.029
2.003
1.711
1.986
1.296
2.472
4.047
2.932
3.393
3.020
3.410
3.449
2.207
2.390
2.933
2.455
1.689
1.909
4.601
3.250
2.362
3.855
3.701
2.534
2.209
2.316
2.306
4.099
2.947
2.593
1.701
1.842
2.311
2.434
4.232
3.967
2.417
2.930
3.247
3.038
2.262
2.315
2.881
2.698
2.663
2.403
2.587
2.398
3.121
2.245
2.773
2.997
3.054
2.719
2.639
3.009
2.469
2.124
1.259
1.895
2.173
1.658
1.900
1.851
2.026
1.882
1.961
3.123
4.459
2.351
3.737
2.722
2.271
4.008
2.842
2.624
2.298
3.112
2.069
2.310
2.430
2.394
2.536
3.686
2.802
1.751
2.076
2.656
2.496
2.446
2.104
1.871
1.842
1.591
2.027
2.523
2.096
4.247
2.788
3.340
4.105
3.551
2.301
1.972
2.737
3.750
3.016
2.397
1.507
1.784
2.174
2.732
3.176
1.628
1.938
2.058
3.125
3.357
2.275
2.567
3.745
4.491
4.817
2.971
2.293
1.989
1.930
2.711
2.678
2.179
2.291
2.392
3.441
3.175
2.530
3.344
3.969
2.585
3.971
2.836
4.257
3.837
1.910
2.670
3.288
3.073
2.623
2.115
2.542
3.328
2.382
2.798
3.304
3.531
3.208
3.092
2.214
1.866
1.878
2.913
2.574
2.428
2.799
1.964
1.957
1.654
2.474
3.654
2.511
2.298
2.361
2.162
1.957
3.104
3.233
3.090
2.145
2.037
2.088
2.500
1.923
2.221
1.859
2.512
2.835
3.703
2.553
2.775
2.726
2.187
3.579
2.045
3.159
2.811
2.279
2.552
3.539
3.458
3.228
1.428
1.592
2.209
2.125
2.234
2.585
3.214
3.628
4.174
2.540
2.291
3.087
2.189
2.699
3.453
2.902
2.115
2.502
3.563
1.896
2.798
2.403
1.951
1.938
3.531
3.077
3.944
2.786
2.430
2.606
2.393
1.961
2.073
3.138
3.797
2.980
2.908
3.415
3.319
3.300
3.211
2.655
1.792
2.048
3.133
2.986
3.361
4.972
3.472
3.310
2.772
3.172
2.563
3.108
3.127
2.816
3.601
3.440
3.391
3.406
3.434
3.906
2.266
2.244
3.389
2.483
1.598
3.015
4.759
4.078
2.921
3.103
2.525
2.069
2.426
3.856
2.232
3.145
3.696
3.261
3.190
3.423
3.082
4.099
2.031
1.875
4.301
3.441
4.044
2.663
2.504
2.171
1.984
2.399
1.965
2.328
1.899
2.747
5.244
3.787
2.287
1.550
3.098
2.794
3.253
3.089
5.674
5.108
2.441
4.897
4.328
3.177
1.609
2.604
2.214
2.748
1.814
1.573
2.719
1.775
3.427
3.522
2.831
2.503
2.079
2.199
1.920
2.546
2.734
1.897
3.148
2.601
3.886
5.540
3.571
3.596
5.228
3.189
2.499
2.133
1.955
2.107
3.143
3.663
2.136
2.981
2.451
2.716
2.091
3.426
2.350
2.292
2.707
5.240
2.409
4.005
4.308
3.624
2.126
2.685
1.627
2.615
4.021
2.683
2.734
2.743
2.204
2.848
2.235
2.779
3.100
3.548
3.083
3.546
3.123
2.916
2.554
3.059
3.127
2.836
2.428
2.599
2.827
3.447
2.660
4.278
3.767
2.967
2.724
2.207
3.474
3.620
2.637
2.173
2.440
2.494
3.369
2.618
2.782
3.041
3.425
2.723
3.130
3.098
3.151
1.985
1.742
1.718
2.498
3.895
4.109
2.513
2.973
2.451
1.663
1.955
3.447
1.751
2.359
2.154
2.091
1.892
1.943
1.999
3.644
3.292
2.039
2.012
2.067
2.648
2.244
2.388
2.782
3.248
3.443
2.578
2.994
2.172
3.146
2.357
2.166
2.521
2.856
2.422
2.378
3.067
3.681
3.157
3.716
3.504
2.688
3.106
2.013
2.214
2.833
3.364
2.993
1.546
2.580
2.950
2.468
2.633
2.478
2.002
2.999
2.093
1.731
1.908
2.825
1.927
2.880
2.549
2.256
2.124
2.283
1.634
2.080
2.219
2.606
3.286
3.611
2.659
2.150
3.327
2.515
2.495
2.494
1.538
3.626
2.974
2.770
3.201
2.584
1.699
2.266
1.884
2.325
2.863
2.913
2.547
2.524
2.376
2.421
2.550
2.745
3.347
3.660
2.743
2.294
2.937
1.907
2.001
4.302
2.102
2.049
2.207
2.107
2.631
3.240
2.264
2.859
1.835
1.884
2.901
2.773
2.514
1.901
1.687
2.023
1.873
1.489
2.442
2.960
2.138
2.954
3.143
3.865
3.475
4.117
3.054
2.704
2.831
3.618
3.113
3.177
2.317
1.873
2.019
2.632
2.399
1.703
2.362
1.920
2.670
3.134
3.183
2.393
2.371
2.170
3.125
3.088
3.511
2.603
3.082
3.108
3.561
3.410
3.566
2.825
2.965
2.923
2.526
2.386
2.075
1.848
1.715
2.941
3.013
4.046
3.685
3.490
3.073
2.816
2.800
2.633
3.377
4.586
3.055
3.447
2.894
2.410
2.203
3.700
2.464
2.086
2.066
1.744
2.346
2.177
3.073
3.266
2.275
2.782
3.254
3.904
2.348
2.463
3.747
2.372
2.678
3.905
3.340
3.646
4.040
2.062
3.367
3.080
2.757
3.436
3.741
2.690
3.027
3.262
3.305
5.077
3.666
3.203
3.191
5.002
3.451
3.921
2.494
3.263
4.669
3.215
3.029
2.129
2.238
2.696
2.537
2.364
1.871
2.854
2.863
3.113
2.721
3.705
3.397
2.926
2.383
4.283
3.552
4.250
3.542
2.529
3.436
2.439
2.382
2.340
2.076
2.336
2.438
2.022
2.165
2.831
2.186
3.005
2.639
3.806
5.190
2.667
2.928
3.519
3.190
2.411
1.497
3.275
4.130
2.647
2.195
2.159
2.663
3.243
3.570
3.758
2.797
1.474
2.070
2.444
2.903
3.457
3.055
3.010
3.155
3.220
4.177
4.078
5.500
4.687
4.343
4.693
3.556
2.968
3.406
4.825
6.743
3.868
5.873
5.803
4.798
2.340
2.549
3.016
2.414
2.134
3.335
2.635
2.435
2.194
3.143
3.124
2.952
3.005
3.595
3.649
3.007
2.327
3.758
4.905
3.754
3.388
2.970
1.748
1.917
3.407
3.272
3.131
3.733
3.543
1.516
2.374
1.778
2.342
2.591
2.552
2.543
2.228
1.786
1.910
2.211
2.483
2.502
1.949
1.838
2.938
2.653
2.119
2.528
2.977
2.646
3.255
2.126
2.846
3.278
3.081
2.114
2.721
2.839
3.032
2.949
2.823
2.153
2.744
2.142
2.143
3.172
4.253
2.355
3.858
3.260
3.039
2.855
1.817
1.889
3.301
2.544
1.761
2.694
2.277
2.288
2.040
2.324
1.589
1.742
2.571
2.610
2.058
2.594
2.212
1.980
1.731
3.598
2.633
1.832
2.406
2.677
2.672
1.885
2.408
2.409
2.975
3.785
3.389
2.485
3.205
3.054
2.103
3.243
2.947
2.327
2.939
3.356
3.513
3.082
3.288
4.453
2.997
3.093
2.738
2.059
2.750
2.670
2.201
3.462
2.778
2.266
3.078
3.739
1.923
2.434
2.488
2.945
3.140
3.435
2.921
3.111
3.415
2.771
2.749
3.873
2.039
2.607
2.107
2.431
4.038
3.229
3.760
3.028
2.230
2.311
2.870
2.272
2.833
2.629
2.231
2.570
1.914
1.901
1.652
2.612
2.292
2.072
2.218
2.788
2.340
2.024
1.958
2.411
2.543
2.303
2.793
1.890
2.459
3.130
2.892
3.823
2.586
2.594
3.157
4.341
2.668
2.519
2.351
1.603
1.523
2.229
2.014
1.862
2.513
2.698
2.407
3.464
3.238
4.323
2.996
2.717
2.735
2.416
3.015
2.652
2.727
3.100
2.449
3.260
3.824
2.274
2.482
4.413
3.162
3.478
3.110
2.544
2.260
1.691
2.398
1.757
2.357
1.563
2.147
3.098
3.200
3.315
2.930
3.346
2.132
2.637
2.485
2.764
2.895
1.618
1.503
1.852
1.935
2.914
2.227
3.158
2.834
2.481
2.877
3.290
2.538
2.225
3.462
3.447
4.235
2.691
2.248
2.592
2.212
3.857
2.640
2.678
3.216
3.638
3.249
2.269
2.402
2.553
1.922
2.485
2.818
3.438
4.918
1.735
2.128
5.586
6.325
4.811
3.638
2.984
2.425
3.004
3.920
4.568
2.905
2.196
3.810
3.415
4.732
5.202
2.988
5.140
3.649
2.815
3.238
2.935
3.259
3.645
2.247
2.554
2.514
2.894
2.933
4.520
4.179
2.861
2.741
3.408
3.242
2.482
3.740
3.690
3.280
3.957
4.200
4.198
3.427
3.070
3.110
2.885
3.388
2.388
4.732
3.948
3.266
3.388
3.521
3.080
2.988
1.769
3.437
2.730
3.464
5.042
4.997
3.451
3.982
4.508
3.861
5.582
3.528
2.920
1.818
2.610
2.051
2.696
2.813
2.000
2.715
2.769
2.666
3.012
4.029
2.409
2.906
2.583
2.404
3.143
2.169
2.017
3.337
3.940
4.060
4.302
2.820
1.928
1.770
2.070
2.578
3.420
3.085
2.998
2.571
3.059
2.894
2.732
3.974
3.417
3.194
3.287
3.532
3.514
6.793
5.397
2.957
3.474
3.899
4.373
3.238
3.244
2.966
2.114
3.227
3.608
2.678
2.901
3.670
3.223
3.173
3.993
2.400
3.523
2.663
3.816
4.370
3.483
2.665
2.042
1.874
2.879
2.584
2.936
2.248
2.354
2.565
2.951
2.575
1.975
1.965
2.422
2.274
2.307
2.183
1.999
2.634
2.283
1.632
2.745
1.884
1.940
3.248
2.671
2.384
2.166
2.941
2.447
3.422
2.989
2.373
2.862
3.079
2.978
3.032
3.928
3.423
2.751
4.303
3.105
3.677
2.100
2.179
2.044
2.043
2.244
3.277
1.802
2.630
2.470
2.169
2.126
2.517
2.674
2.438
3.356
2.948
3.265
2.268
1.585
1.697
2.152
2.351
3.080
2.141
2.958
2.797
3.356
1.836
2.795
2.905
3.079
2.452
3.434
2.830
2.872
2.655
3.139
3.813
2.773
2.437
2.455
2.598
2.355
2.773
4.120
2.455
2.519
2.256
2.215
2.879
2.747
1.901
2.790
2.926
3.196
2.358
2.548
2.818
2.442
3.053
2.748
1.276
2.539
2.256
2.473
2.487
2.332
1.755
1.339
1.908
2.697
2.862
2.948
2.526
1.773
2.683
3.912
2.279
2.444
1.964
2.199
3.080
2.875
2.637
3.348
1.490
2.462
2.139
1.921
2.696
2.214
3.241
3.417
2.181
2.721
2.856
1.983
1.926
1.894
2.087
2.872
3.164
2.357
2.430
3.482
2.911
3.224
3.582
3.365
2.539
2.713
2.262
1.738
1.901
1.659
2.058
2.517
3.112
2.249
1.895
2.178
2.292
2.261
2.699
2.154
2.433
2.297
2.783
2.624
2.115
2.101
2.142
2.455
2.955
2.790
2.012
2.110
3.006
3.062
3.345
2.784
2.199
2.173
2.332
2.245
2.496
2.548
2.502
3.148
1.924
1.891
1.978
2.761
2.802
2.716
3.636
3.505
4.076
3.553
2.422
2.865
2.859
2.121
2.023
2.578
2.652
3.314
3.824
2.666
4.110
3.899
2.688
3.787
3.899
3.908
3.984
3.302
2.739
3.412
3.329
4.881
3.697
3.564
2.388
2.710
3.085
2.857
2.051
3.058
2.835
3.296
3.665
2.787
3.143
4.640
4.114
3.770
3.105
4.078
3.300
3.436
3.048
2.842
3.396
2.536
2.642
3.188
2.784
3.200
3.659
2.827
2.407
3.985
2.851
2.005
2.468
2.041
2.408
2.293
2.732
2.791
4.177
4.178
3.509
3.505
3.758
2.755
2.609
2.953
3.453
3.092
2.979
2.721
4.327
3.405
3.790
3.178
3.199
2.328
2.608
2.572
3.287
2.129
2.372
2.974
3.025
3.320
4.232
3.220
2.602
2.981
3.069
2.657
3.782
3.438
3.475
3.974
2.975
2.834
3.448
3.492
2.782
2.085
2.450
2.332
2.210
3.534
2.516
2.302
2.722
3.061
3.256
2.697
3.505
4.532
3.679
3.624
5.145
4.124
3.253
5.548
3.227
3.632
3.746
2.466
3.338
3.411
4.753
3.536
3.103
2.371
1.949
2.954
3.438
2.772
2.051
2.342
3.367
3.136
2.807
3.404
4.133
2.966
2.810
2.620
2.792
2.495
2.486
2.264
3.625
2.350
2.690
3.502
2.994
3.069
4.312
4.488
4.090
3.148
2.888
4.071
3.629
4.355
3.602
4.100
3.263
3.859
2.963
2.912
2.854
3.038
3.139
3.470
2.945
2.654
3.286
3.309
2.513
3.471
2.713
2.392
2.527
3.304
3.821
5.150
3.528
3.970
4.786
3.252
2.558
4.220
4.076
1.567
1.596
2.265
2.291
2.159
2.189
1.997
1.608
3.355
2.704
2.797
2.288
2.441
2.423
2.456
2.398
2.116
1.942
1.989
2.047
1.910
2.022
2.545
2.487
3.141
3.148
4.014
2.909
2.677
2.375
1.656
2.375
1.829
2.190
2.630
2.494
2.806
2.655
2.411
2.434
1.963
2.889
2.262
2.085
1.915
2.929
2.931
2.386
2.147
3.110
2.697
2.989
2.494
2.652
2.607
3.755
4.609
3.155
3.031
2.723
3.304
3.653
3.741
3.106
2.670
2.707
2.984
3.348
2.691
2.847
3.088
3.497
4.176
2.434
3.367
3.708
2.460
3.387
3.141
3.631
3.526
1.761
3.831
3.975
2.713
3.011
2.779
2.752
3.363
2.472
2.184
1.803
2.220
3.332
3.150
3.257
2.947
3.170
2.674
4.429
2.342
3.479
2.495
1.975
2.465
1.827
2.499
3.165
2.120
1.947
1.785
2.104
2.614
2.430
2.866
2.264
2.249
2.828
3.198
2.951
3.075
3.416
3.104
2.470
2.892
2.347
2.938
2.881
3.375
3.348
2.964
2.429
2.832
2.315
1.736
2.137
2.442
2.200
2.762
3.725
3.107
3.447
2.386
2.725
2.704
2.768
2.303
2.271
1.990
1.764
1.789
2.815
2.559
3.937
3.381
2.171
1.889
2.271
4.223
2.312
2.923
2.426
2.194
4.323
3.380
3.831
4.305
4.235
3.651
3.101
2.786
2.633
2.182
2.380
1.788
4.898
2.063
2.276
2.782
3.248
2.841
2.624
2.938
3.225
3.126
3.406
2.815
4.941
3.732
3.355
2.171
2.206
1.769
2.633
3.425
2.993
4.073
3.414
4.598
4.569
3.694
2.669
2.163
2.452
3.093
3.455
3.017
3.818
3.643
3.151
2.737
1.891
5.384
3.470
3.367
2.240
3.675
3.667
3.544
2.739
3.537
3.787
3.095
3.194
3.008
3.303
3.004
4.285
3.124
2.880
2.027
3.215
3.209
3.884
3.023
3.239
3.077
3.167
5.382
4.016
3.606
3.578
3.879
3.859
3.270
3.293
3.172
2.243
3.242
2.762
2.998
2.581
3.691
3.438
3.450
3.781
3.118
3.113
3.448
3.955
2.801
2.374
2.909
5.005
3.615
2.915
3.418
3.041
2.478
3.167
2.991
3.558
3.189
3.533
4.263
3.337
4.084
3.610
3.125
2.896
2.751
3.312
3.100
2.490
3.483
3.036
2.229
2.666
2.577
2.527
4.079
3.726
3.283
2.632
3.455
3.591
3.024
2.614
3.024
2.925
4.846
3.505
2.659
2.104
2.710
2.923
2.745
3.256
5.474
5.141
4.967
3.726
3.145
1.768
2.343
2.583
3.209
3.735
3.094
3.500
2.172
2.587
2.144
2.458
2.885
1.803
2.048
2.634
2.628
3.612
2.696
2.037
2.864
2.811
2.415
2.725
6.276
2.172
2.447
3.145
2.800
3.483
5.185
5.308
3.402
4.389
2.678
2.029
2.869
2.536
3.007
3.183
2.207
3.327
2.915
3.590
2.596
2.292
2.233
2.545
2.193
1.989
2.022
2.209
1.982
2.560
3.047
3.374
2.230
1.890
3.442
3.645
2.734
2.678
1.855
2.288
2.039
1.873
1.925
1.933
2.441
2.644
2.429
2.392
3.419
3.239
4.153
3.229
2.180
2.849
2.172
2.328
3.136
1.917
1.855
1.945
1.540
1.955
1.906
1.823
1.939
2.667
2.983
2.193
2.107
1.994
2.085
2.123
3.513
3.056
1.727
1.596
1.903
2.691
1.944
2.807
3.687
3.957
2.104
2.511
2.556
3.167
2.466
2.077
2.060
2.176
2.394
1.913
2.130
2.625
2.274
2.616
2.480
1.901
1.953
1.892
2.491
1.723
1.633
1.964
2.460
1.637
1.734
1.789
1.634
1.769
1.873
2.278
2.841
2.239
2.542
2.376
1.785
2.859
3.149
1.987
2.945
3.453
2.238
2.346
2.673
3.137
2.739
2.406
2.315
1.938
2.534
2.205
2.877
1.871
2.425
2.088
1.866
2.202
2.419
2.396
2.062
1.968
2.271
2.705
2.991
2.047
1.529
2.109
3.499
2.066
1.701
1.811
1.460
2.015
2.672
2.294
2.812
3.332
2.512
1.731
1.540
3.000
2.230
3.177
2.338
2.153
2.611
2.891
2.853
2.455
2.628
2.799
2.855
2.307
2.013
2.151
2.298
3.189
2.531
2.593
2.278
2.597
2.549
2.098
1.814
2.631
2.910
3.978
3.012
1.542
1.701
1.734
2.872
2.630
3.274
2.187
2.659
2.532
2.705
2.953
2.827
2.399
2.246
2.708
1.678
2.077
2.524
2.403
2.056
2.764
2.499
1.945
3.446
2.635
2.741
2.746
3.513
2.207
2.251
3.204
1.620
1.719
1.778
2.977
3.565
2.771
3.117
2.987
2.317
4.827
3.275
2.888
3.271
2.428
1.829
2.357
2.957
2.527
3.283
3.875
3.536
3.834
3.708
2.631
2.408
2.276
3.579
4.471
3.566
2.034
1.976
3.186
3.326
2.560
2.451
2.417
4.391
3.471
2.464
4.216
3.868
2.318
2.394
3.578
4.934
2.614
2.194
3.052
2.971
3.686
4.223
3.025
2.429
2.722
2.157
2.936
3.430
3.385
5.162
4.574
3.140
3.473
3.012
4.433
2.144
2.130
2.115
2.901
4.397
3.017
1.796
2.041
2.472
1.876
2.308
2.654
3.808
3.081
3.778
2.238
2.681
2.338
2.900
1.847
3.983
3.745
2.599
3.156
3.741
3.222
3.068
2.597
2.502
3.009
3.077
3.685
2.655
2.934
3.330
4.072
1.584
3.797
2.420
3.315
3.633
3.694
2.931
2.616
2.202
2.960
3.366
2.527
2.815
3.106
2.844
2.482
3.296
4.677
2.471
2.915
3.731
2.996
5.143
3.218
3.499
3.980
4.086
3.715
3.590
4.451
3.063
3.083
3.192
3.316
3.131
2.174
3.766
1.765
1.832
3.304
3.531
3.104
1.915
2.757
2.778
2.497
2.633
2.482
2.797
3.051
3.058
2.189
3.463
2.950
3.133
3.170
2.573
2.351
2.180
2.113
3.864
1.850
2.581
2.910
3.284
3.663
2.680
2.068
2.117
2.768
4.326
2.803
2.436
2.397
2.225
3.254
2.893
3.734
3.192
2.899
1.906
1.837
2.880
2.349
2.302
2.644
1.085
2.117
3.277
2.269
2.062
2.779
2.471
2.077
1.779
2.463
3.811
5.537
2.245
1.776
2.339
1.945
1.438
3.499
3.665
2.010
2.272
1.990
2.191
1.897
1.516
2.508
2.572
2.153
3.180
2.600
1.511
2.382
1.652
2.472
2.392
2.797
2.271
2.138
2.888
1.809
1.673
2.292
1.855
2.043
1.385
1.486
1.385
1.964
1.730
2.338
2.487
3.754
1.881
2.565
2.081
1.944
2.131
1.927
1.841
1.856
1.318
2.016
2.246
1.920
1.694
1.746
2.645
2.215
3.018
2.193
2.857
1.937
2.412
2.855
2.884
2.565
1.859
2.198
1.696
1.746
2.093
1.624
1.424
1.227
2.386
1.887
2.094
1.280
1.776
1.504
1.917
2.481
2.091
2.097
2.481
1.966
1.742
2.237
2.984
1.613
2.284
1.532
1.141
1.618
1.978
2.111
2.947
2.917
2.787
3.072
2.368
2.200
1.843
2.035
1.510
2.872
2.835
3.109
2.479
2.122
2.080
2.031
2.082
1.922
2.288
2.548
1.641
1.988
1.504
2.591
2.747
2.263
2.784
2.458
2.327
1.563
1.833
1.577
2.016
2.513
2.184
2.091
1.819
1.990
1.848
1.670
1.993
2.430
2.115
1.899
2.065
2.625
2.573
2.458
2.897
2.834
4.421
2.881
2.972
1.967
3.000
2.899
2.673
3.072
4.445
2.710
2.393
2.999
3.561
3.019
4.138
3.343
1.997
2.739
2.850
2.388
3.058
3.264
3.486
3.904
3.012
2.559
2.360
1.590
1.893
2.119
2.760
3.547
3.581
3.371
1.967
2.263
2.737
2.839
2.467
3.183
4.448
2.851
2.097
4.216
2.493
4.770
4.481
2.757
3.761
3.284
3.870
3.247
2.877
2.102
1.914
2.718
2.986
2.956
2.477
2.420
1.875
2.317
3.208
2.880
3.831
2.512
1.752
4.233
2.998
1.965
2.568
2.511
3.845
2.905
2.514
2.571
2.836
2.443
3.038
2.685
2.000
3.614
5.131
3.019
1.946
2.474
1.690
1.978
2.348
2.342
2.505
3.125
2.229
1.590
4.039
2.599
2.535
3.300
2.488
2.735
3.460
4.504
2.903
1.767
3.956
2.626
2.354
2.427
4.280
2.288
1.921
1.789
2.215
2.695
1.609
2.119
2.182
2.118
2.236
2.309
1.838
1.865
2.371
2.390
3.396
3.345
2.345
2.650
3.362
4.902
2.969
2.744
2.013
3.244
3.182
2.870
2.018
2.518
2.098
2.494
3.031
3.623
4.079
2.729
3.065
2.891
3.032
3.488
3.165
3.336
4.005
3.212
2.765
3.506
2.166
2.465
2.660
2.369
2.658
1.956
2.521
2.801
2.601
2.707
2.368
1.793
2.275
1.960
1.873
3.364
2.203
2.120
4.556
2.529
2.271
3.111
2.184
2.926
1.616
2.266
2.589
1.822
2.993
2.144
2.173
1.883
2.405
2.776
3.005
3.558
2.534
2.313
1.921
3.330
2.198
2.501
3.304
3.375
2.655
4.182
3.540
2.011
3.202
3.550
3.018
2.047
1.789
1.426
1.792
1.537
1.593
1.659
1.824
3.238
3.042
2.467
2.318
1.518
1.773
2.144
3.447
3.059
1.979
2.361
1.715
1.831
1.897
2.176
2.196
1.627
3.637
2.279
2.579
1.608
3.550
2.673
2.663
1.884
2.608
2.938
2.075
2.139
3.281
2.541
2.441
1.914
1.744
1.650
2.588
2.481
1.630
1.995
1.333
1.357
2.418
3.079
2.250
2.057
2.384
1.853
1.764
2.095
2.113
2.540
2.251
2.105
2.041
1.811
1.953
2.231
2.662
2.517
2.601
1.902
1.696
2.763
2.196
2.088
1.986
3.130
2.842
1.838
2.827
2.203
2.158
1.997
2.003
1.591
1.521
1.611
1.696
2.590
2.423
2.030
1.637
1.730
1.893
1.714
1.566
1.584
2.333
2.958
1.742
2.554
2.666
2.045
2.281
1.868
2.786
2.294
2.632
1.950
2.285
2.436
2.401
2.929
2.011
2.907
1.771
2.860
3.597
3.420
3.635
2.162
2.090
2.142
1.433
1.710
2.779
3.070
3.411
3.784
2.011
2.481
3.295
3.279
2.132
2.942
3.100
3.347
3.565
2.522
2.681
2.859
2.593
2.639
2.606
3.457
3.168
1.958
2.138
2.244
2.668
1.974
2.179
2.394
2.010
3.596
3.991
3.313
3.027
3.363
2.934
2.951
2.702
2.120
1.749
2.396
3.574
2.599
3.377
2.103
4.073
2.449
3.270
2.845
2.619
2.969
1.959
1.707
2.949
2.369
2.960
2.347
3.933
2.559
4.181
2.865
2.798
2.610
2.675
2.110
2.236
2.501
2.502
2.880
3.021
3.054
2.943
3.679
2.035
2.552
3.024
2.469
2.696
4.231
3.584
3.361
3.560
3.507
3.107
2.700
4.282
3.183
1.895
2.401
3.012
3.164
2.702
4.086
3.422
4.979
4.218
3.593
4.124
3.585
3.816
3.607
3.273
3.083
4.185
4.930
4.248
2.502
3.417
3.531
4.194
4.290
4.255
2.955
2.523
3.191
3.211
2.268
1.762
1.916
2.395
3.117
2.404
3.192
4.104
4.727
3.087
2.031
1.950
2.123
2.508
2.278
4.730
2.964
2.774
3.880
2.967
3.184
1.946
1.941
2.178
2.395
1.968
2.347
2.878
3.139
3.160
2.471
2.802
3.014
2.428
3.022
3.204
3.424
3.171
3.597
2.728
3.355
3.403
3.158
3.294
3.138
3.200
2.619
1.865
2.520
2.333
2.190
1.855
2.690
4.796
2.866
2.893
2.647
4.348
2.617
3.381
2.343
2.268
2.368
2.372
2.522
2.561
3.123
2.671
3.059
3.296
3.935
3.582
3.561
3.857
4.155
2.745
2.969
2.570
3.585
3.731
4.844
4.393
2.784
3.432
3.024
2.852
2.559
2.862
3.900
3.345
4.517
2.158
2.550
3.425
3.606
2.404
2.718
2.888
2.576
2.280
1.542
2.173
2.582
4.923
3.413
4.351
4.014
2.029
3.143
3.076
2.300
2.312
2.128
2.072
1.576
2.810
2.726
3.139
4.248
3.092
3.674
2.320
3.467
2.628
1.984
2.432
2.562
2.801
3.030
3.469
3.337
3.043
2.752
2.156
1.872
2.019
2.817
5.872
3.696
5.483
4.210
4.044
1.669
1.820
4.570
3.017
3.983
2.182
2.079
4.121
2.162
2.602
2.984
2.722
2.787
2.778
2.291
2.743
1.628
2.431
1.866
1.704
1.773
1.573
1.175
1.877
1.788
2.718
2.652
2.492
3.334
1.700
2.451
2.649
1.968
1.706
1.521
1.682
2.774
2.347
2.246
4.883
2.673
1.578
5.221
5.036
2.623
2.136
1.789
2.748
2.767
3.488
2.171
2.531
2.704
2.644
3.709
2.345
1.552
1.811
2.317
2.138
1.818
2.556
2.397
1.857
2.223
2.286
1.417
1.367
1.466
1.876
3.243
1.984
2.361
2.932
2.876
1.892
2.322
2.960
2.505
2.198
3.101
2.645
2.460
2.806
3.389
2.889
2.679
2.618
1.920
1.408
1.737
1.657
2.231
1.811
3.010
3.022
2.238
2.004
4.573
2.463
2.596
2.677
3.710
2.318
1.970
1.629
1.654
2.370
1.806
2.987
2.914
3.960
2.313
2.982
3.774
2.523
2.243
2.913
4.050
1.676
2.793
4.234
1.842
2.436
3.023
3.639
3.486
2.123
2.952
3.917
2.259
2.748
2.896
3.037
3.465
3.144
3.470
2.508
1.752
2.211
2.681
2.393
2.051
1.942
2.259
3.618
3.100
3.042
2.695
3.175
3.037
3.425
2.976
2.947
3.673
3.287
2.467
2.149
3.128
5.257
3.905
3.187
3.354
2.251
2.499
2.166
2.735
2.166
2.631
3.356
2.742
2.467
2.752
3.629
3.942
3.234
2.655
2.747
2.824
2.570
2.454
1.968
2.157
1.630
2.096
2.043
2.370
1.941
2.658
1.844
3.307
4.188
3.426
2.742
3.835
3.001
3.447
2.871
3.002
3.222
2.577
3.216
2.507
3.387
3.313
2.486
2.186
1.861
2.624
2.967
2.095
1.679
2.490
2.232
3.494
2.789
3.280
2.506
3.460
2.998
3.437
3.160
2.467
2.299
2.434
1.992
2.460
2.048
2.803
3.154
3.152
3.309
3.572
3.187
3.409
3.007
2.003
2.389
2.634
2.633
2.907
2.246
2.339
2.595
3.253
3.766
3.885
2.912
2.668
3.481
3.197
3.740
3.420
2.815
3.455
2.131
2.478
3.740
2.506
3.257
3.900
3.854
3.196
3.084
3.879
2.266
2.054
2.396
2.274
2.759
2.787
3.339
2.825
2.981
2.753
2.558
3.273
2.616
3.279
3.271
2.903
2.680
2.344
2.620
3.042
2.401
1.982
2.070
3.290
2.588
3.239
3.799
2.962
2.882
2.698
2.725
2.560
2.828
2.466
2.797
2.462
2.428
2.539
3.114
3.136
2.924
2.578
2.088
2.684
2.901
2.214
2.836
3.495
3.906
2.966
3.570
2.158
2.476
2.614
2.923
3.444
3.183
2.813
3.161
2.799
2.421
2.434
2.576
2.802
3.189
2.432
2.805
3.561
1.440
3.637
4.227
3.002
2.209
1.503
1.617
1.982
2.438
3.160
2.549
1.922
2.060
2.226
2.708
2.643
3.243
2.137
2.187
2.530
1.757
2.445
2.877
3.258
3.832
3.578
3.748
3.563
3.138
2.631
3.367
2.209
1.577
1.808
2.679
3.225
2.850
2.606
1.818
2.278
2.863
3.524
3.446
2.901
2.003
2.008
2.845
2.121
2.767
2.499
2.509
2.720
2.352
2.171
2.404
2.334
2.996
2.789
1.980
3.101
2.627
2.568
2.519
2.092
3.180
2.912
2.637
1.909
2.496
2.140
1.533
1.747
1.557
1.716
2.262
2.687
2.364
2.577
2.176
2.852
1.765
2.118
1.700
1.903
3.085
3.392
2.464
2.743
1.682
2.254
2.406
2.524
1.912
2.314
1.409
2.100
2.314
2.980
2.292
3.008
3.028
3.098
3.497
2.846
1.850
2.265
2.115
1.396
2.410
2.749
2.185
2.237
2.942
2.877
2.543
3.305
3.533
2.920
1.765
2.597
2.799
2.115
2.541
3.328
3.465
1.867
2.149
1.814
3.405
3.006
1.857
1.287
1.575
2.137
2.959
1.728
2.135
2.398
3.448
3.115
3.527
1.934
1.477
1.869
2.791
2.914
2.946
2.499
2.308
2.019
1.550
1.349
2.789
2.431
1.632
2.319
2.156
2.460
2.061
1.694
1.580
2.135
3.105
2.595
2.312
2.169
1.679
1.619
2.194
2.448
3.530
3.003
2.725
3.247
1.912
2.627
2.501
3.881
2.897
3.185
3.196
2.106
2.535
2.950
2.746
2.174
2.367
1.946
2.926
3.117
3.020
2.634
2.010
2.234
2.244
1.508
2.377
2.942
3.478
3.111
2.464
4.019
3.040
3.171
3.723
3.405
3.647
6.368
5.455
3.006
3.179
2.338
2.194
3.299
2.812
3.196
3.569
2.863
4.122
3.263
3.055
2.818
3.614
3.061
3.109
3.340
2.603
2.950
3.441
2.778
3.085
3.042
3.961
3.169
3.187
4.634
2.993
3.685
4.079
3.524
3.161
3.271
4.843
3.713
3.258
3.020
2.750
3.370
3.289
2.427
2.304
2.567
2.397
3.135
4.489
3.166
2.864
4.324
2.383
2.564
2.499
3.875
2.835
3.047
3.113
2.403
2.724
2.520
2.626
3.024
4.497
2.154
2.909
3.265
2.631
3.520
2.498
2.252
4.114
3.467
2.937
4.288
3.021
4.035
3.775
3.006
3.014
3.200
3.505
2.938
3.555
2.611
3.707
4.048
2.257
2.408
2.158
3.310
3.855
3.868
3.559
2.642
2.907
2.902
2.202
2.581
2.724
2.688
3.228
2.785
2.657
2.160
2.059
2.139
3.019
2.635
2.345
2.594
2.722
3.373
4.006
4.372
2.958
2.845
3.062
4.220
3.053
3.965
3.752
3.101
2.968
2.340
3.111
2.685
1.864
2.097
2.354
2.408
3.167
2.544
3.839
3.276
2.732
2.445
3.294
2.006
2.156
2.203
2.616
3.361
2.728
3.037
2.881
3.063
2.676
3.018
3.951
4.726
3.240
2.697
2.688
2.389
2.617
3.466
3.622
3.444
4.702
3.065
3.152
2.420
3.190
2.211
2.056
2.273
2.334
2.068
1.947
2.340
4.489
3.529
2.628
2.261
4.274
3.944
2.677
2.371
3.365
3.094
3.028
3.626
3.701
2.950
2.357
1.686
2.190
1.936
2.382
2.031
2.365
1.685
1.738
2.457
2.569
2.203
2.420
2.666
2.700
2.791
3.333
2.927
2.303
1.948
3.658
2.091
2.759
2.645
1.979
1.612
3.536
3.301
2.950
2.392
3.083
2.613
1.821
1.687
2.187
2.079
1.879
2.624
2.621
2.673
3.060
1.952
1.769
2.155
2.687
2.644
2.471
2.452
2.466
2.903
3.010
3.659
3.104
2.631
2.343
1.853
1.779
1.858
2.189
1.532
1.712
2.095
1.865
2.748
3.009
2.436
2.387
2.283
2.605
2.709
3.174
1.913
1.908
1.776
2.104
2.279
2.126
1.485
2.012
1.780
1.233
2.172
2.658
2.478
1.970
2.282
2.740
3.446
2.477
2.623
2.418
2.466
2.304
2.329
4.012
2.576
2.882
2.444
2.879
2.138
1.514
1.861
2.523
2.113
2.309
2.000
2.787
3.170
1.541
1.861
1.890
3.152
2.790
2.759
2.240
2.085
1.592
1.296
1.508
1.666
2.091
3.118
2.955
2.212
2.727
2.460
2.429
2.293
1.831
2.976
4.033
3.397
1.938
3.355
2.582
3.239
2.669
2.611
2.978
2.797
2.887
3.146
3.952
3.040
2.575
2.121
1.892
2.314
2.181
1.931
2.300
2.417
3.599
3.347
3.017
2.917
1.858
2.171
3.134
2.285
3.300
3.732
3.511
3.155
3.082
2.540
2.645
2.073
2.011
2.407
3.666
4.246
2.977
2.875
3.232
3.770
3.047
2.366
3.031
3.009
2.358
1.945
1.951
2.490
2.500
2.515
3.355
3.649
3.611
4.225
3.927
3.623
2.761
2.319
3.443
3.672
3.444
3.165
3.681
2.851
2.308
4.055
3.948
4.515
2.533
2.865
3.303
4.190
2.158
2.738
2.647
3.432
3.848
3.713
3.263
3.061
2.925
1.943
2.759
2.025
2.897
3.436
4.480
3.073
2.839
3.039
3.262
3.613
5.330
6.479
3.281
3.398
4.483
3.617
2.809
1.772
3.293
5.632
3.774
3.087
4.104
2.518
3.242
3.651
2.468
4.552
3.591
2.302
2.246
2.514
2.277
2.899
3.695
3.197
3.559
3.367
3.699
5.064
3.945
4.375
3.568
3.538
3.846
3.600
3.553
3.730
6.322
3.847
4.008
3.390
2.825
2.564
2.609
2.430
2.414
3.098
5.819
2.936
3.060
2.802
2.475
4.834
3.643
3.923
6.250
3.863
3.337
2.768
2.930
2.872
3.399
3.561
3.980
3.256
2.606
2.801
3.378
3.535
3.965
3.107
3.104
3.902
3.413
2.820
3.468
2.686
2.691
3.283
3.949
4.046
2.885
3.009
2.929
2.608
2.443
3.224
2.528
2.556
1.973
2.512
3.664
3.129
2.228
2.673
2.507
2.490
2.741
2.515
2.174
1.595
2.475
3.008
3.013
2.065
1.854
3.026
4.593
2.541
1.583
2.263
2.132
3.564
1.704
2.099
2.287
3.424
2.594
3.268
4.271
2.963
2.667
2.210
3.034
2.938
3.323
2.787
2.630
2.576
2.147
2.272
2.166
3.079
3.495
3.135
3.226
3.762
3.229
3.695
4.416
2.859
3.447
3.594
3.245
3.192
2.408
2.686
2.186
2.955
2.414
2.165
2.362
2.868
2.919
2.180
1.847
1.708
2.452
2.261
2.961
2.693
2.851
3.030
2.537
2.807
3.839
2.864
2.802
3.277
2.367
1.844
2.269
2.202
2.803
2.636
2.029
1.960
1.642
1.824
2.057
3.116
4.248
2.621
1.945
2.077
2.127
2.325
2.381
3.861
2.796
3.192
2.231
1.484
1.737
1.710
2.319
1.815
2.387
3.317
2.977
2.728
2.777
2.198
1.631
1.774
2.124
2.642
2.417
2.265
1.597
2.529
2.479
1.364
2.344
1.939
1.810
1.830
1.463
1.628
1.290
1.887
1.436
1.417
1.794
2.531
1.971
3.130
2.758
1.223
1.358
1.658
1.766
2.285
2.969
2.471
1.927
2.655
2.936
3.660
3.390
1.884
2.932
3.165
2.667
2.859
2.771
1.906
2.923
3.425
3.622
2.642
2.147
2.585
1.720
1.926
2.035
2.976
3.089
2.643
2.456
2.798
2.458
2.501
1.421
1.988
2.098
2.930
2.517
3.285
2.671
4.220
2.527
3.368
2.850
2.379
2.446
2.332
1.785
2.442
2.858
2.624
2.645
2.654
2.158
2.958
3.455
4.737
3.066
2.483
2.565
2.743
3.063
3.006
3.746
2.212
2.550
2.089
1.899
3.939
2.274
1.944
2.913
2.723
4.117
3.875
3.027
2.408
2.421
1.966
2.238
2.451
1.953
2.312
2.592
2.217
2.112
2.318
2.387
2.524
3.208
3.686
2.948
3.036
2.805
3.729
3.774
3.310
2.999
3.882
3.021
2.074
2.354
3.268
2.258
2.764
2.682
2.054
2.947
4.651
3.156
3.921
2.583
2.445
2.088
4.162
2.873
4.151
3.015
2.330
3.710
2.136
3.239
2.548
2.447
2.268
3.643
3.652
5.466
4.466
3.840
2.837
2.955
3.811
4.181
2.865
5.370
3.074
3.729
3.580
3.879
2.849
4.700
4.146
3.136
3.730
3.403
3.977
3.765
3.453
4.400
3.223
3.994
3.257
3.562
3.320
4.389
3.116
3.965
3.373
4.603
3.113
3.406
3.544
1.870
4.004
4.167
2.432
2.202
2.380
3.207
2.841
2.555
3.274
3.848
3.722
3.165
3.065
2.856
2.511
3.074
2.430
2.231
3.682
4.401
4.126
3.867
2.588
2.664
2.125
2.243
1.748
2.044
2.286
3.031
2.453
2.897
2.836
3.314
3.934
3.708
3.022
3.244
2.422
2.148
2.106
4.512
4.088
3.244
3.037
3.107
3.895
3.234
2.558
2.743
1.790
2.308
2.738
3.673
4.173
2.738
4.342
2.278
2.965
2.152
2.946
2.784
2.010
3.246
4.166
2.815
2.714
2.330
3.001
2.609
4.611
2.895
2.255
3.359
2.408
4.653
3.662
3.566
4.732
4.386
3.508
2.234
2.169
2.300
2.654
3.801
2.632
2.304
2.871
1.978
1.948
2.070
1.912
1.861
1.679
1.855
1.751
2.329
3.528
3.836
2.502
2.616
1.650
1.824
1.569
2.861
3.122
3.388
2.318
2.026
2.415
2.951
3.789
2.783
4.593
3.415
3.698
2.649
2.340
2.666
3.406
3.087
2.460
2.960
2.723
2.594
2.143
2.947
3.054
4.273
2.669
1.965
3.125
2.684
3.197
2.517
2.158
3.358
2.381
2.062
2.572
2.590
2.395
3.383
2.569
2.396
2.973
3.020
1.809
2.124
2.911
2.708
1.641
2.003
2.268
2.637
1.986
1.919
1.897
1.933
2.170
2.301
2.132
3.825
2.366
1.647
2.162
2.407
1.824
2.747
2.880
3.011
2.951
2.887
2.999
2.946
2.119
2.065
2.270
2.540
2.443
2.250
2.575
2.502
2.189
1.843
2.260
2.946
3.141
2.512
3.027
3.169
2.484
2.875
3.322
2.829
2.356
2.396
2.631
3.148
2.459
2.724
2.798
2.286
1.717
1.863
2.078
2.531
2.961
1.944
2.334
2.548
1.567
2.717
1.915
1.691
1.417
1.948
1.809
1.825
2.132
2.384
2.108
1.763
1.568
1.799
2.770
3.269
3.069
1.755
2.333
2.543
2.389
2.653
2.979
2.096
3.032
4.074
2.446
2.156
2.416
2.516
3.351
2.123
2.657
3.132
2.510
2.036
2.451
3.669
2.336
3.129
1.667
1.521
2.506
3.145
3.489
2.944
2.706
3.256
3.468
3.115
3.016
2.825
3.604
3.206
2.570
2.491
3.047
1.819
2.507
2.790
2.659
2.979
2.672
2.763
2.426
2.614
3.077
3.372
2.133
2.847
2.808
3.058
3.404
2.370
3.418
2.838
2.902
2.936
3.554
2.229
3.632
1.967
4.110
3.184
2.736
2.297
2.869
3.817
2.651
3.202
4.036
2.488
2.259
3.594
2.180
2.215
2.120
1.864
2.767
3.760
2.515
2.650
3.288
3.755
3.334
2.303
3.598
3.909
3.957
4.347
2.773
3.258
2.915
3.488
3.018
2.707
3.610
2.176
2.360
3.177
2.665
3.578
3.518
3.240
2.867
2.760
3.345
2.446
2.028
4.323
3.001
3.199
2.886
1.965
2.904
2.070
2.277
2.731
3.163
2.338
2.194
3.825
3.571
3.203
2.770
4.290
2.870
3.441
2.487
2.710
2.785
2.370
2.996
3.115
2.629
2.755
3.008
2.078
2.007
2.550
3.415
4.849
3.255
3.594
4.309
3.950
4.300
5.185
3.350
3.089
3.070
2.816
2.677
2.241
3.134
2.735
3.235
3.449
5.056
2.850
2.420
1.788
3.927
3.009
3.632
1.899
2.475
2.627
3.192
2.827
2.842
3.257
4.567
3.253
2.912
2.132
2.753
4.156
4.180
2.869
2.809
2.014
2.199
1.761
1.954
2.621
3.390
3.293
3.389
5.518
3.959
5.048
3.995
3.115
3.053
2.080
3.627
3.075
3.928
2.661
2.176
2.596
2.316
3.176
1.894
1.886
2.456
2.259
2.985
2.888
2.182
2.250
2.058
3.210
2.603
4.208
3.079
1.754
1.692
2.359
2.601
2.645
2.335
2.892
2.030
1.477
2.286
2.945
2.721
2.480
2.889
3.585
3.661
3.120
2.500
2.825
3.983
2.475
2.239
3.557
2.731
1.922
2.335
2.593
2.906
2.055
2.789
2.717
3.042
2.106
2.293
2.461
3.307
2.457
3.223
1.895
2.041
2.591
2.429
3.036
3.084
2.301
2.912
1.371
2.818
2.653
2.338
3.925
2.558
2.076
2.636
3.146
2.113
1.055
1.467
1.409
1.708
1.957
1.464
2.801
2.846
1.598
1.983
2.478
2.903
2.406
3.035
1.918
1.675
2.616
3.410
3.255
3.043
2.592
2.562
2.070
2.329
2.413
1.594
2.299
2.993
2.759
2.130
1.518
2.107
2.272
1.825
1.576
1.136
1.483
1.486
1.923
2.669
2.563
2.179
2.149
2.562
2.871
2.847
1.858
3.397
2.451
1.292
1.611
2.609
3.507
2.829
2.374
2.604
2.360
1.544
1.697
1.694
1.671
1.587
1.684
2.326
2.201
2.961
2.570
2.716
2.846
3.053
2.141
2.471
3.201
2.428
1.680
1.714
1.577
1.996
2.450
2.736
2.166
2.428
1.875
2.316
2.260
2.603
2.434
3.690
1.704
2.716
2.103
1.756
2.964
2.964
2.317
2.390
2.707
2.712
3.316
2.947
2.562
3.211
3.457
2.691
2.601
1.607
2.129
2.211
3.026
2.897
3.222
2.674
2.711
2.261
2.084
3.229
3.876
3.117
1.817
1.711
1.764
2.777
2.149
2.057
2.337
2.326
2.009
2.400
3.606
2.055
2.998
3.115
2.834
2.743
2.675
3.882
2.598
2.943
2.317
2.800
2.588
2.974
2.754
3.091
3.677
3.766
3.502
3.064
2.300
2.304
5.472
2.839
3.150
4.915
2.375
1.976
2.541
4.470
3.500
2.763
3.391
4.521
4.584
3.700
2.633
2.035
2.964
2.630
3.772
2.564
4.145
4.994
3.298
4.270
3.631
3.276
4.007
5.081
3.461
4.025
3.433
3.316
2.745
2.866
2.754
2.506
3.730
4.223
3.371
3.198
3.949
3.297
2.605
3.538
2.803
3.117
4.183
3.170
3.691
2.382
2.245
2.044
2.367
4.245
3.090
2.697
2.926
2.630
3.050
2.539
2.230
2.427
2.343
2.753
2.410
2.801
2.694
1.568
2.670
2.454
2.287
3.279
2.278
2.119
4.196
5.695
4.973
4.217
2.844
3.481
3.078
3.036
2.265
3.430
2.751
3.124
2.148
3.496
3.711
1.468
2.825
1.971
2.315
4.625
3.493
2.712
2.888
1.973
2.304
1.669
2.290
1.971
1.984
3.227
3.389
2.358
2.197
3.157
3.015
5.383
2.067
1.883
1.795
2.709
2.402
2.035
2.321
2.260
3.231
3.312
3.370
3.099
3.133
2.430
3.214
4.606
2.568
2.342
2.037
1.546
3.406
3.748
3.282
3.486
2.186
3.772
3.319
2.439
3.269
1.530
2.087
2.342
2.627
3.258
2.755
4.162
4.570
2.279
2.007
2.245
1.774
2.215
2.269
1.818
1.772
2.411
1.812
2.161
2.176
2.064
2.845
2.782
3.871
4.484
2.992
2.011
2.350
2.648
3.708
2.356
2.794
2.160
3.467
2.899
2.826
1.907
2.809
2.815
2.179
3.048
2.842
3.334
2.225
2.237
2.334
3.012
2.512
1.507
1.995
2.687
1.596
1.925
2.245
2.942
3.125
2.238
1.979
2.406
1.890
1.348
1.943
2.103
2.198
2.689
3.102
2.429
1.794
1.319
1.625
1.932
1.897
1.731
1.635
2.746
1.847
2.490
1.923
1.548
1.621
2.038
1.520
2.099
1.863
3.370
2.789
2.059
2.725
3.010
2.581
2.286
3.359
2.694
4.396
3.609
2.328
1.669
1.930
2.416
2.311
2.618
2.401
3.151
2.159
2.273
2.840
2.687
2.190
2.472
2.499
2.104
2.472
2.496
1.510
2.585
2.262
2.209
1.721
1.414
1.903
1.825
1.882
3.092
1.967
2.621
2.153
2.392
1.830
1.674
2.488
2.183
2.443
2.139
2.375
1.871
3.359
1.824
2.399
2.593
3.189
2.981
2.303
2.142
2.220
2.278
2.078
2.082
2.164
1.717
2.179
1.948
3.069
2.785
2.004
1.560
1.524
2.031
1.910
2.091
2.184
2.470
2.854
1.913
2.359
2.248
2.458
2.121
2.290
1.735
1.982
2.550
3.146
3.225
2.476
2.807
2.332
1.932
2.549
2.185
2.487
2.193
3.181
2.369
2.704
3.299
2.784
2.999
2.458
3.968
4.079
4.806
2.687
3.276
2.911
2.310
3.589
2.450
2.627
2.972
2.288
2.435
2.327
2.800
3.336
4.309
3.619
2.865
2.202
3.876
2.669
3.332
3.719
3.073
3.713
2.699
2.064
2.526
3.309
2.117
2.604
3.066
2.995
2.528
2.711
3.493
3.684
2.024
2.275
2.573
2.732
2.952
3.662
3.715
3.329
2.598
3.628
4.829
3.359
3.149
2.407
2.239
2.571
3.073
2.270
1.984
2.008
2.790
3.825
2.876
2.893
2.357
3.601
2.830
3.724
2.483
3.581
2.943
2.794
3.683
4.042
2.573
2.281
2.618
3.024
3.421
1.965
2.312
2.501
3.389
3.486
2.736
3.023
1.855
2.457
2.551
3.315
2.638
3.641
3.184
3.215
2.496
3.292
3.783
2.977
3.449
3.374
3.092
2.897
2.505
3.363
2.929
2.391
3.021
3.839
2.872
3.921
4.273
3.054
3.518
2.920
3.554
4.570
3.515
3.870
4.642
3.928
2.952
3.454
2.620
4.165
5.488
4.281
3.948
2.587
2.518
2.906
2.605
2.770
2.966
2.696
2.969
2.254
2.823
2.536
3.493
3.115
3.211
1.942
4.852
4.454
3.506
4.024
4.518
3.091
4.114
2.548
2.032
2.994
2.686
3.776
2.834
3.665
4.708
3.085
2.967
2.683
2.436
1.747
1.974
2.676
2.282
2.840
2.213
1.715
2.890
3.763
4.271
2.212
2.907
4.481
2.880
4.041
5.163
3.897
2.272
2.902
2.445
3.351
2.935
2.655
2.577
2.750
1.978
2.066
1.765
1.333
3.166
2.539
1.813
2.826
2.384
1.865
2.221
2.981
3.238
3.416
2.925
4.693
3.362
2.608
2.094
3.630
2.651
2.817
3.015
2.486
2.230
1.618
2.941
3.650
1.695
1.456
1.347
1.607
2.412
1.799
1.583
2.917
2.994
2.718
2.460
2.493
2.505
1.903
2.212
2.201
1.622
1.867
2.294
1.766
2.940
1.949
1.751
1.835
2.339
3.789
3.398
2.268
2.781
3.222
2.635
3.759
2.134
1.806
3.280
3.719
1.886
1.609
1.939
1.172
1.368
2.116
1.718
1.816
1.963
2.089
2.403
2.703
2.009
1.549
2.257
2.682
2.896
1.980
2.959
2.096
2.641
2.424
2.325
2.282
2.223
2.001
2.479
2.015
1.729
1.815
2.563
3.146
2.892
3.999
2.044
3.147
2.571
2.167
1.578
2.332
2.895
2.473
2.201
1.965
3.247
1.846
2.572
2.347
2.633
2.810
2.967
3.002
3.183
3.007
3.240
3.194
2.823
3.156
3.704
2.552
2.896
1.712
1.812
3.139
1.924
3.341
1.605
2.286
2.028
2.458
2.177
2.351
1.751
1.857
1.801
2.804
2.715
2.046
2.233
2.386
2.826
2.613
2.658
2.208
2.027
2.343
1.952
2.060
2.014
1.611
1.553
1.711
1.852
2.228
3.299
2.739
2.627
2.364
2.200
1.582
3.254
2.881
2.829
2.370
3.125
2.504
2.285
3.744
2.830
2.998
2.726
5.342
3.451
3.551
2.612
1.647
1.992
2.605
2.573
2.720
2.175
3.121
2.090
2.303
1.854
2.483
2.459
2.375
2.348
2.630
3.023
3.132
3.254
2.853
2.794
2.614
2.932
3.455
3.449
3.565
2.674
2.170
3.258
4.431
3.064
2.241
1.855
1.896
1.659
2.590
3.705
2.389
3.130
4.035
3.830
3.092
4.593
4.370
3.682
3.556
3.774
2.926
3.329
2.353
2.104
3.626
3.336
2.312
2.486
3.109
2.158
3.128
2.422
2.265
3.419
3.387
3.505
5.179
2.792
2.462
2.779
2.780
2.317
2.312
3.920
3.683
3.601
3.479
3.232
2.816
3.847
3.503
3.320
3.197
2.849
3.466
4.960
3.542
3.088
3.492
2.858
2.908
2.722
2.149
1.180
1.536
2.736
3.512
3.169
3.054
2.763
2.326
2.387
2.550
2.576
3.008
2.626
3.391
2.564
3.091
2.291
2.580
2.489
1.958
2.404
2.865
3.019
2.715
3.220
2.984
1.819
2.235
2.848
2.421
4.294
2.785
2.630
2.483
2.883
3.673
3.887
4.038
3.141
2.945
2.967
2.936
5.274
2.962
2.320
2.022
1.927
2.198
2.147
2.143
2.359
2.028
4.547
3.515
3.275
2.925
2.997
2.479
1.966
1.990
2.556
2.555
2.239
3.119
3.049
4.539
3.269
2.578
1.578
2.370
2.622
3.904
2.935
2.426
1.795
3.406
2.464
2.009
3.515
2.020
2.919
3.057
2.845
2.486
2.712
2.425
2.692
3.274
3.093
2.419
2.040
2.927
3.002
2.913
3.843
2.385
2.013
2.074
2.382
2.615
3.137
3.587
3.018
2.720
1.713
2.537
2.413
2.690
3.224
2.049
2.911
1.908
2.658
2.779
2.384
2.435
3.032
2.187
2.718
4.571
2.647
2.593
3.359
3.224
2.845
3.433
3.435
2.637
1.529
2.322
1.948
2.312
2.149
2.307
2.355
3.507
2.489
2.206
3.271
3.242
1.939
2.491
2.673
1.583
1.484
1.593
1.979
2.600
2.576
2.748
2.602
3.259
3.441
2.571
2.796
2.601
2.906
2.436
1.774
1.104
1.766
1.746
2.316
2.951
2.830
2.334
2.181
2.471
3.550
3.688
3.915
2.631
2.390
1.831
2.230
2.126
2.946
3.370
2.462
2.604
2.299
4.462
3.913
3.709
2.905
2.420
1.251
1.649
2.465
2.165
1.292
1.590
1.968
3.210
2.183
1.666
2.141
2.214
1.886
3.267
3.638
1.513
2.208
1.916
2.504
2.638
3.168
2.918
2.212
2.450
2.029
2.310
3.361
2.504
1.909
2.520
2.507
2.705
3.342
2.975
2.702
2.025
2.171
1.957
1.794
1.671
2.127
2.634
1.862
2.065
2.861
2.234
2.823
3.429
2.343
1.801
1.795
2.456
2.121
2.560
3.038
2.597
3.232
2.770
2.779
2.736
2.841
3.389
2.072
1.694
2.306
3.163
1.977
2.014
3.113
2.865
3.078
3.854
2.394
1.998
2.461
2.643
2.381
2.476
3.334
3.106
2.695
3.421
2.747
3.138
3.503
3.347
1.666
2.701
2.945
1.694
1.829
1.708
2.833
2.660
1.818
2.053
2.878
2.493
2.126
2.569
2.894
3.024
2.037
2.297
2.310
3.740
2.846
3.382
3.199
2.689
3.178
2.762
3.703
3.477
3.872
3.649
3.440
3.800
3.867
1.912
2.327
2.946
2.014
3.977
2.527
2.368
3.045
2.969
3.165
3.114
6.096
4.818
3.127
2.882
2.475
3.174
2.454
2.670
3.496
3.704
5.046
3.422
2.245
2.451
1.964
2.571
3.374
3.926
3.083
3.841
3.444
2.199
2.368
2.912
4.341
5.591
2.517
3.280
3.589
3.621
4.714
2.982
2.474
3.313
2.750
3.057
3.584
4.066
3.829
3.737
2.383
2.913
4.406
4.343
4.935
3.377
3.964
4.501
2.186
3.046
2.475
3.582
2.807
3.885
3.311
3.393
3.374
3.694
2.743
3.472
3.755
2.965
4.122
4.052
4.749
3.366
3.284
3.840
2.421
2.382
2.463
3.992
2.628
2.799
3.412
2.322
2.406
2.255
2.545
2.395
3.878
2.723
2.693
3.387
2.911
2.045
2.190
2.142
3.593
2.726
2.070
2.154
2.163
2.401
3.142
2.719
2.836
2.753
3.274
3.450
2.772
1.769
2.772
2.326
2.055
3.983
3.309
4.787
3.468
3.768
1.963
2.074
3.385
2.888
3.577
2.186
2.353
1.922
2.799
1.929
1.964
2.469
2.319
2.266
2.441
2.110
2.225
2.613
2.637
1.497
1.671
3.964
2.103
1.794
1.848
2.525
2.875
3.910
2.569
3.208
3.435
3.006
2.445
2.404
3.504
2.555
2.936
3.020
2.385
2.053
2.073
2.620
3.039
3.087
2.628
2.731
2.351
2.331
3.162
2.783
2.288
2.180
2.426
2.631
3.151
3.641
2.629
1.768
2.807
3.072
1.989
2.210
1.575
3.428
4.345
2.892
1.860
2.995
1.979
2.572
3.222
1.683
1.721
2.284
2.309
3.847
2.730
1.569
1.405
2.142
2.864
3.357
2.983
2.157
1.536
2.081
2.423
2.015
2.215
1.817
3.365
4.118
1.745
1.497
1.769
2.464
3.007
2.420
2.325
2.541
2.231
1.745
1.435
1.333
2.164
3.377
2.664
2.287
3.006
2.253
1.641
2.922
2.151
1.569
2.252
3.491
2.359
3.026
1.795
2.342
2.259
2.720
2.353
2.775
2.459
2.522
2.330
2.764
2.354
2.050
1.704
2.141
2.386
1.905
1.583
1.680
2.246
2.790
2.636
3.161
3.216
3.859
2.263
2.071
1.887
1.846
1.757
2.658
3.208
2.761
3.455
1.988
3.073
2.875
1.976
1.809
1.629
1.762
2.987
1.903
3.304
2.327
1.564
1.490
2.486
1.981
2.707
1.924
1.734
1.737
1.736
2.947
2.657
2.250
1.671
1.479
1.991
1.838
1.736
1.712
3.073
2.127
2.254
1.756
2.186
1.883
2.015
2.408
3.436
2.636
3.581
2.002
1.661
3.232
2.522
2.268
3.166
3.214
2.744
2.751
2.641
2.985
2.289
3.084
2.864
2.256
2.488
2.542
3.900
2.617
2.577
2.270
1.305
1.935
2.598
2.845
2.573
2.949
2.351
4.858
3.172
3.098
3.708
3.036
2.883
2.883
2.649
2.609
3.295
2.481
1.822
2.438
2.995
2.020
2.408
2.212
2.666
1.966
3.047
3.604
1.995
1.942
3.948
2.858
2.642
2.999
3.325
3.492
2.865
3.007
3.222
2.431
2.208
2.477
2.580
3.021
3.630
2.172
2.735
3.372
2.138
2.261
2.313
3.375
2.922
3.072
3.353
3.253
3.373
3.369
2.687
3.931
3.432
2.942
1.809
2.506
5.350
2.815
3.143
3.381
2.887
2.569
2.347
2.132
1.914
3.026
2.433
1.888
3.736
3.081
2.400
2.956
2.839
3.593
3.639
3.506
3.545
3.101
1.967
2.902
3.194
4.039
2.259
2.409
2.292
2.560
4.155
3.268
2.722
2.416
2.967
3.582
2.822
2.233
5.263
3.801
3.196
4.663
2.704
3.008
2.628
3.293
3.897
2.807
2.699
3.191
6.038
5.104
3.178
4.073
4.176
3.661
3.020
3.046
2.282
1.767
3.011
2.845
2.726
2.111
2.721
2.422
2.307
2.705
3.027
3.107
2.112
2.766
1.712
2.586
3.191
2.816
4.032
2.957
2.210
3.183
2.376
2.183
3.537
2.271
2.372
5.104
3.070
3.354
3.104
3.755
3.340
3.273
2.555
2.099
2.172
2.423
3.171
2.795
2.254
2.513
1.876
1.710
1.862
2.363
2.445
1.538
1.900
2.094
2.490
2.085
1.890
2.013
1.968
2.031
2.189
1.989
2.464
3.552
3.213
3.001
2.783
2.277
3.622
2.307
2.155
2.523
1.593
2.521
1.888
2.253
2.061
1.897
1.820
1.793
2.375
1.689
2.295
2.410
2.204
2.344
1.969
2.199
2.051
2.219
1.658
2.520
2.380
1.898
2.802
3.602
3.277
2.537
1.881
2.940
2.022
1.658
1.763
1.425
2.302
2.364
1.962
1.153
1.609
1.095
1.776
2.037
2.080
1.447
1.735
2.306
1.297
1.950
1.788
2.047
2.489
1.993
2.801
2.475
2.457
1.827
1.948
2.454
3.607
2.073
2.336
2.598
2.187
2.872
2.274
2.854
2.360
2.312
2.623
2.317
1.973
1.438
2.100
2.431
2.152
3.202
3.483
2.360
2.013
3.408
3.830
1.723
2.837
3.523
3.302
2.332
2.043
2.675
2.275
1.907
2.691
3.062
2.564
2.916
2.777
2.962
2.688
2.557
1.431
2.447
1.913
2.799
2.344
2.370
2.761
2.952
3.001
2.583
3.156
2.265
3.413
2.912
2.296
2.049
2.053
1.637
2.427
2.116
2.460
2.675
3.389
2.544
3.049
3.365
2.643
2.581
2.330
2.893
2.756
2.790
2.642
2.856
3.287
3.663
2.454
2.458
3.571
4.728
2.925
3.234
2.296
3.839
2.935
3.150
3.215
2.629
2.901
3.101
2.650
4.313
3.908
3.297
2.486
1.677
2.212
2.581
2.120
1.698
2.616
2.536
3.980
4.127
2.632
1.999
2.514
2.444
3.117
2.180
3.132
2.720
3.376
3.796
3.505
3.245
2.604
3.220
2.918
3.130
4.852
3.573
2.548
2.975
2.708
3.582
2.725
2.958
4.943
3.212
3.070
3.510
3.321
3.442
4.088
4.066
3.143
2.432
3.349
3.595
2.706
2.860
2.411
3.221
3.327
3.026
3.155
2.277
2.867
3.262
4.494
2.972
3.740
3.178
3.289
3.364
1.724
3.797
4.563
4.449
3.360
5.824
2.695
4.088
2.745
3.651
3.520
3.332
2.647
2.801
2.629
3.156
2.946
2.320
3.153
3.756
3.051
3.353
3.174
4.695
3.549
2.682
3.514
3.780
2.442
2.843
3.709
2.342
2.309
3.248
2.966
3.055
3.778
2.966
3.392
2.576
2.803
3.095
5.126
3.099
3.416
4.147
3.711
2.573
2.253
2.762
2.917
3.636
3.539
3.217
1.664
3.382
3.613
3.522
2.517
3.027
2.899
2.998
2.971
2.950
2.976
3.401
3.144
3.132
3.240
3.556
3.623
3.096
3.174
3.738
3.082
2.760
3.154
3.282
3.480
3.951
3.522
3.436
3.104
2.914
2.430
2.591
4.116
3.491
3.890
3.493
2.991
3.050
3.525
2.582
3.487
2.822
3.119
3.350
2.862
2.631
2.626
2.588
2.661
2.912
2.414
1.733
1.862
1.903
2.087
2.358
2.810
2.330
3.073
1.505
2.354
2.358
2.087
1.978
3.038
4.231
3.487
3.909
3.846
2.961
3.018
1.833
1.797
1.832
1.940
1.504
1.957
1.463
2.603
2.839
2.447
2.326
3.350
1.233
2.555
3.081
3.292
2.915
3.418
2.342
1.893
2.115
2.378
2.919
1.970
1.952
2.186
2.790
2.956
2.848
2.594
3.083
2.991
3.012
3.411
2.776
2.528
2.682
3.127
1.450
1.647
2.572
2.169
1.844
2.000
2.057
2.600
1.719
2.199
2.078
2.239
2.036
1.956
3.211
3.104
2.420
2.699
2.866
2.432
3.067
1.389
1.708
2.788
2.398
3.170
3.563
2.974
2.311
2.378
2.968
2.318
2.916
2.311
3.048
3.637
3.474
3.493
2.489
3.204
2.517
2.566
1.717
2.354
2.471
2.424
2.203
2.355
2.635
1.870
2.491
2.359
2.040
2.142
1.985
1.565
2.555
2.736
3.058
2.807
2.461
2.569
2.261
2.781
2.953
2.236
2.223
2.511
2.469
2.690
2.487
2.486
1.907
2.538
3.422
2.386
2.188
2.760
2.582
2.313
2.750
3.808
2.504
2.864
1.842
3.540
3.358
2.582
1.877
2.435
2.709
2.635
2.300
2.243
2.459
3.065
2.616
3.326
2.427
3.188
1.878
2.749
2.157
2.681
2.975
2.996
2.726
2.763
2.550
2.663
1.708
2.109
2.381
2.879
2.659
3.353
3.341
2.943
2.803
2.351
1.924
2.498
2.856
1.641
2.436
2.540
3.148
2.564
2.390
2.003
3.493
3.110
3.610
3.338
3.097
2.637
3.690
2.523
2.669
2.612
2.982
4.118
3.053
2.974
3.014
2.607
2.468
3.419
3.143
2.941
2.850
3.340
3.931
1.866
4.617
3.316
2.755
2.651
3.493
4.865
2.955
4.490
2.897
3.000
3.335
2.726
2.693
2.368
2.492
2.751
3.699
3.440
2.458
2.437
3.196
2.056
2.826
2.983
3.899
3.597
3.335
2.313
2.677
3.280
3.363
3.142
3.211
4.648
2.429
1.861
3.482
3.687
2.203
2.404
4.180
2.718
3.274
3.412
3.559
2.729
2.447
3.407
3.456
3.267
4.032
3.054
2.948
2.580
2.015
2.740
3.456
2.785
2.705
2.821
2.870
5.973
3.539
2.792
3.116
3.029
3.100
4.019
2.224
2.503
3.098
3.518
3.252
3.222
2.591
3.984
6.736
2.314
4.412
3.613
5.010
3.178
3.382
2.289
4.645
3.739
2.932
2.864
3.520
3.581
2.963
3.185
3.690
3.866
3.792
3.334
2.810
2.564
3.107
2.523
3.436
3.913
3.436
3.199
2.819
3.587
3.638
2.805
3.091
2.624
3.658
3.573
3.439
3.787
3.794
2.916
2.295
2.742
2.874
2.754
2.371
2.335
2.822
2.294
2.113
2.647
3.069
3.405
4.120
3.465
2.498
3.053
2.851
2.205
2.878
3.568
2.957
2.115
2.726
3.184
3.927
3.540
2.853
3.247
4.058
3.040
2.738
3.347
3.799
3.387
2.474
2.881
3.086
3.272
3.252
2.520
3.086
2.212
3.082
2.011
3.296
2.088
3.757
3.212
3.411
2.590
3.894
3.532
2.954
3.620
2.859
3.813
2.853
3.047
3.674
3.295
2.577
2.560
2.227
3.372
3.391
3.354
3.876
3.285
3.989
3.278
2.337
2.732
2.838
3.109
3.596
3.657
2.077
1.706
1.634
2.269
1.475
1.094
1.698
1.601
2.411
2.269
2.701
2.523
2.650
3.177
3.403
3.479
3.343
3.459
3.707
3.329
3.083
3.368
2.261
2.536
2.228
1.581
1.862
2.276
2.887
2.651
2.687
2.605
2.436
2.600
2.782
2.837
3.417
2.570
2.256
2.071
2.638
2.885
2.808
2.637
2.794
2.603
2.316
3.490
3.309
2.869
2.441
2.377
2.362
2.868
2.993
1.998
2.109
3.417
2.547
2.856
3.034
2.723
2.513
3.780
3.454
2.493
1.765
2.564
3.112
3.890
2.211
2.584
2.563
2.225
2.320
2.334
2.453
3.248
3.432
2.845
1.981
2.416
2.210
3.426
3.698
3.187
2.667
2.872
2.719
2.319
1.995
2.398
2.148
2.542
2.778
2.776
2.551
2.702
2.817
2.855
2.832
2.597
3.547
3.176
3.423
3.310
2.188
2.437
2.573
2.625
2.728
3.238
2.321
2.523
2.910
2.766
2.442
2.764
2.428
2.872
2.583
1.994
2.192
2.343
2.189
2.936
1.700
2.604
2.699
2.687
2.479
2.102
3.072
3.053
2.855
4.410
5.349
3.121
2.508
3.633
3.361
2.344
3.336
2.427
2.757
2.715
2.582
2.920
2.387
2.628
2.284
2.569
2.358
2.771
2.229
3.443
2.203
2.733
3.170
1.803
3.827
3.283
1.876
1.972
2.423
3.168
4.326
5.025
3.186
2.828
3.048
3.143
3.251
3.335
3.577
3.153
2.236
3.656
3.247
3.027
2.772
1.925
2.385
2.629
3.069
2.231
3.239
3.585
2.434
2.547
2.039
3.078
2.616
1.906
3.452
2.432
3.685
2.936
3.112
2.945
3.173
1.823
2.639
5.225
3.560
2.830
3.195
5.133
3.343
3.604
2.659
2.702
2.956
2.840
2.245
3.320
3.103
2.371
2.463
3.047
2.849
2.703
3.130
2.752
2.870
2.315
1.891
2.819
2.652
2.795
2.877
2.912
3.616
3.059
2.184
2.808
3.364
2.525
3.082
3.240
4.935
4.015
3.459
3.520
3.232
2.251
3.120
2.941
2.381
2.333
2.117
3.102
3.322
3.096
2.970
3.511
2.414
2.082
2.571
3.164
2.118
2.487
2.686
2.584
3.350
2.710
3.433
2.949
3.776
3.951
3.588
2.572
2.839
2.955
2.672
3.302
3.215
2.808
2.728
3.335
4.082
2.736
4.221
2.868
3.469
3.706
4.137
3.348
4.266
3.563
3.271
3.571
3.896
3.618
3.074
2.830
2.948
3.189
4.057
3.782
4.062
4.469
3.502
3.677
3.757
3.865
3.295
3.898
3.436
3.581
3.360
3.551
1.940
2.945
3.031
3.436
3.271
3.264
2.944
3.137
3.679
2.847
3.526
2.785
3.196
3.526
2.355
3.082
2.866
3.189
3.310
2.981
2.825
2.879
2.607
2.406
2.296
1.792
2.315
2.155
2.175
2.401
2.174
2.022
1.964
2.604
2.587
2.830
2.908
3.044
3.383
2.883
3.342
2.855
3.226
2.595
2.106
2.944
2.815
2.460
2.496
3.761
3.516
2.985
2.372
2.646
2.084
2.157
2.473
3.334
3.152
2.363
2.672
2.652
2.895
2.973
2.586
3.456
2.604
2.443
2.498
2.250
2.339
1.728
2.676
3.003
2.740
2.414
2.356
2.320
3.031
2.457
2.020
2.411
2.487
2.022
2.331
2.927
2.723
3.386
2.497
2.084
1.977
2.177
2.899
2.245
1.538
2.676
2.914
3.171
2.087
1.894
2.547
2.428
2.540
2.097
2.215
3.421
2.290
1.736
2.276
2.500
2.539
2.723
3.116
2.978
2.588
3.274
2.727
2.787
3.334
2.760
2.032
3.020
2.162
2.283
2.025
2.395
3.473
2.831
1.845
1.866
3.162
3.076
3.281
3.912
2.938
2.736
2.897
2.325
2.663
2.729
2.192
2.819
2.165
3.089
2.113
1.892
2.616
2.357
2.569
2.040
2.349
2.387
2.414
1.602
2.397
2.412
2.434
2.341
2.467
2.819
2.026
3.039
3.029
2.880
2.433
1.923
2.270
2.118
1.878
2.169
2.347
2.647
1.773
1.608
2.688
2.306
2.650
2.021
2.743
2.718
2.766
2.573
2.715
3.565
2.356
2.613
3.563
2.659
2.576
2.875
2.846
3.158
2.582
2.569
2.726
3.542
3.719
3.059
3.759
4.671
3.241
3.404
2.848
3.661
3.727
2.139
2.979
2.293
2.431
1.892
1.990
1.897
2.343
3.363
3.541
2.934
1.849
1.764
2.249
2.349
2.577
2.685
2.608
3.440
3.462
2.553
3.907
2.505
2.304
3.087
2.423
2.375
2.992
2.565
2.580
2.572
4.290
3.818
3.603
3.044
2.520
2.784
3.061
3.158
3.182
2.812
3.039
2.155
2.769
2.083
2.785
2.384
2.427
3.027
