19790101
112.4
0
99.1
6.3
8.3
14.6
0
0
0
0
0
0
0
22
0
0
0
48.1
32.5
5.3
1.1
0
6.2
0
9.8
0
0
146.5
23.7
8.1
10.2
3
0
0
0
76.8
15.6
0
27.2
0
2.1
0
14.3
100.4
9.9
11.2
2.5
0
0
0
31
1.1
0
0
0
0
18.8
0
0
23.8
0
0
0
0
0
43.3
22.7
13.6
2.4
12.7
5.1
25.5
0.8
0
0
0
0
0
0
13.7
0
30
0
0.9
0
12.6
10.4
7.2
96.5
8.1
0
0
15.6
34.8
27.3
1.4
0
0
0
0
0
23
31.5
2.2
0
0
0
0
0
9.8
17.5
6.2
38.1
4.3
7.5
6.6
0
0
4.2
0
0
0
0
2.2
0
0
0
0
0
0
0
0
0
0
0
0
0
0
1.3
0
0
0
0
0
0
0
0
0
1.5
0.8
0
0
0
0
0
1.8
0
0
0
0
0
0
0
0
0.6
0
0
0
0
0
0
0
0
0
0
0
0
0
0
0
0
0
0
0
0
1.2
0.8
1.6
0
3.2
0.8
0.5
0
0
0
0
0
0
0
0
0
0
0
0
0
0
0
0
0
0
0
0
0
0
0.5
0
0
0
0
0
0
0
97.4
16.7
8.2
0.6
0
0
0
0
0
0
0
0
0
0
0
0.4
0
0
0
0
0
0
0
0
0
0
0
0
0
10.4
0
0
14.3
13.4
0
0
9.6
3.8
2.4
0
0
0
0
0
0
0
0
3.4
2.6
0
0
0
1.1
1.9
0
0
0
0
0
0
0
0
0
4.4
1.3
0
0
0
0
0
0
0
0
18.6
0
0
0
0
0.6
0
1
1.2
0
0
32.8
12.2
9.5
11.3
19.4
89.1
16.3
0
0
0
0
15.8
3.6
4.9
0
0
0
0
0
19.7
9.2
33.5
38.2
0.6
0
0
0
0
0
40.2
7.6
8.8
12.4
2.9
0
0
8.8
0
0
0
63.6
8
38
0
0
0
0
0
27.5
43.8
21.2
0
0
14.9
0
0
0
103.6
5.8
0
0
0
0
0
0
0
27.3
0
29.6
0
0
0
0
0
22.6
0
0
32.4
24.2
0
0
0
12.8
5.7
0
0
19.3
0
22.6
0
0
0
9.6
7.4
10.4
0
0
0
0
12.2
0
0
0
2.6
0
25.7
0
0
9.4
0
1.2
10.6
0
5.6
0
4.4
0
0
0
3.2
28.9
6.6
2.9
0
3.7
25.7
8.6
103.4
32.5
41.9
7.3
50.8
4.5
0
0
0
0
0
0
0
0
0
0
16.4
96.3
17.2
0
0
24.7
13.2
9.2
4.8
0
0
26.2
9.6
21.5
0
0
0
0
22.4
6.2
0
0
0
0
0
0
1.1
3.6
0
0
0
0
0
0
0
0
43.8
19.6
0
0
0
0
0
0
0
0
0
0
0
0
0
0
27.4
6.2
0
4.8
1.3
0
0
0
0
3.4
0
0
0
2.6
0
0
2.1
0
0
0
0
0
0
0
0
3.3
17.1
16.4
0.8
0
0
0
0
0
0
3.1
0
0
0
0
0.7
0
0
0
0
0
0
0
0
0
0
0
0
0
0
0
0
0
0
0
0
0
0
0
0
0
0
0
0
0
0
0
0
0
0
0
0
0
0
0
0
0
0
0
0
0
0
0
0
0
0
0
0
0
0
0.9
0
0
0
0
0
0
0
0
0
0
0
0
0
0
0
0
0
0
0
0
0
0
0
0
0
0
10.4
0.8
0
0
0
0
0
0
0
0
0
0
0
0
0
0
0
12.7
0
0
0
0
0
0
0
0
16.8
9.6
0
0
0
0
0
0.8
0.5
0.3
0
75.8
1.3
2.3
0.4
0
0
27
22.3
20.6
0
0
0
0
0
0
10.2
0
9.6
0
0
0
0
0
0
0
0
24.3
3.6
0
0
15.5
4.8
6.8
0
0
0
0
7.9
17.8
0
0
0
0
0
58
0
46.4
0
0
0
76.4
0
0
0
0
0
0
7.2
5
28.6
0
15.4
0
0
0
0
0
0
0
0
0
38.4
38.4
66.4
0
2.4
10.4
0.5
0
21.3
16.2
100.8
45.6
0
0
60.2
0
0
0
5.2
36.4
43.2
0
31
63.4
0
0
140.2
125
0
0
0
0
83.4
52.6
79.3
8.8
11.2
0
36.5
106.2
0
10.5
3.7
12.3
52.4
24.2
47.3
0
0
12.8
0
64.6
12.7
5.2
0
0
0
0
0
0
0
81.8
8.4
5.2
0
93.7
0
0
0
21.6
0
0
14.5
0
28.9
0
0
5.7
18.8
0
0
0
8.6
0
0
0
0
0
0
0
0
0
15.4
22.2
0
0
0
0
0
26
0
0
0
11
13.4
0
0
0
0
0
0
0
0
34
26.2
18
0
0
0
0
0
0
0
0
0
0
0
0
0
0
0
0
0
0
0
0
0
0
0
26.4
0
0
0
0
0
0
0
0
0
0
0
0
0
0
0
0
0
0
0
0
0
0
0
0
0
0
0
0
0
0
0
0
0
0
0
0
0
0
0
0
0
0
7
0
0
0
0
0
0
0
0
0
0
0
0
0
8.4
0
0
0
0
0
0
0
0
0
0
0
0
0
0
0
0
0
0
0
0
11.4
10.4
0
0
0
0
0
0
0
0
0
0
0
0
0
0
0
0
0
0
0
0
0
0
7.4
0
0
0
0
0
0
0
0
0
0
0
0
0
24.4
16.2
0
0
0
0
0
0
0
0
0
0
0
0
0
0
0
0
0
0
0
0
0
0
0
0
0
0
0
0
0
0
0
0
0
0
0
0
0
0
0
0
0
35.4
0
13.2
0
0
17.5
25.4
0
18
0
0
23.2
0
0
0
0
10.2
0
0
0
0
0
0
41.4
0
0
0
0
0
0
0
0
0
120.4
0
27.2
0
0
0
0
0
0
0
0
0
0
0
2.1
0
4.6
80.1
0
0
0
0
0
0
0
0
0
0
0
0
0
17.4
0
0
170
0
0
0
0
0
6.4
0
0
1.6
0
0
0
21.4
6.2
0
44.3
28.3
0
0
25.4
61.4
0
0
31.2
0
1.3
0
0
0
0
0
46.3
0
0
0
0
0
0
12.4
0
0
66.2
0
16.8
0
0
30.9
40.8
1.4
0.7
48
0
16.6
19.5
12.7
0
47.4
0
20.6
10.7
67.2
31.2
23.5
18.7
0
0
0
15.4
29.4
31.5
12.8
0
0
0
0
3.1
5
0
0
0
0
0
0
11.6
0
0
2.1
0
0
0
0
0
0
1.5
0
3.2
71.6
5.4
0
0
0
12.3
17.4
0
11.6
0
0
0
0
0
0
0
0
0
0
0
0
16.4
0
0
0
0
0
0
0
0
0
0
0
0
0
0
4.6
0
0
0
0
2.5
0
0
1.8
6.3
0
0
0
0
0
0
0
0
0
0
0
0
0
0
0
0
0
0
0
3.2
9.6
0
10.1
0
0
0
0
0
0
0
0
0
0
0
0
2.1
3.4
0
0
0
0
0
0
0
3.4
0
10.2
0
0
0
0
0
0
0
0
0
0
0
0
0
0
0
0
0
0
0
4.4
0
0
0
0
0
0
0
0
0
4.4
0
0
0
0
0
0
0
0
0
0
0
0
0
0
0
0
0
0
0
0
0
3.8
0
0
0
0
0
0
0
0
0
0
0
0.6
0
0
0
0
4.5
8.5
6.7
0
0
0
0
2.1
0
0
1.8
22
17.4
0
0
0
0
0
0
0
0
0
0
0
0
0
0
0
0
0
0
0
0
0
0
0
0
5.2
0
27.4
0
7.2
6.5
0
0
0
0
0
4.1
0
0
0
0
16.5
11.2
0
0
0
0
0
0
0
0
0
5.1
11.1
19.6
5.8
12.6
8.2
0
2.3
5
0
0
63.8
26.4
81.5
67.6
60.2
4.7
0
36.3
0
0
0
0
0
0
51.6
16.1
0
18.8
63.5
11
7.9
0
21.4
9.3
0
0
0
0
0
0
0
0
4.8
0
129.1
0
0
0
0
33.4
7.2
0
0
51.2
2.5
11.7
20.1
12.3
38.6
28.2
0
0
0
0
0
16.4
0
32.2
12.9
0
0
87.6
72.4
32.8
6.5
1.2
0
0
0
0
9.4
0
0
0
151.4
11.3
29.6
36.8
21.5
0
0
0
0
169.3
0
0
0
0
185
27.1
14.9
0
21.2
11.8
3
0
0
0
0
0
0
9.1
0.8
0
0
1.8
0
6.2
0
0
0
0
0
0
0
0
0
0
1.1
9.6
5.8
6.3
2.8
0
9.1
26.2
0
0
0
0
0
0
0
0
0
9.7
12.3
6.6
8.5
4.9
36.1
19
7.7
15.4
5
0
0
0
0
0
0.6
17.2
0.8
0
0
3.7
4.1
0
0
0
12.6
18.9
11.5
2
0
0
0
0
0
1.3
0
0.8
0.6
1.5
5.2
1.1
0
0
0
1.3
0
0
0
2.8
3.2
0
0
0
0
0
0
0
0
0
20.6
4.2
0
0
0
0
0
0
0
0
0
6.8
0
0
0
0
0
0
0
0
0
0
0
0
0
0
1.1
6.2
0
0
0
0
0
0
0
0
0
0
0
0
0
0
6.3
0
0
0
0
11.1
3.8
0
0
0
0
0
0
0
0
3.7
0
1.5
0
0
0
0
0
0
0
0
0
0
0
0
0
0
0
0
0.6
8.4
11.3
0
0
0
0
0
0
0
0
0
0
0
0
0
0
0
0
0
0
0
3.4
0
0
0
0
0
0
0
0
0
0
0
0
0
0
0
0
0
0
0
0
0
2.2
0
0
0
0
0
0
29.8
0
0
0
0
0
0
0
0
0
0
0
11.6
7.3
0
68.3
0
0
0
0
0
29.2
4.6
0
47.4
1.5
8.7
0
3.1
0
0
0
0
2.2
0
12.8
25.6
0
0
0
0
0
1.9
0
2.5
0
109.9
8.7
0
16.5
0
0
0
0
0
26.1
5.6
0
0
0
0
0
12.9
31.2
0
6.2
0
0
0
0
0
0
0
0
0
131.7
69.7
41.5
142.3
34.6
0
0
0
57.6
4.1
6.5
0
0
16.1
15.4
0
0
18.7
0
0
98.3
6.1
45.4
2.4
0
13.6
12
5.2
0
0
0
0
27
0
9.6
0
17.2
2.2
0
0
0
27
0
1.6
52.9
0
0
0
0
0
0
5.5
0
54.6
27.6
1.9
0
0
24.4
0
38
0
0
3.2
12.3
0
0
0
0
59.1
15.5
0
4.8
38.3
9.5
0
78.7
87.7
41.6
47.2
39.4
2.2
0.8
0
0
3.3
22.2
23.4
12.8
111.9
25.6
8.3
0
0
0
6.1
0
0
3.3
0
0
0
0
16
29
7
9.5
5
37.2
9.4
2.7
8.6
4.2
0
0
0
0
0
0
0
2.5
0
0
0
0
0
0
1.9
0
0
0
13.5
3.9
3.4
0
0
0
0
0
2.5
0
0
0
0
0
0
0
0
14.6
13.2
0
0
0
0
0
0
0
0
0
0
0
0
0
0
0
0
0
0
0
0
1.5
0.4
0
7
2.6
7.8
9.6
5.3
12.5
2.9
0
0
0
0
0
0
0
0
0
0
0
0
0
2.4
1.2
3.5
2.8
0
0
0
0
0
11.2
1.1
0
0
0
0
0
0
0.8
1.1
0
0
0
0
0
0
0
0
0
0
0
0
1.3
0
2.8
3.2
2.4
0
0
0
0
0
0
0
0
23.1
0
0
0
0
0
0
0
0
0
0
1.5
3.4
0
0
0
0
0
0
0
0
0.7
0
0
0
0
0
1
0
0
0
0
0
19.7
0
0
0
0
0
0
0
0
0
0
0
0
0
0
0
0
6.8
4
0
0
18.3
0
0
0
0
2.4
6.2
0
0
1
2.7
0
0
0
0
0
0
21.3
8.1
2.2
0
0
0
0
0
0
5.2
3.4
0
1.3
0
9.8
12.6
7.4
0
0
0
0
8.2
0
0
0
0
0
29.6
0
2
0
0
0
48.3
78.5
31.7
1.8
0
8.5
0
1.2
6.6
0
23
11.8
0
0
0
0
0
0
4.5
3.7
3
69.4
5.2
0
0
14.7
56.2
0
1.8
4
49.4
1.4
0
0
0
0
0
2.9
6.3
0
1.6
0
0
0
0
0
39.7
15.5
0
0
0
32.6
0
0
0
0
2.4
3.2
14
2.1
21.8
0
0
0
87.5
0
53.6
73.4
8.7
0
4
0
31.6
7.9
10.5
0
1.5
0
0
0
1.8
63.8
0
65.4
0
0
0
0
0
0
0
135.6
31.8
0
0
0
0
0
50.2
0
30
0
0
11.6
0
0
1.6
2
0
0
3.2
1.9
4.2
12.4
5.4
0
0
0
0
5.6
0
0
0
0
0
0
120.5
6.4
2.6
18.2
17.4
0
0
2.2
0
0
0
6.6
16.8
0
0
0
0
3.4
8.6
0
0
0
0
0
0
0
3.2
1.3
0
0
0
0
0
0
0
0
0
0
7.6
0
0
6.2
1.4
0
0
0
0
0
1.7
7.8
1.2
2.7
2.2
0
0
0
0
0
0
0
0
0
0
0
0
0
0
1
5.4
0
0
0
0
0
0
0
0
0
0
0
26.4
1.5
0
0
0
31.6
0
0
0
0
0
0
0
0
0
0
0
0
0
0
0
0
0
0
0
2.2
0
0
0
0
0
11
16
0
0
0
0
0
4.3
28.6
1.8
0
0
0
0
0
0
0
0.9
0
0
0
0
0
0
0
0
0
0
0
0
0
0
74.4
4.3
0
0
0
0
0
0
0
0
0
0
0
2.2
0
0.5
0
0
0
0
0
0
0
3.6
0
0
0
0
0
0
0
0
0
0
0
8.1
34.4
3.3
0
0
0
0
0
0
0
0
0
0
22.5
1.4
0
8.3
2.5
0.8
0
0
0
0
2.2
3.8
4.6
42.6
26.2
8.8
0.9
0
0
0
0
0
0
35.5
6.2
1.1
0
7.7
0
0
12.3
1.5
0
0
12.6
9
16.4
0
0
93.8
0
0
0
12.3
8.6
0
0
0
0.8
0
0
15.2
17.3
23.8
2
4
8.8
0
0
0
0
36.5
10.7
0
0
50.3
7.5
34
0
0
0.9
0
1
21.3
0
0
12.8
8.6
11.3
0
0
5.3
33.2
20.4
0
0
9.5
0
0
0
43.2
6.3
0
0
0
0
0
0
0
0
0
0
3.6
0
0
46.3
4.5
0
0
0
0
22.7
0
0.8
0
4.4
0
0
59.2
0
82.1
9.3
0
0
0
37.6
14.8
0
0
0
9.4
39
1.3
0
0
18.4
11
2.1
0
0
0
0
0
48
4.6
1
0
1.8
0
0
0
53.6
0
0
0
0
0
21.4
4.8
1.1
0
0
0
0
9
1.8
0
1.1
11.5
5.2
0
0
49.8
1.1
0.6
3.7
34.1
15.4
6.5
0
0
0
0
0
0
0
0
2.2
1
0
0
0
0
0
0
0
0
0
0
0
0
0
0
5.3
4.8
1.2
7
6.6
0
0
0
0
1.4
3.2
0
0
0
0
0.7
0
0
0
0
0
0
0
0
0
0
0
0
0
0
0
0
3.5
7.4
0.8
0
0
0
0
0
1.1
0
0
3.3
6.5
0
0
0
0
0
2
2.5
0
0
0
0
0
0
0
0
0
0
0
0
0
0
0
12.4
4.3
2.8
25.4
1.8
3.6
0
0
0
0
0
0
0
0
0
0
0
4.1
0
4.9
0
0
0.8
0
0
0
20.6
0
0
0
6.8
2.2
3.4
5.7
0
0
0
0
0
0
0
0
0
0
5.1
0
0
0
1.5
0
0
0
0
0
0
0
0
0
0
0
0
0
0
0
0
0
0
0
0
2.2
4.4
33.6
3.8
2.8
2.1
0
0
1.4
4.4
0
0
0
0
8.6
42.2
19.8
2.1
0
0
0
0
0
0
54.8
9.2
0
0
0
0
0
0
0
0
0
0
0
0
11.2
2.1
27.3
19.5
4.7
0
0
0
0
0
4.3
0
0
0
0
0
23
3.2
0
0
0
0
0
64.9
0
0
0
0
12.6
8.2
0
39.4
0
3.7
0
0
0
11.9
0
57.5
0
2.4
0
0
54
0
0
3.6
65.5
0
0
0
0
0
0
0
0
0
1.8
0
0
14.6
199.7
5.2
0
0
0
50.5
1
4.6
0
68.2
0
17.8
0
54.5
30.7
6.4
0
1.1
2.5
77.2
0
54.2
0
11.2
12.6
0
0
42.4
0
0
14.7
11.2
0
0
0
0
0
4.1
63.4
0
0
0
0
0
0
0
0
0
1.8
0
0.5
0
0
2.4
0
0
0
0
6.3
0
0
0
0
0
0
0
0
48.6
28
0
0
0
0
0
1
0
0
0
38.4
14.8
22.4
3.5
0.8
3.3
12
0
0
0.7
8.6
0
0
0
0
0
0
0
0
0
17.8
26
0
0
0
3
0
0
40.2
22.1
0.7
0
0
0
0
0
0
0
24.3
2.2
2.6
0
0
1.1
0
2.4
0
0
0
2.1
0
0
0
0
0
0
0
0
0
0
0
0
0
0
2.2
22.2
0.5
1.6
0
0
0
0
0
0
0
0
0
9.3
1.1
0
0
0
0
0
0
0
0
0
0
0
0
0
0
0
0
0
0
0
0
0
0
0
0
0
0
0
0
0
0
0
0
0
0
0
0
0
0.8
0
0
10.6
0
8.7
0
0
0
0
0
0
0
0
0
0
0
0
0
0
0
0
11.8
0
0
0
0
0
0
0
0
0
0
11.6
0.8
0
0
0
0
0
0
0
0
0
0
0
0
0
0
0
0
0
0
0
0
0
0
0
0
0
0
0
0
7
14.4
0
0
0
0
0
0
0
0
0
0
0
0
0
6.8
0
0
0
0
0
0
0
0
0
0
0
0
0
0
0
0
0
0
7.2
0
0
0
0
0
7.8
0
0
0
0
0
0
0
0.8
15.8
0
17.6
0
0.8
0
20.2
0
0
0
22.2
4.3
0.8
0
0
0
0.6
20.6
49.9
4.6
2.4
9.7
8
0
0
0
0
0
0
25.8
0
133
0
0
40.8
4.4
0
0
0
0
0
0
0.6
0
18.3
0.8
0
0
0
9.2
0.8
1
0
33.9
37.5
22.3
19.2
27.6
0
0
4.6
0
0
0
43.2
0
0
0
0
0
49.1
0
32.3
23.5
11.5
12.2
0
12.2
6.5
14.4
83.2
8.6
11.8
0
194.4
0
0
22.5
67.5
0
0
0
0
5
15.2
0
0
0
0
0
18.8
23.5
0
0
14.8
0
0
0
22.4
3.2
32.6
7.8
0
18.4
0
0
27.3
18.5
0
62.3
0
0
0
0
21.8
26.5
15.6
0
1.1
28.2
3.4
2.6
0
0
0
0
0
0
0
0
0
0
23.4
1.5
0
0
14.2
3.1
4.2
0
63
0
0
0
0
0
0
7.8
0
0
0
0
21.4
0
0
1.8
10.8
3.1
0
0
0
1.6
14.2
3.3
0
6.2
74.6
11
7.7
0
0
4.8
23.5
16.4
2.1
1.6
2.9
0
0
0
0
0
0
0
0
0
1.1
0
19.5
0
0
0
0
0
0
0
0
0
1.8
6.1
0
0
0
0
0
0
0
0
0
0
0
0
0
0
0
0
0
0
0
5.3
1.3
0
0
0
0
0
0
0
0
0
0
0
0
3.5
5.2
0.9
0
0
0
0
0
0
0
0
0
0
0
0
0
7.5
12
0
0
0
0
0
0
0
0
0
0
0
0
0
0
0
0
0
0
0
0
0
0
0
0
0
0
0
0
0
0
0
0
0
0
0
0
0
0
0
0
0
0
0
0
0
0
0
0
0
4.5
0
0
0
0
0
0
0
0
0
0
0
0
0
7.5
0
0
0
0
0.5
0
0
0
0
0
0
0
0
0
0
0
0
0
0
0
0
0
4.6
0
0
0
0
0
0
0
0
0
3.5
0
0
0
0
0
0
0
0
0
0
0
0
0
0
0
0
0
0
0
0
10.1
0
11.4
22
0
0
0
0
0
0
0
0
0
0
0
0
0
0
0
0
0
0
0
0
0
0
0
0
52.4
25
0
0
0
0
35.2
27.4
0
0
0
0
0
0
0
79.4
0
0
0
0
0
0
0
0
0
1.8
0
3.2
6.8
1.5
2.6
1.2
30
0
0
0
0
0
14
0
0
0.8
0
7.6
0
0
0
1.2
21.2
0
0
0
47.5
0
0
0
4.6
6.2
0
0
0
0
0
23.4
0
0
0
0
0
0
0
10.8
0
5.2
0
0
0
0
0
18.6
2.2
0
22.1
4.3
0
17.5
0
1.7
33.4
0
0
0
0
0
6.4
0
0
0
0
0
0
0
4.8
101.9
2.9
0
0
9.6
12.8
23.7
0.8
0
0
0
0
0
0
0
33
0
0
0
0
0
0
0
0
0
0
0
0
0
0
3.7
5
0
0
8.4
0
0
0
0
0
40.6
0.6
0
0
0
0
0
0
0
0
0
0
0
0
0
0
0
0
0
7
4.6
0
0
0
0
0
0
0
7
0
0
0.8
0
0
0
0
26.4
23.6
2.1
0
0
0
1.1
0
0
0
0
0
0
1.6
0
3.6
1.6
5.2
0
0
0
1.3
5.2
0
0
0
0
0
0
0
0
0
0
0
0
0
0
0
0
0
0
0
0
0
0
0
0
0
0
0
0
0
0
0
0
0
0
0
0
0
0
0
0
0
0
0
0
0
0
0
0
0
0
0
0
0
0
0
0
0
0
0
0
0
0
0
0
0
0
0
0
0
0
0
8.6
2.2
0
0
0
0
0
0
0
0
0
0
0
0.8
0.6
0
0
0
0
0
0
0
0
0
0
2.5
40.8
12.5
11.4
29.4
11
0.8
0
0
8.8
3.7
0
0
0
0
0
0
0
0
1.1
0
0
0
0
2.2
0
0
0
0
0
0
0
0
0
43.6
23.2
6.8
0
0
0
0
0
0
0
0
1.7
0
0
0
0
0
0
5
0
10
0
56.2
0
17.4
0
1.5
0
0
0
0
0
2
0
92.6
0
0
84.4
0
0
0
0
0
0
0
0
15.8
0
2.2
0
12.2
0
0
1.2
0
0
0
0
0
0
62
35
0
0
14.2
1.6
25
0
0
0
0
0
0
0
0
26
4.7
0
0
0
2.7
0
91.2
8.5
8.1
6.1
6.3
10.2
5.1
4.7
12.1
10
8.6
6
13.6
8.8
11.1
4.5
8.5
2.3
5.1
5.1
6.6
13.4
4.7
3.4
5.3
9.2
9
9.6
5
7.4
7.7
8.5
4.3
4.4
4.1
12.6
7.1
11
11.3
11.9
3.9
6
8.4
5.3
6.9
5.8
5.6
6.9
5.9
3.1
5.1
3.7
2.1
4.4
10
4
4.8
5.6
7.8
3.4
5.4
7.1
6.7
4.6
3.8
1.8
4.7
4
2.3
6.5
6.3
5.1
5.9
3
4.6
3.3
3.3
2.7
1.5
3.2
1.8
3.6
2.6
4.1
5.2
2.3
3.6
1.3
2.1
2.5
0
0
0
0
0
0
0
0
0
0
1.8
10.9
0.9
2
8.4
0
0
0
0
0
0
0
0
0
0
0
0
0
0
0
1.2
0
0
0
0
9.8
0
0
0
1.8
0
7.1
1.1
0
0
0
0
0
0
1
0
0
0
0
0
0
0
0
0
0
0
0
0
0
0
1
0
0
0
8
0
0
0
0
0
0
0
0
0
0
2.5
0
2.2
0
0
0
0
0
0
0
0
0
0
0
0
0
0
0
0
0
0
0
0
0
0
0
0
0
0
0
0
0
0
0
2.8
0
0
0
0
4.6
0
0
0
0
0
0
0
0
0
8.2
0
0
0
0
0
0
0
0
0
0
0
0
0
0
5
0
0
0
0
0
0
3.3
0
0
0
0
0
0
20
5
0
0
0
0
0
0
0
0
0
0
0
0
4.2
10
0
0
14.8
2.3
0
0
13
2.6
2.6
0
12.8
2.4
0
3.6
9.4
0
0
4.5
1
0
0
5.9
0
0
17.4
29.2
0
0
0
1
0
0
0
0
0
87
0
0
0
0
0
0
0
0
0
0
5
9.5
0
7.1
4.5
4.1
15
0
0
0
0
9.5
0
0
0
0
55.8
4.6
1.1
0
0
76.5
7.7
0
0
0
61
2.8
0
15
0
30.6
15.4
38
7
25
0
0
0
0
30.4
13.2
0
0
0
0
0
0
0
65.2
2.6
1.9
0
0
0
0
0
0
0
0
10
0
2.6
0
5
0
11.2
5.5
18.6
6.7
0
0
0
0
0
8
9
0
1.8
3.5
0
0
3.2
14.5
0
0
6.7
40.7
0
0
0
4.6
0
27.4
1.5
0
0
43.6
9.7
0
0
0
0
0
11.6
0
0
0
0
7.8
4.6
4.4
0
0
13.5
2.2
0
0
32.6
2.3
0
0
0
0
1.2
0
0
16.4
2.2
0
0
0
10.2
0
0
0
0
0
0
0
0
0
0
0
0
0
4.3
0
8.2
5.5
0
0
0
0
0
0
8.1
0
0
0
0
0
0
0
1.8
6.5
0
0
3.3
0
0
0
0
0
0
0
1.4
3.5
2.2
1
1.2
8
3.3
0
0
0
0
0
0
0
0
0
0
0
0
0
0
0
0
0
0
0
0
0
0
0
0
0
0
1.5
1
0
0
0
0
0
0
2.6
9.3
2.4
1
0
0
0
0
0
2.6
0
0
0
0
0
0
0
0
0
0
0
0
0
0
0
0
0
0
0
0
0
0
0
0
0
0
0
0
0
0
0
0
0
0
0
2.9
0
0
0
0
3
7.8
0
0
0
0
5.5
0
0
0
0
0
0
0
0
0
0
0
0
0
0
0
0
0
0
0
0
0
5.2
0
0
0
0
0
0
4
34
0
0
0
0
0
0
0
6.2
0
0
0
0
0
0
0
0
0
0
0
0
0
3.2
21
15.8
2.6
4
0
9.6
7.8
8.2
0
0
0
0
0
1.8
8.2
1.2
3.6
0
0
0
1
0
0
0
0
0
0
0
0
0
0
0
14
0
0
0
5.6
0
11.7
0
1.1
0
10
0
2.6
1.2
0
17.5
0
0
0
0
2.2
0
8.9
0
0
0
26
6
0
0
0
33.6
13.6
10
0
0
0
0
48.1
1.2
16.7
73.4
0
0
43.4
0
44.6
2.9
0
0
0
0
0
0
0
0
0
0
0
0
22.8
0
0
0
35.8
0
0
13.2
20
0
29.9
8.5
0
24.4
8.4
1.6
5.5
4
0
0
0
0
0
0
10.8
0
0
0
1.5
0
31.3
0
0
0
0
0
0
0
7.2
0
0
39.6
0
0
0
0
51.2
0
0
0
0
0
11.4
45
29.1
0
0
0
3.5
22.8
0
0
0
0
1.6
0
0
0
8
24
0
0
0
0
23.4
0
0
0
0
0
0
2
9.5
1.4
2.5
0
0
2.4
7.4
1.2
0
2.4
0
0
0
0
0
0
0
0
0
0
0
0
0
0
0
0
0
1.4
11.3
0
0
0
0
0
0
0
2.1
0
1.6
0
0
0
0
0
0
0
0
0
0
0
0
0
0
0
0
0
0
0
0
0
0
0
0
1.1
0
0
0
20
7.5
0
0
0
0
0
0
0
0
0
0
0
0
0
0
0
0
16
0
0
0
0
0
0
5.2
0
0
0
0
0
6
0
0
0
0
0
0
0
0
0
0
0
0
0
0
0
0
0
0
0
0
0
0
0
0
0
0
0
0
6
0
0
0
0
0
0
0
0
0
0
0
0
0
0
0
0
0
0
0
0
0
0
0
0
0
0
0
0
0
0
0
0
3
0
0
0
0
0
0
0
4.2
0
0
0
0
0
0
0
39.9
0
0
0
0
0
0
13.3
1.1
0
0
0
10.2
0
6.2
0
0
0
0
0
0
0
0
0
0
0
0
0
0
0
4.8
7.5
0
0
0
0
0
0
0
20.6
0
29.2
7.6
5.2
0
0
0
0
0
10.6
0
0
0
17.8
10.1
0
0
9.2
14
0
0
0
0
23.9
0
0
0
0
0
0
0
10
44.1
3.1
0
0
1.1
0
38.7
0
39.4
0
9.4
0
0
22.7
47.6
0
0
0
0
0
0
9.6
37
28
0
0
0
0
4.8
0
5.1
0
113.8
10
0
0
0
0
0
0
0
0
0
0
37.1
27.4
0
27
0
0
0
7.4
0
0
0
0
0
0
0
9.5
0
0
0
0
0
0
0
4.4
6.4
23.5
10.2
0
0
0
0
0
0
0
0
0
0
0
0
6.4
20
0
5.2
0
0
0
0
0
0
0
0
19
16
0
0
0
0
0
0
0
0
0
0
0
0
0
0
0
0
0
0
0
0
0
5.2
3.7
0
0
0
1.6
1.4
0
0
0
0
0
0
0
5
0
0
0
0
0
0
0
5.6
10.5
0
0
0
0
0
0
0
0
0
0
3.7
1.1
0
0
0
0
0
0
0
0
0
0
0
0
1.2
12.5
6
1
0
0
0
0
2.6
0
0
0
0
0
0
0
0
0
0
0
0
0
0
0
0
0
2.2
0
0
0
0
0
0
0
0
1.1
0
0
0
0
0
0
0
0
0
0
0
0
0
0
0
6.5
0
0
0
0
0
0
0
0
0
5.1
0
0
0
0
0
0
0
0
0
0
0
0
0
0
0
0
0
0
0
0
0
0
1
0
0
0
0
0
0
0
0
0
0
0
0
0
0
0
0
0
0
0
3
12.6
4.4
0
0
12
10.2
0
0
0
0
0
10.6
0
8.2
0
0
0
0
0
0
0
0
9.6
0
0
0
0
0
0
4
5.2
0
0
6.1
6.3
4
3.2
0
0
33.6
8.4
0
0
0
0
0
0
0
0
0
0
0
0
0
3.2
0
0
14.5
0
0
0
0
0
0
0
0
49
0
0
0
0
0
0
0
0
0
0
0
0
0
0
0
0
0
50.5
5.5
36
0
0
0
8
0
0
0
0
0
19.5
29
0
38.5
0
0
0
0
8
0
7
0
10
17
24
0
0
0
12.5
5.5
0
71.5
0
6
0
0
26
4
0
0
55
0
0
0
9
5.6
0
0
0
0
50
0
0
0
0
0
39
0
2.2
0
10
46
0
0
0
0
0
0
0
0
0
7.5
8.7
45
17
0
0
0
0
0
0
0
0
0
0
0
0
0
18.6
6.1
15.3
0
0
0
0
0
0
0
0
0
0
0
0
0
16.3
3.1
0
0
0
3.2
1.1
0
0
0
0
1.9
0
0
0
0
0
0
0
4.2
1.7
0
0
0
0
0
0
0
0
1.6
0
0
0
0
0
6.2
9.1
0
0
0
10.8
3.2
0
0
0
0
0
0
0
0
0
0
0
0
0
0
1
6.4
2.8
7.2
2.4
2.5
0
0
0
0
0
0
0
7.2
1.4
1.1
0
0
0
0
0
0
0
0
0
0
0
0
0
0
0
0
0
0
0
0
0
0
0
0
0
0
0
0
0
0
0
0
0
0
0
0
0
0
0
0
0
0
11.3
0
0
0
0
0
0
0
0
0
0
0
0
0
0
0
0
0
0
0
0
0
0
0
0
0
0
0
0
0
0
0
0
0
0
0
0
0
0
0
1.9
0
0
0
0
0
0
0
0
0
0
0
0
0
0
0
0
0
0
0
0
0
0
0
0
0
0
0
0
0
5.7
0
0
0
0
0
0
0
0
0
0
15.5
4.4
0
0
0
0
0
0
0
12.4
7.1
8.2
8.5
0
0
2.7
29
0
39.5
0
0
0
0
0
0
0
48.6
1.4
0
0
0
0
0
0
0
6.5
1
19.4
2.4
7
2.8
0
0
0
0
0
0
0
0
1.7
0
0
0
0
0
0
0
0
0
0
0
0
0
0
25.5
0
2.4
50.9
0
0
32
2.2
0
0
0
0
37
0
0
44.2
0
0
0
0
10.6
7.1
0
32
0
0
26.3
7.2
10
0
0
0
0
0
0
12.3
0
0
0
0
0
52
4
0
0
0
39.4
5
6
0
0
0
0
0
0
3
0
0
0
5.5
0
0
0
0
0
0
9.5
0
0
0
34
9.6
0
1
6.9
0
0
45.6
10
0
0
44.8
1.6
0
43.3
0
0
0
0
0
0
0
0
0
0
0
0
0
0
0
0
0
0
0
0
0
2.8
1
26
0
0
0
0
0
0
0
0
9.3
0
0
0
0
0
0
0
0
0
40
0
0
0
0
0
0
0
0
0
0
0
31.2
0
0
0
20.4
0
0
0
0
0
0
0
0
0
0
2.1
11.5
5
4.4
0
0
0
0
0
5.1
1
0
0
0
0
0
0
1
0
0
0
4.6
0
0
0
0
0
0
4.4
1
1.1
0
0
0
0
0
0
0
0
2.1
0
0
0
0
0
0
0
3.5
0
0
0
0
0
0
0
0
0
0
1
0
2.2
0
0
0
0
0
0
0
0
0
0
0
0
0
0
0
0
0
0
4
0
0
0
0
0
1.1
0
0
0
0
0
0
0
0
0
0
0
0
0
0
0
0
0
0
0
0
0
0
0
0
0
0
0
0
0
0
0
0
0
0
0
0
0
0
0
0
0
0
0
0
0
0
0
0
18
3
0
0
0
0
0
0
0
0
0
0
0
0
0
4.1
0
0
0
0
0
0
0
0
0
0
0
0
0
3.8
0
4
0
0
0
0
0
0
0
0
0
0
56.5
4
0
35
0
0
0
0
0
0
3
0
0
0
0
0
0
3.5
0
0
0
0
0
0
0
0
21
0
4.2
4.6
22.1
0
0
10
0
0
0
31.5
0
0
0
0
0
0
0
0
0
0
0
0
0
0
0
0
0
0
72
1.8
0
0
0
13
0
0
0
0
0
0
0
3.5
0
21
13.5
4.5
0
3.5
22.5
0
0
0
12
0
0
0
0
10
0
7
6.4
0
0
0
28
0
7.4
0
0
0
0
0
0
0
0
0
2
0
0
0
0
0
0
0
16
0
0
3.8
0
31.5
0
0
0
6
0
0
0
0
0
0
10
0
0
0
0
0
0
3
0
0
0
3.4
0
0
0
0
0
0
10
9
2.3
0
0
0
0
0
0
0
0
0
0
8.9
0
0
0
0
0
0
0
0
20
4.8
1.2
0
0
0
0
0
1.9
0
0
0
0
0
0
0
0
0
0
0
4.7
0
0
7.7
0
6
0
0
0
2.9
1.5
0
0
0
0
12.4
5.9
0
0
0
0
0
0
0
0
0
0
0
0
0
0
0
1.8
3
8
6
6.6
0
0
0
0
0
0
3
8
0
0
0
0
0
0
0
0
0
0
0
0
0
0
0
0
0
0
0
0
0
0
0
0
0
0
0
0
0
0
0
0
0
0
0
0
0
0
0
0
0
0
0
0
0
0
0
0
0
0
0
0
0
0
0
0
0
0
0
0
0
0
0
0
0
0
0
0
0
0
0
0
0
0
0
0
0
0
0
0
0
0
0
0
0
29.9
4.7
33.6
19.1
0
0
0
0
0
0
0
0
0
0
0
0
0
0
0
0
0
0
0
0
0
0
0
0
33.2
8.4
8.8
2
1.2
0
0
0
0
0
25
8
0
3
16
2.4
0
0
5
1
2
11
0
0
0
0
0
10
0
0
6
0
0
0
0
0
0
0
0
0
0
27.2
0
0
0
7.5
39
2.2
0
0
0
0
0
0
0
0
0
0
33.2
0
0
19
12
2
0
0
5.5
68.2
0
0
0
0
127
89
4.2
0
0
5
0
6.2
0
16
4
0
0
0
65
19.5
0
12.5
27
30
0
0
23.5
0
0
0
0
97
0
0
50
3
0
50
0
0
23.6
25
10
2
0
0
1
2.4
0
0
11.2
0
0
20.4
0
75.2
0
0
0
0
0
22.2
55.4
0
0
6
50
6
0
0
0
0
7
0
0
0
0
14
0
0
0
22.4
0
0
0
0
15
3.5
0
0
0
20
0
0
0
0
0
0
0
0
0
0
0
0
0
0
0
0
0
0
0
0
13
0
2.8
0
0
0
0
0
0
0
0
0
0
0
1
3.6
0
0
0
0
0
0
0
0
10
6
0
0
0
0
0
0
2.4
0
4.8
0
0
0
0
0
0
0
0
0
0
0
0
0
0
2.9
0
0
0
0
0
0
0
0
0
0
0
0
0
0
0
0
0
0
2.2
0
2.9
0
0
0
0
0
0
0
0
0
0
0
0
0
2.9
0
0
0
0
0
0
0
0
0
0
0
0
0
0
0
0
0
0
0
0
0
0
0
12.9
3
0
0
0
0
0
0
0
0
0
0
0
0
0
0
3.9
0
2.1
0
0
0
0
0
0
0
0
0
0
0
0
0
0
0
0
0
6.6
0
0
0
0
0
0
0
0
0
0
0
0
0
0
0
0
7.3
0
0
0
0
0
0
0
0
0
0
0
0
0
0
0
0
0
3.2
1.8
0
0
0
0
8.2
0
0
5
11
0
0
0
0
6.4
3.2
5.3
0
0
18
3.8
0
1
2.2
0
7.6
5
0
0
17.4
0
0
0
20.2
1.5
0
0
0
0
0
22.5
0
0
16.6
5
2
0
10.2
0
0
0
0
0
0
10
0
0
15
23
2.2
0
0
0
0
0
0
0
0
7.5
0
0
0
0
0
10
0
13.6
0
14
23.2
0
0
0
0
33.6
0
0
0
0
5
48
0
21
0
0
5.2
0
0
0
14
26.2
0
0
0
0
95.7
4.5
0
0
0
0
0
3
0
0
16
0
0
33
0
7.9
3
0
0
0
0
0
10
7.6
7
3.5
3.4
1
0
0
11.6
0
0
0
0
0
0
6.8
5.2
24.8
4.5
1.6
59.8
0
0
0
0
0
5.5
1.2
0
0
2
17.5
3
1.6
33
0
0
0
3.5
0
0
3
0
0
0
0
0
0
7
0
0
0
0
6.7
3.8
11.2
34.4
10.7
0
0
0
0
0
3.1
22.6
18.6
9.2
28
2.9
0
0
0
0
0
0
0
0
0
0
0
0
0
0
5.9
28.7
28
0
0
0
0
0
0
0
0
4
1.2
14
0
0
0
1.5
0
0
0
0
0
0
0
0
0
0
6
15
3.5
3
4
3.2
0
0
0
0
0
0
0
0
14.6
0
0
0
0
0
0
0
0
0
0
0
0
0
2.2
1
0
0
0
0
0
0
0
0
0
0
0
0
2.2
1
4.2
1.1
0
0
0
0
0
0
0
0
0
0
0
0
0
0
0
0
14
1
0
0
0
0
0
4
0
9.8
0
1
0
0
5.9
9.6
0
0
0
0
0
0
0
0
6.6
2
0
0
0
4
0
0
0
0
0
0
0
0
23.6
9.9
0
0
0
0
0
0
0
0
0
0
0
0
0
0
0
0
0
0
0
0
0
0
0
5.8
28.9
43
1
0
0
0
0
0
0
0
13.5
3.6
0
0
0
4.8
0
3.6
2
29
0
0
2
0
8.4
1
5.5
3.4
1.1
0
0
0
0
0
18.2
0
0
0
0
0
0
2
6.6
0
0
0
2.9
0
0
27.9
0
0
2.5
0
0
0
32.8
0
0
0
0
14.8
1.1
1.1
0
0
0
0
28.4
0
0
0
0
0
0
0
2.4
0
0
33
0
0
0
5.4
7.2
0
0
0
41.6
0
0
15
10
0
0
0
39.2
5
0
2.2
13
4
34.2
3
0
4
35.8
0
0
0
0
0
0
0
2.9
0
54.2
80
0
0
0
19.8
0
0
0
0
13
0
0
0
0
0
25.5
0
0
4.2
5
0
0
13
16.3
0
0
0
0
40
0
7
6.2
10
0
1.8
28
0
57.6
7
11
20.8
3
2
0
0
1.9
15
9.5
10
24.1
1.3
3
12
1.6
20
4
0
5.1
2.8
3.1
3.2
0
0
10.5
0
0
0
23
0
0
0
0
0
0
0
0
1.1
0
0
0
0
1
0
0
0
0
0
0
0
0
0
7
0
4.1
4
16.4
0
0
0
1
1.1
1
12.9
2.9
1
0
0
0
0
1
0
0
0
0
0
1.5
12.5
1.2
2.5
1.6
0
0
0
0
0
0
0
0
0
1.9
0
0
0
0
0
0
0
1
0
0
0
1.5
2
0
0
1
1.7
0
0
0
0
0
0
0
0
0
3.5
3.7
5
6
0
3.6
0
0
0
0
0
0
0
0
0
0
0
0
0
0
0
0
0
0
0
0
0
0
0
0
0
3.9
0
0
0
0
0
0
0
0
0
3.7
0
0
0
0
0
0
0
0
0
0
0
0
0
0
0
0
0
0
0
0
0
0
0
0
0
0
0
0
0
40
0
0
7
0
0
16
1.3
0
34.4
3.1
1.4
0
0
0
0
0
0
0
0
6.2
1.1
0
7
0
0
0
0
0
0
0
0
0
0
0
12
28.2
2
1.6
0
0
0
17.7
0
0
0
12.9
0
0
0
0
0
0
0
0
0
0
10
17.9
0
2.4
0
0
20
6
0
0
0
19.6
1
3
0
0
0
0
0
0
0
0
46.8
0
0
0
0
0
7.1
0
3.9
0
0
48
3.3
0
47.6
2.2
0
11.8
0
53.8
0
0
0
0
9
0
0
2.5
0
22.5
0
15
0
8.5
0
77.5
3.5
101
16.5
0
0
0
74
4
0
31
0
0
0
0
19
0
0
0
51.5
0
0
0
25.5
0
3.5
0
0
0
63
18.5
3
1
0
0
0
26.5
12
1.5
0
5.5
10.5
2
0
33.5
0
0
0
2
0
0
0
2
27
18
30
3
0
6
2.5
28
0
17.5
3
1.5
0
0
27.5
7.5
0
10
0
0
10.5
0
0
0
8.5
0
2.5
1.5
0
12.5
8.5
0
0
0
12
7.5
1
0
2
10
20.5
22.5
0
0
0
0
0
0
0
0
0
19
5
0
0
7.5
2
16.5
7
0
0
0
0
0
0
0
0
0
2
0
0
0
2.5
0
0
0
0
0
0
0
0
0
0
0
2
2
0
0
0
0
1.5
4.5
0
0
0
0
0
0
0
0
9
9.5
1.5
2
0
0
0
0
0
0
0
0
0
0
0
0
7
0
0
0
0
0
0
5
16
4
0
0
0
0
0
0
0
0
0
0
0
0
0
0
0
0
0
0
0
0
0
0
0
0
0
0
0
0
3
0
0
0
0
0
0
0
0
0
0
0
0
0
0
0
0
0
0
0
0
0
0
0
0
0
0
0
0
0
0
0
0
0
0
0
0
19
0
0
0
0
0
0
0
0
0
0
0
0
0
0
0
0
0
0
0
0
0
0
0
0
0
0
0
0
3
1.5
3
0
0
0
0
0
0
24
10.5
10
1.5
2
0
5
0
0
0
1
0
0
0
23
0
0
8.5
7
2
1
10.5
12.5
5
0
0
0
0
10
0
0
0
17.5
2
0
0
0
67
2
5.5
0
0
47
0
0
0
0
0
0
0
0
0
0
9
15
0
0
0
0
0
16
0
13
0
0
0
0
0
5
0
0
0
0
0
39
0
0
8.5
0
0
77
0
0
12
0
12
0
0
20
39
0
7
31.5
0
52
2
11.5
4
47
0
0
3.5
0
4
29.5
0
0
0
1.5
0
0
0
73.5
5.5
0
0
17.5
13.5
0
0
0
0
0
0
0
7
0
3
12
0
61
0
0
0
0
143
0
0
0
3
9.5
0
141
0
0
0
0
85
10.5
4.5
12.5
8
0
0
0
0
0
0
0
0
0
0
0
31
10
6.5
2
2
0
0
0
0
0
0
79
8
1
0
0
0
2.5
1
0
50
0
0
0
0
11
1
1
0
0
12
0
1.5
3
0
0
1.5
9.5
17
4.5
9.5
4
1.5
2
0
0
0
0
0
0
0
0
0
0
0
0
0
0
5
1
0
1
2
1
1.5
0
0
2.5
0
0
0
0
2.5
18
4
6
2
0
0
0
0
0
0
0
0
0
0
0
0
0
0
0
0
0
0
0
0
0
0
0
0
0
0
0
0
0
0
0
0
2
3.5
3
0
2.5
4
0
0
0
0
0
0
0
0
0
0
0
0
0
0
0
0
0
0
2.5
0
0
0
0
0
0
0
0
0
0
0
0
0
0
0
2
1
1
1
0
1.5
1
0
0
1.5
1
0
0
0
0
0
0
0
0
0
0
0
0
0
0
7
19
1.5
1
2
2
1
0
0
0
2.5
0
0
0
0
0
0
0
13
0
0
4.5
0
0
0
0
8
0
0
0
0
0
0
4.5
0
0
0
0
21.5
4
0
0
0
1
6
1.5
0
0
0
0
28
3.5
25.5
0
0
2
0
2
2
1.5
34.5
0
0
0
0
14
43
0
0
22
1.5
0
0
0
22
0
0
0
0
4
6
0
0
0
0
0
4
3
29
2
0
5
5
0
0
0
1
2.5
0
0
20
0
64
0
0
0
16
0
0
0
0
57
24
0
0
0
0
0
8
0
2
2
0
8
20
0
0
5
0
10
11
0
0
83
8
0
0
0
0
0
24
0
0
0
0
4
20
33
6
3
0
0
0
0
0
0
0
23
1
0
0
2
3
1.5
0
0
11
14.5
14
0
0
0
0
7.5
1
7
34
1.5
0
0
0
0
1.5
29
1.5
2
20
1
0
0
0
0
0
1.5
0
0
0
2
11
1
3
11
1
1
0
0
0
0
14
0
0
0
0
0
1
0
0
1
1
0
0
0
1
15
0
0
0
0
0
0
0
0
0
1.5
1
6
5.5
14
3.5
0
0
0
0
0
0
0
19
1.5
0
0
0
0
0
0
1.5
0
0
0
2
0
0
0
0
0
0
0
0
0
0
0
3.5
1
1
0
0
0
0
2
1.5
1.5
1
1
0
0
0
0
0
0
2.5
0
0
0
0
0
0
0
0
1
0
0
0
0
0
1.5
0
0
0
0
0
0
1
0
0
0
0
0
0
0
0
0
0
0
0
6
0
0
0
0
0
0
2
0
0
0
0
0
0
0
0
0
0
0
0
0
0
0
0
0
0
0
0
0
2
0
0
0
0
0
2.5
3
0
0
0
0
0
0
0
0
0
0
1
0
0
0
0
0
0
0
0
0
4
0
0
0
0
0
98
1
0
0
0
0
0
0
0
0
0
0
8
66
21
0
0
0
0
7
0
0
0
0
0
0
0
0
0
0
0
2
15
0
0
3
23
57.5
0
0
4.5
0
0
18
0
0
7
9
6
2.5
0
9
21.5
3.5
31
0
0
0
0
9
0
0
0
9.5
0
43
2
0
59
5
0
0
0
0
10.5
60
6
2.5
5.5
3
27
3
12
0
0
0
0
9
16
4
0
0
0
0
77
6
0
0
1
8
3.5
0
0
0
0
0
0
0
0
0
0
0
26
0
0
66
0
0
0
0
26.5
0
0
0
0
0
0
7
0
0
0
0
0
0
0
0
22.5
6
1.5
0
0
7
0
0
18.5
0
0
29.5
2
3
2.5
6.5
2
0
0
0
3
0
0
0
0
0
0
0
0
21
15
5.5
4.5
2.5
0
0
0
0
0
0
50
6
0
0
0
0
0
0
0
0
0
0
0
0
0
2
1
2
2.5
2.5
1.5
2.5
3
0
0
0
0
0
0
0
0
0
0
0
0
1
3.5
2
2
2
2
0
0
2.5
0
0
0
0
0
0
0
0
0
0
8
0
0
0
2.5
0
0
0
0
0
0
0
0
0
0
0
0
0
0
0
0
0
0
0
0
1
1.5
1
0
0
0
2.5
4.5
2.5
2.5
0
0
0
0
0
0
0
0
0
0
0
0
0
0
0
0
0
0
0
0
0
0
0
0
0
0
0
0
0
5
0
0
0
0
0
0
0
0
0
0
0
0
0
0
0
0
0
0
0
0
0
1
0
0
0
0
0
0
0
0
0
0
0
1
0
0
0
0
0
0
0
0
0
0
0
0
0
0
0
0
6.5
0
12
0
0
0
0
5
6
0
0
0
0
0
0
0
0
0
0
0
0
0
0
0
0
0
0
0
0
0
0
22
0
0
0
52
0
0
0
0
0
0
0
0
0
0
0
0
0
0
0
0
0
7
0
0
0
0
0
5
4
0
3.5
0
12.5
0
3.5
0
6
69
0
1
0
0
0
0
0
0
0
0
0
40
0
0
0
0
2
0
0
0
0
0
0
57
0
0
0
11
0
0
0
1.5
0
0
28
0
0
58
0
15.5
21.5
0
26
5
0
0
0
0
24
9.5
10
0
0
0
0
0
0
0
14
10
2.5
19.5
35
12
12
12
0
0
15
0
0
0
0
0
6
0
0
0
0
0
0
0
0
0
0
0
0
0
0
0
0
0
0
13.5
1
0
0
49
8
6.5
2
0
0
0
63
4.5
2
5
6.5
0
0
0
0
0
0
0
0
8.5
4
0
0
0
8
0
0
11
10
54
2
1
0
0
10
1
2
0
1
6
0
0
0
0
9.5
2
1
0
0
2
0
0
8.5
16
6
0
0
0
0
0
0
0
27
6
0
0
0
3
5.5
4
5
3
3
0
0
0
0
0
0
0
0
5
0
0
0
0
4.5
3.5
0
0
0
0
0
0
0
0
0
0
0
0
0
0
0
0
0
2.5
0
0
0
0
4
1
0
0
0
0
0
0
0
0
0
0
0
0
0
0
0
0
0
0
0
0
0
0
0
0
0
0
1
0
0
0
0
0
0
0
0
3
0
0
0
0
0
0
0
0
0
0
0
0
3
1
0
0
0
0
0
0
0
0
0
0
0
0
0
0
0
0
0
0
0
0
0
10
14
0
0
0
0
0
0
0
0
0
0
0
0
0
0
0
1
2
0
0
0
0
0
0
0
0
0
0
0
0
0
0
0
0
0
0
0
0
0
0
0
0
0
4.5
0
0
0
0
0
0
0
0
0
0
18
0
0
0
0
49
4
0
0
0
0
18.5
11
7
3.5
0
0
0
8
4
0
42
34
0
0
0
0
0
0
12
1
0
23
26
39.5
0
0
0
0
0
0
68
0
0
0
6
0
3
16
0
0
0
0
0
20
2.5
0
7
23
0
0
0
0
0
0
0
60
0
0
0
0
0
86
0
0
0
3
5
0
0
0
0
21
0
0
0
0
0
5
2.5
0
0
0
0
2
0
0
10.5
2
1
0
1
0
8
0
0
0
12
3
2
2.5
22
8
0
0
1
30
0
0
0
0
0
0
0
33
0
0
0
40
0
0
0
0
5
16
3
0
39
1
0
0
0
0
4.5
2.5
43
2
6
51
2
0
0
0
0
0
0
0
0
72
7
0
0
0
0
0
0
11
0
0
0
0
55
0
0
0
0
0
0
0
0
0
0
1
1
0
0
0
0
0
0
4
14
1
0
0
0
0
7.5
0
0
0
0
0
0
0
0
34
0
0
0
0
0
0
1.5
1
0
5
1
1
1
1
8.5
0
0
1
1
1
9
4.5
0
0
0
0
0
0
0
0
0
0
0
0
0
7.5
5
1
0
0
0
0
0
0
0
0
0
0
0
0
0
0
0
0
0
0
0
0
0
0
0
0
0
0
0
0
0
0
0
0
0
0
0
0
0
0
0
0
0
0
0
0
0
0
0
0
0
0
0
0
0
0
10
5
0
0
0
0
0
0
0
0
0
6
0
0
0
0
0
0
0
0
0
0
0
0
2
36
1.5
0
0
0
0
0
0
0
0
5
0
0
0
0
0
0
0
0
0
0
0
0
0
0
0
0
0
4
1
0
0
0
9
11
11
4
0
0
0
0
0
0
0
3
0
0
0
0
0
33
0
10
3
10
0
0
0
0
0
0
6
2
0
0
0
15
2
11
1
0
7.5
29
3
0
0
8
0
0
0
0
0
0
8
0
0
13
0
0
0
0
24
5
0
0
0
0
10
0
0
67
0
0
0
0
0
0
0
0
0
60
0
0
33
88
0
0
0
23
0
0
9.5
0
17
0
0
0
0
37
0
0
0
0
38
3
2
13
0
10
3
8
48
0
0
0
0
0
7
0
0
0
9
7
0
0
0
3.5
1
1
5
0
0
0
0
0
0
64
1
8
0
0
11.5
1.5
0
0
0
0
8
0
0
0
26.5
0
0
0
14
0
0
1.5
39
4
0
0
9
44
0
0
0
0
0
0
4
16
0
0
0
0
0
3
0
0
0
0
2.5
2
0
0
20
4.5
1
0
0
0
6
4.5
3
3
0
0
0
0
0
0
0
0
0
3.5
0
0
0
0
0
0
0
0
0
0
0
0
0
0
1.5
0
0
0
0
0
0
6
0
0
0
0
0
3.5
1
0
0
0
0
0
0
0
0
0
0
1
0
0
0
0
0
0
0
0
0
0
1
0
0
0
0
0
0
0
0
0
0
0
0
0
0
0
0
0
0
0
0
2
0
0
0
0
0
0
0
0
0
1
0
0
0
0
0
2.5
2.5
0
0
0
0
0
0
0
0
0
0
0
0
0
0
0
0
0
0
0
0
0
0
0
0
0
0
0
0
0
0
0
0
0
0
0
0
0
0
0
0
0
0
0
0
0
0
0
8
1
10
0
0
0
0
0
35
0
0
0
0
0
0
0
6
0
0
0
0
0
0
35
2.5
0
0
3
10
9
0
0
15
0
3
0
0
0
0
0
0
0
0
0
0
2
2
8
27
0
0
0
0
0
0
10.5
27
10
0
0
0
39
20
0
12
5
0
39
2
0
0
11
30
1
0
0
0
2
0
17
0
0
0
54
13
0
0
0
0
0
0
0
58
3
0
26
7
20
0
0
150
60
3
3
1
27
12
0
0
0
0
0
0
28
14
0
9
10.5
3
15
8
6
41
0
7
0
0
0
3
2.5
12
3
10
3
0
0
2
0
0
0
0
0
0
0
0
0
0
0
2
1.5
5
3.5
1.5
0
0
0
3.5
9.5
21
1
0
0
0
21
3
6
0
0
0
0
0
0
34
5
0
0
7
2
0
1.5
2.5
0
0
0
0
0
2.5
0
0
0
0
0
0
0
0
0
0
0
0
0
3
1.5
2
3
7
4.5
0
0
0
0
0
0
0
0
0
11
17
7
0
0
0
0
0
0
0
10
9
0
0
0
0
1.5
3
0
0
0
0
5
3.5
5
0
0
0
0
0
0
0
0
0
0
0
0
0
0
0
4.5
0
0
0
0
0
0
0
0
0
0
0
0
0
0
0
0
0
0
0
0
0
0
0
4
3
0
0
0
0
0
0
0
0
0
0
0
0
0
0
0
0
0
0
0
0
0
0
1.5
3
0
0
0
0
0
0
0
0
0
0
0
0
0
0
0
0
0
0
0
0
0
0
0
0
0
0
0
0
0
0
0
0
0
0
0
0
0
0
0
0
0
0
0
0
0
0
0
0
0
0
0
14
0
0
0
0
0
0
0
0
0
0
0
19
10
0
0
2
1
8
0
0
0
9
0
0
0
0
0
8
0
0
0
0
0
0
0
7.5
0
23
0
0
0
0
0
0
0
0
5
7
0
0
14.5
1
0
0
0
0
16
0
0
0
0
0
0
0
0
0
0
25
0
0
0
72
6
0
0
0
0
2
0
0
0
23
12
0
0
0
0
0
0
0
44
0
0
9
0
24
0
6
0
0
0
71
0
0
0
0
17
0
23
0
0
0
0
0
52
0
62
0
0
0
19
2
49
9
27
14
0
3
21
0
0
0
0
0
0
0
12
0
49
0
0
0
0
0
0
5
0
36
0
51
6.5
0
2.5
4
13
0
2.5
0
0
0
2.5
0
0
67
15.5
4
0
35
10
0
0
0
0
0
0
0
0
0
0
0
39
0
0
0
0
30
20
14
4.5
4.5
34
0
0
0
0
0
22.5
0
0
0
4
2.5
13
0
0
0
0
0
0
0
0
0
0
0
0
0
0
11
0
0
0
0
0
0
0
0
2.5
5
0
2
0
0
0
0
0
0
0
0
0
0
0
0
32
0
0
0
7
17
0
0
0
0
0
0
0
0
0
0
1
0
0
0
0
0
0
0
0
0
0
0
0
0
1
0
0
0
0
0
0
0
0
0
0
0
0
0
0
0
0
0
0
0
0
0
0
0
0
0
0
0
0
0
0
0
0
0
0
0
0
0
0
0
0
7
0
0
0
0
0
0
0
0
0
0
0
0
0
0
0
0
0
0
0
0
0
0
0
0
0
0
0
0
0
0
0
0
0
0
0
0
0
0
0
3
7
0
0
0
0
0
0
0
0
0
0
0
1
0
0
0
0
0
0
0
0
1.5
3
0
0
0
0
0
0
0
0
0
5
19
11
6.5
0
0
0
20.5
0
0
0
0
0
0
5.5
0
0
0
0
0
0
0
0
0
0
5
2
21
0
0
0
0
27
0
0
7.5
0
0
0
0
0
0
0
0
0
49
12.5
24
20
0
7.5
0
0
0
0
14
67
9
6
9
5
0
0
0
3
0
0
0
38
2.5
2.5
0
0
0
0
3.5
0
0
38
7
5.5
0
0
0
0
10
5
0
0
0
0
0
10
5.5
0
20
5
0
0
0
0
2.5
0
51
0
34
0
0
0
25
0
0
9
0
29
5
3
49
3
0
0
0
23.5
0
0
0
0
0
0
29
6
1.5
2
0
0
5
0
0
0
0
10
10
0
0
12
82
12
0
0
0
0
0
1.5
0
0
0
0
0
0
12
0
2.5
0
0
0
0
0
0
4.5
2
0
0
0
0
0
0
0
0
0
0
0
0
0
0
0
0
3
3
1
0
0
0
7
8
3.5
0
0
3
1
0
0
0
2
0
0
0
0
0
0
0
2
24
0
0
0
0
0
0
0
0
0
0
0
0
7.5
7
2
4
0
0
0
0
0
0
0
0
0
0
0
0
0
0
0
0
0
0
0
0
0
0
0
0
0
0
0
0
0
0
0
0
0
0
0
0
0
0
0
0
0
0
0
0
0
0
0
0
0
0
0
0
2
2
0
0
0
0
0
0
0
0
0
0
0
0
0
0
0
0
0
0
0
0
0
0
0
0
0
0
0
0
0
0
0
0
0
0
0
0
0
0
0
0
0
2
4
2
0
0
8
0
0
0
0
0
0
0
0
0
2
0
0
0
0
0
0
0
0
0
3.5
0
0
0
0
0
0
0
0
2.5
0
0
0
0
0
0
0
0
0
0
0
0
0
2
0
0
0
0
0
0
0
0
0
0
0
0
1
0
0
0
11
0
0
6
5
0
0
0
2
14.5
0
0
0
0
0
0
0
0
0
5.5
10
0
0
27
0
0
5.5
8
3
13
1
7
2
3
5
33
0
0
1.5
0
3
0
0
17
3.5
0
0
0
39
0
76
0
5
18
2.5
3
38
0
0
0
44.5
10.5
0
0
0
0
0
37
0
0
0
0
0
37
0
0
0
0
0
21.5
0
0
0
0
0
12
29
0
0
22
0
0
0
8
0
0
6.5
0
0
75
22
7
4
0
0
0
4
2
0
36.5
41
1.5
0
0
0
0
0
8
0
0
0
0
0
3
5
0
3.5
0
1
16
0
0
0
32
2
2
0
0
0
0
0
10
0
0
0
0
0
29
10
1.5
0
0
2
0
0
0
0
0
5
0
0
0
0
0
0
0
3
21
0
0
0
0
0
0
0
0
0
0
0
0
0
0
0
0
0
0
0
0
0
0
7
10
2
0
0
0
1
2
0
0
0
1
1
3
0
0
0
0
0
0
0
0
0
0
2.5
8
2
1
0
0
0
0
0
1
1.5
0
1
0
0
0
0
0
0
0
0
0
0
0
0
0
0
0
0
0
0
0
0
0
0
0
0
7
5
1.5
0
0
0
0
0
0
0
0
0
0
0
0
0
0
0
0
0
0
0
0
0
0
0
0
0
0
0
0
0
0
0
0
0
0
0
0
0
0
0
0
0
0
0
0
5.5
1
0
0
0
0
0
0
0
0
0
0
0
0
0
0
0
0
0
0
0
0
11.5
10
0
2
0
0
0
0
0
0
0
0
0
0
27.5
1
0
0
0
0
0
0
0
8
0
0
0
0
0
6
2.5
0
0
0
0
0
0
0
0
0
0
0
0
0
0
0
0
0
0
0
0
0
0
1
0
0
0
0
0
27
0
38
0
0
0
0
24
0
0
0
0
4
7
9
7
0
0
3.5
0
0
34
0
0
0
0
0
0
0
43
0
0
0
36
0
1
0
9
8
13
5
1
0
0
0
91
0
0
0
5
27
1
0
0
0
0
0
12
0
0
88
0
0
4
33
0
0
141
7.5
9
13
0
33
15
0
0
2.5
10
2
23
10
2
2.5
12.5
0
8.5
0
0
2
11.5
26.5
42
6
8
2.5
9.5
43
5
0
0
0
0
0
0
0
15
6.5
7
3
4
0
0
17.5
0
0
0
2
0
0
0
0
0
0
14
3
0
11.5
1
0
0
0
0
7
1
0
0
0
0
32
0
3
40
0
0
0
2.5
0
0
3.5
0
0
0
0
0
0
0
0
0
0
0
0
0
0
0
0
0
0
0
0
0
0
0
0
0
20
16
1
3
0
0
0
0
0
0
0
0
0
0
0
1
2
1
0
0
5
2
2
3
0
0
0
0
0
0
0
0
0
0
0
0
0
1
2
3
0
0
3
4.5
0
0
0
0
0
0
0
0
0
0
0
0
0
0
0
0
0
0
0
0
0
0
3
0
0
0
0
0
0
0
0
0
0
4
4
4
0
0
0
0
0
0
0
0
0
0
0
2.5
0
0
0
0
0
1
0
0
0
0
0
0
0
0
0
0
0
0
0
0
0
0
0
0
0
0
0
0
0
0
0
0
0
0
35
1
0
0
0
0
0
0
0
0
0
0
0
0
0
0
4.5
9
0
0
0
0
1
0
0
0
6
6
0
0
0
0
7
0
0
0
12
6
0
0
0
0
0
0
0
0
0
0
0
0
0
0
0
0
15
1
0
4
24
0
0
0
0
0
1
4
0
0
0
0
0
0
0
1
10
30
0
0
0
15
8
43
20
0
0
0
21
7
0
0
0
0
0
0
0
0
0
10
54
0
0
0
0
0
17
0
10
0
0
0
0
4
6
0
0
0
0
24
0
0
0
0
3
7.5
0
0
10
30
0
0
0
0
0
0
0
0
26.5
17
0
1
0
0
0
0
0
62
8
0
0
0
33
5
0
0
0
0
0
31
0
0
14
10.5
0
5
0
0
36.5
0
0
0
0
0
7
0
0
0
0
0
16.5
26
0
0
0
0
0
0
1.5
28
2
0
0
7
17
0
0
0
0
0
0
85
0
13
0
0
0
2
34
18.5
0
8
3
11
0
0
2
0
15
3
5
5
9
6
4
12
4
0
0
0
0
0
0
0
0
0
0
0
0
2
0
6
0
0
0
0
0
4
0
3
0
2
0
0
0
0
0
0
7
0
0
0
0
0
0
0
0
0
0
0
0
0
0
0
0
0
0
0
0
0
0
0
0
0
0
0
0
0
0
0
0
0
6.5
0
0
2
0
0
0
0
0
0
0
0
0
0
0
0
0
0
0
0
0
0
0
0
0
0
0
0
0
0
0
0
0
0
0
0
0
0
0
0
0
0
0
0
0
0
0
0
0
0
0
0
0
0
0
0
0
0
0
0
0
0
0
0
0
7
0
0
2
6
0
0
0
0
0
0
0
6
22.5
0
0
0
0
0
0
0
0
0
0
0
0
0
5
0
0
0
5
4
1
2.5
0
0
0
0
0
0
0
0
0
0
0
3
0
0
0
0
0
0
2
31
0
0
13.5
0
2
26
4
50
0
0
0
2
0
0
0
0
0
0
0
0
0
0
0
0
15
0
0
0
0
14
0
7
4
0
2.5
8
0
10
32
0
0
0
0
11
0
0
0
0
0
26
13
8
0
0
0
0
0
0
0
0
0
0
27
0
0
0
0
6
15
0
94
0
0
0
0
0
15
0
19.5
12
33
1.5
2
4
0
0
0
0
0
0
0
1.5
0
0
0
5
0
0
0
0
0
0
0
25
0
0
30
0
0
0
28
0
0
0
0
0
0
96
0
0
0
0
0
0
0
0
0
0
0
0
0
24
0
7
4
23.5
8
7
3
3
0
0
0
0
0
0
64
0
0
0
0
0
10
11
0
0
0
0
0
0
0
0
0
14
9
0
0
0
0
0
0
0
0
0
0
0
0
0
0
0
0
3
0
0
0
0
0
0
0
0
0
0
0
0
0
0
5
9
0
0
0
0
0
0
0
0
0
0
0
0
0
0
0
0
0
0
0
0
0
0
0
0
0
0
0
0
0
19
0
7
0
15
0
0
0
0
0
0
0
0
0
0
0
0
0
0
0
0
0
0
3
0
0
0
0
0
0
0
0
0
0
0
0
0
0
0
0
0
0
0
0
0
0
0
0
0
0
0
0
0
0
0
0
0
0
0
0
0
0
0
0
0
0
0
0
0
0
0
0
0
0
0
0
0
0
0
0
0
0
0
0
0
0
0
0
0
0
0
0
1.5
14
1
0
0
0
0
0
0
0
0
0
0
0
0
0
0
0
0
0
0
0
0
0
0
0
0
6
0
0
6
0
7
0
0
0
0
0
0
0
0
0
0
0
0
0
0
3
13
0
0
0
0
0
0
0
4
4.5
0
0
0
0
0
0
0
0
0
0
0
0
0
0
18
0
3
0
0
0
0
6.5
2
0
0
0
9
0
5
5
0
5
0
4
9
7
50
0
36
0
0
0
0
0
0
0
0
0
3
0
7
0
33
7
0
0
0
0
0
0
9
3
2
0
0
0
4
4
21
0
0
0
0
0
47
0
0
0
20
6
0
0
0
0
0
0
0
0
0
0
0
5
0
15
3
0
12.5
0
10.5
2
0
0
5
9
2.5
23
35
0
0
0
7
20
0
0
0
0
4
0
15
0
0
0
0
13.5
0
0
51
7.5
0
0
5
0
0
0
7
0
0
0
0
5
0
0
0
0
0
0
61
5.5
0
0
26.5
0
7.5
0
0
0
0
4
0
0
0
79.5
2
0
6
0
0
2
7
5
0
0
0
0
0
0
0
0
0
9
6
5
0
0
0
0
0
0
0
0
0
7
19
0
0
0
0
0
0
0
0
0
0
0
0
0
0
0
0
0
0
0
0
0
0
0
0
0
0
10
0
0
0
0
0
7
11
13
0
0
0
0
0
0
0
0
0
0
0
0
0
0
0
0
0
0
0
0
0
0
0
0
0
6
3
0
0
0
0
0
0
0