19790101
0.963
0.923
0.958
0.940
0.887
0.942
0.939
0.939
0.954
0.869
0.872
0.914
0.893
0.955
0.962
0.758
0.594
0.920
0.898
0.864
0.837
0.856
0.895
0.846
0.974
0.927
0.873
0.873
0.939
0.892
0.932
0.906
0.900
0.865
0.913
0.781
0.903
0.925
0.974
0.898
0.948
0.969
0.820
0.920
0.926
0.841
0.708
0.775
0.835
0.924
0.889
0.756
0.817
0.738
0.793
0.976
0.988
0.870
0.876
0.919
0.843
0.916
0.914
0.918
0.870
0.911
0.823
0.779
0.940
0.991
0.988
0.955
0.914
0.946
0.967
0.915
0.879
0.912
0.878
0.910
0.979
0.988
0.950
0.968
0.963
0.977
0.984
0.875
0.983
0.809
0.647
0.790
0.977
0.981
0.860
0.748
0.827
0.849
0.767
0.653
0.987
0.991
0.992
0.862
0.706
0.690
0.570
0.752
0.810
0.891
0.883
0.961
0.980
0.971
0.983
0.968
0.828
0.806
0.931
0.885
0.812
0.593
0.693
0.899
0.764
0.857
0.863
0.933
0.827
0.697
0.758
0.841
0.838
0.846
0.794
0.719
0.697
0.791
0.763
0.690
0.617
0.876
0.857
0.685
0.596
0.841
0.578
0.528
0.932
0.651
0.386
0.438
0.479
0.550
0.858
0.860
0.777
0.794
0.797
0.716
0.528
0.576
0.640
0.794
0.808
0.600
0.572
0.578
0.482
0.529
0.859
0.783
0.625
0.500
0.634
0.525
0.566
0.646
0.757
0.583
0.591
0.642
0.582
0.621
0.724
0.824
0.671
0.709
0.795
0.797
0.753
0.770
0.559
0.502
0.781
0.707
0.677
0.385
0.475
0.548
0.350
0.360
0.505
0.418
0.334
0.389
0.269
0.281
0.242
0.268
0.257
0.315
0.427
0.616
0.599
0.446
0.536
0.510
0.759
0.689
0.656
0.579
0.978
0.765
0.674
0.739
0.594
0.708
0.605
0.287
0.368
0.412
0.436
0.508
0.768
0.603
0.295
0.780
0.308
0.499
0.572
0.325
0.393
0.618
0.539
0.465
0.673
0.661
0.551
0.754
0.906
0.549
0.351
0.429
0.688
0.723
0.442
0.440
0.910
0.846
0.701
0.501
0.488
0.447
0.446
0.315
0.235
0.493
0.343
0.704
0.818
0.731
0.706
0.643
0.792
0.730
0.453
0.664
0.553
0.615
0.493
0.501
0.589
0.834
0.883
0.817
0.819
0.617
0.547
0.411
0.549
0.754
0.628
0.761
0.726
0.958
0.524
0.757
0.751
0.561
0.763
0.488
0.738
0.655
0.704
0.712
0.907
0.891
0.835
0.749
0.705
0.925
0.743
0.676
0.615
0.617
0.834
0.861
0.785
0.938
0.438
0.760
0.716
0.822
0.810
0.886
0.976
0.979
0.954
0.772
0.765
0.795
0.725
0.768
0.914
0.974
0.805
0.949
0.766
0.599
0.757
0.732
0.880
0.771
0.764
0.796
0.859
0.979
0.884
0.745
0.684
0.849
0.920
0.929
0.976
0.986
0.968
0.919
0.859
0.921
0.939
0.952
0.891
0.783
0.694
0.798
0.750
0.809
0.850
0.944
0.675
0.881
0.841
0.761
0.792
0.784
0.814
0.829
0.968
0.952
0.858
0.827
0.806
0.945
0.877
0.690
0.872
0.706
0.914
0.756
0.834
0.933
0.849
0.791
0.907
0.916
0.911
0.855
0.827
0.933
0.744
0.671
0.777
0.761
0.641
0.878
0.657
0.531
0.767
0.829
0.853
0.900
0.772
0.802
0.928
0.911
0.942
0.931
0.884
0.907
0.735
0.803
0.819
0.748
0.786
0.908
0.824
0.842
0.754
0.723
0.955
0.974
0.861
0.945
0.902
0.818
0.888
0.817
0.820
0.913
0.931
0.836
0.745
0.518
0.501
0.679
0.824
0.908
0.965
0.953
0.827
0.646
0.683
0.922
0.956
0.964
0.864
0.865
0.788
0.919
0.872
0.872
0.839
0.602
0.476
0.488
0.769
0.840
0.819
0.857
0.772
0.771
0.525
0.742
0.850
0.944
0.862
0.715
0.590
0.678
0.882
0.730
0.585
0.680
0.875
0.938
0.811
0.765
0.759
0.692
0.587
0.851
0.670
0.789
0.482
0.392
0.450
0.415
0.476
0.548
0.874
0.939
0.719
0.604
0.569
0.597
0.577
0.546
0.450
0.617
0.818
0.583
0.386
0.528
0.530
0.518
0.576
0.847
0.715
0.714
0.532
0.476
0.596
0.639
0.387
0.574
0.789
0.940
0.956
0.640
0.427
0.305
0.380
0.566
0.427
0.850
0.768
0.625
0.624
0.417
0.584
0.808
0.795
0.391
0.203
0.440
0.687
0.753
0.655
0.549
0.508
0.627
0.506
0.476
0.626
0.572
0.519
0.476
0.397
0.257
0.462
0.474
0.344
0.420
0.332
0.240
0.396
0.395
0.373
0.365
0.274
0.158
0.217
0.275
0.202
0.469
0.520
0.415
0.338
0.330
0.357
0.583
0.383
0.229
0.259
0.359
0.292
0.322
0.711
0.721
0.465
0.329
0.169
0.326
0.652
0.551
0.823
0.605
0.411
0.866
0.677
0.511
0.528
0.650
0.615
0.408
0.264
0.223
0.467
0.525
0.440
0.299
0.410
0.328
0.274
0.229
0.452
0.395
0.281
0.297
0.343
0.282
0.380
0.525
0.479
0.335
0.287
0.537
0.566
0.456
0.391
0.409
0.406
0.492
0.351
0.510
0.544
0.315
0.245
0.660
0.681
0.675
0.513
0.456
0.526
0.479
0.654
0.629
0.692
0.736
0.579
0.598
0.573
0.542
0.440
0.600
0.857
0.671
0.638
0.691
0.953
0.866
0.735
0.672
0.555
0.773
0.923
0.827
0.799
0.646
0.554
0.468
0.414
0.714
0.689
0.727
0.564
0.856
0.554
0.599
0.561
0.515
0.472
0.382
0.462
0.863
0.972
0.666
0.677
0.795
0.781
0.873
0.678
0.643
0.718
0.661
0.855
0.807
0.794
0.454
0.386
0.411
0.544
0.635
0.804
0.900
0.882
0.740
0.745
0.890
0.839
0.774
0.720
0.620
0.653
0.699
0.659
0.893
0.899
0.686
0.552
0.551
0.543
0.844
0.831
0.869
0.712
0.838
0.772
0.828
0.868
0.978
0.906
0.760
0.681
0.781
0.913
0.769
0.785
0.831
0.865
0.845
0.825
0.761
0.726
0.824
0.897
0.818
0.817
0.814
0.930
0.907
0.875
0.976
0.953
0.936
0.952
0.961
0.965
0.875
0.907
0.842
0.924
0.905
0.879
0.845
0.953
0.916
0.903
0.974
0.961
0.945
0.966
0.916
0.978
0.983
0.881
0.740
0.752
0.943
0.967
0.929
0.944
0.918
0.845
0.677
0.714
0.742
0.786
0.920
0.846
0.877
0.921
0.847
0.896
0.890
0.956
0.921
0.870
0.910
0.857
0.771
0.892
0.765
0.695
0.979
0.875
0.925
0.986
0.840
0.794
0.693
0.814
0.954
0.793
0.820
0.775
0.861
0.874
0.893
0.920
0.922
0.916
0.970
0.875
0.867
0.764
0.887
0.930
0.830
0.869
0.898
0.934
0.917
0.935
0.964
0.942
0.965
0.939
0.870
0.784
0.761
0.753
0.777
0.927
0.773
0.793
0.821
0.963
0.814
0.764
0.896
0.585
0.526
0.551
0.518
0.738
0.509
0.419
0.802
0.607
0.626
0.653
0.755
0.695
0.579
0.587
0.793
0.618
0.629
0.793
0.637
0.425
0.353
0.409
0.843
0.761
0.649
0.561
0.465
0.456
0.392
0.609
0.626
0.793
0.834
0.728
0.703
0.761
0.423
0.458
0.704
0.766
0.666
0.535
0.742
0.422
0.612
0.773
0.575
0.434
0.352
0.445
0.681
0.561
0.324
0.363
0.692
0.501
0.442
0.311
0.337
0.424
0.756
0.671
0.669
0.536
0.563
0.593
0.470
0.524
0.789
0.560
0.471
0.561
0.405
0.608
0.857
0.742
0.731
0.593
0.389
0.460
0.803
0.667
0.302
0.315
0.346
0.343
0.318
0.416
0.441
0.376
0.272
0.141
0.230
0.423
0.669
0.757
0.781
0.745
0.720
0.534
0.397
0.662
0.496
0.446
0.433
0.348
0.407
0.332
0.363
0.465
0.484
0.417
0.386
0.464
0.445
0.629
0.609
0.470
0.459
0.985
0.841
0.742
0.698
0.662
0.695
0.442
0.260
0.233
0.262
0.431
0.589
0.656
0.806
0.963
0.713
0.462
0.282
0.269
0.351
0.418
0.701
0.723
0.681
0.578
0.585
0.491
0.369
0.313
0.475
0.401
0.417
0.290
0.160
0.304
0.527
0.651
0.561
0.730
0.707
0.672
0.544
0.623
0.566
0.623
0.448
0.407
0.641
0.718
0.650
0.542
0.469
0.685
0.795
0.684
0.634
0.731
0.605
0.721
0.747
0.574
0.719
0.971
0.883
0.715
0.646
0.874
0.895
0.682
0.601
0.533
0.621
0.758
0.771
0.861
0.733
0.902
0.917
0.728
0.700
0.927
0.737
0.514
0.474
0.870
0.962
0.833
0.882
0.853
0.755
0.879
0.752
0.906
0.847
0.759
0.645
0.569
0.539
0.678
0.546
0.509
0.488
0.578
0.807
0.727
0.583
0.750
0.831
0.635
0.692
0.958
0.864
0.836
0.903
0.709
0.530
0.462
0.575
0.705
0.735
0.841
0.854
0.847
0.916
0.938
0.824
0.715
0.608
0.759
0.897
0.764
0.858
0.907
0.916
0.779
0.717
0.854
0.822
0.633
0.633
0.945
0.909
0.872
0.794
0.912
0.743
0.557
0.595
0.805
0.700
0.728
0.740
0.743
0.723
0.779
0.794
0.707
0.959
0.746
0.713
0.815
0.900
0.800
0.766
0.658
0.829
0.772
0.645
0.823
0.742
0.956
0.933
0.943
0.972
0.921
0.904
0.934
0.973
0.962
0.912
0.878
0.876
0.872
0.954
0.986
0.963
0.976
0.955
0.836
0.928
0.918
0.791
0.931
0.941
0.920
0.883
0.899
0.743
0.648
0.773
0.875
0.861
0.877
0.828
0.903
0.709
0.574
0.728
0.863
0.778
0.788
0.716
0.713
0.735
0.770
0.840
0.852
0.919
0.872
0.855
0.947
0.954
0.941
0.880
0.722
0.607
0.833
0.886
0.989
0.864
0.759
0.695
0.694
0.842
0.750
0.800
0.719
0.720
0.700
0.833
0.765
0.704
0.939
0.830
0.725
0.810
0.771
0.769
0.690
0.621
0.607
0.512
0.366
0.499
0.435
0.418
0.466
0.867
0.647
0.518
0.581
0.781
0.435
0.384
0.743
0.729
0.702
0.480
0.389
0.675
0.714
0.488
0.389
0.316
0.324
0.373
0.504
0.606
0.400
0.449
0.411
0.477
0.371
0.383
0.257
0.240
0.502
0.332
0.457
0.667
0.717
0.608
0.649
0.693
0.775
0.754
0.655
0.543
0.413
0.401
0.413
0.403
0.791
0.352
0.269
0.307
0.290
0.369
0.547
0.406
0.530
0.781
0.642
0.545
0.454
0.458
0.340
0.685
0.402
0.233
0.180
0.294
0.384
0.290
0.220
0.607
0.611
0.657
0.686
0.519
0.563
0.669
0.583
0.636
0.402
0.369
0.574
0.716
0.542
0.333
0.404
0.804
0.798
0.481
0.216
0.258
0.325
0.252
0.172
0.413
0.610
0.628
0.798
0.640
0.413
0.243
0.359
0.541
0.294
0.204
0.285
0.443
0.407
0.083
0.335
0.720
0.786
0.641
0.335
0.246
0.399
0.522
0.485
0.431
0.349
0.280
0.296
0.487
0.308
0.213
0.227
0.287
0.592
0.904
0.650
0.540
0.709
0.853
0.832
0.539
0.415
0.757
0.766
0.835
0.859
0.752
0.598
0.574
0.828
0.486
0.354
0.870
0.598
0.441
0.691
0.587
0.506
0.364
0.377
0.496
0.389
0.349
0.262
0.249
0.445
0.237
0.151
0.189
0.193
0.481
0.519
0.784
0.693
0.898
0.665
0.551
0.528
0.526
0.302
0.462
0.486
0.482
0.388
0.587
0.563
0.884
0.601
0.336
0.632
0.560
0.572
0.531
0.661
0.583
0.502
0.471
0.956
0.776
0.749
0.831
0.885
0.776
0.679
0.759
0.475
0.438
0.606
0.841
0.989
0.964
0.906
0.881
0.853
0.903
0.717
0.659
0.505
0.374
0.568
0.667
0.581
0.917
0.808
0.898
0.798
0.911
0.910
0.850
0.931
0.826
0.475
0.411
0.471
0.529
0.501
0.443
0.449
0.474
0.677
0.567
0.573
0.795
0.656
0.634
0.627
0.581
0.537
0.476
0.636
0.789
0.794
0.814
0.846
0.814
0.857
0.918
0.921
0.643
0.538
0.656
0.572
0.638
0.585
0.542
0.939
0.844
0.729
0.701
0.858
0.956
0.917
0.725
0.660
0.671
0.716
0.692
0.814
0.751
0.602
0.551
0.763
0.990
0.896
0.767
0.973
0.758
0.616
0.551
0.650
0.780
0.819
0.712
0.674
0.663
0.794
0.986
0.964
0.872
0.746
0.984
0.908
0.807
0.818
0.659
0.570
0.621
0.600
0.658
0.752
0.820
0.959
0.849
0.764
0.666
0.962
0.714
0.617
0.625
0.646
0.633
0.657
0.616
0.512
0.532
0.641
0.922
0.920
0.887
0.844
0.852
0.710
0.905
0.770
0.727
0.715
0.635
0.630
0.635
0.654
0.524
0.481
0.764
0.890
0.868
0.838
0.693
0.802
0.942
0.931
0.911
0.748
0.699
0.634
0.721
0.547
0.484
0.672
0.955
0.765
0.682
0.655
0.473
0.465
0.721
0.723
0.534
0.659
0.658
0.849
0.816
0.819
0.779
0.770
0.573
0.494
0.589
0.605
0.443
0.801
0.770
0.839
0.732
0.837
0.568
0.590
0.540
0.482
0.576
0.713
0.843
0.787
0.657
0.671
0.596
0.641
0.547
0.411
0.453
0.723
0.643
0.801
0.864
0.728
0.624
0.440
0.340
0.228
0.154
0.333
0.355
0.206
0.459
0.716
0.659
0.429
0.392
0.417
0.444
0.579
0.443
0.487
0.342
0.515
0.331
0.181
0.249
0.205
0.416
0.666
0.515
0.348
0.425
0.275
0.320
0.642
0.703
0.630
0.612
0.364
0.288
0.344
0.486
0.558
0.945
0.940
0.804
0.447
0.402
0.838
0.883
0.845
0.721
0.631
0.477
0.366
0.302
0.512
0.794
0.727
0.627
0.285
0.316
0.308
0.569
0.426
0.757
0.728
0.392
0.340
0.494
0.517
0.403
0.336
0.252
0.176
0.245
0.443
0.587
0.643
0.711
0.690
0.716
0.527
0.362
0.363
0.263
0.169
0.483
0.882
0.669
0.367
0.480
0.650
0.532
0.403
0.413
0.320
0.472
0.489
0.735
0.656
0.444
0.454
0.381
0.369
0.312
0.291
0.129
0.367
0.574
0.772
0.649
0.335
0.229
0.194
0.194
0.276
0.237
0.306
0.350
0.739
0.768
0.749
0.678
0.487
0.455
0.516
0.614
0.526
0.368
0.300
0.517
0.344
0.250
0.546
0.527
0.265
0.315
0.415
0.565
0.890
0.841
0.974
0.958
0.769
0.659
0.525
0.539
0.519
0.889
0.845
0.765
0.831
0.640
0.622
0.872
0.811
0.535
0.482
0.538
0.877
0.672
0.619
0.956
0.730
0.570
0.684
0.546
0.614
0.689
0.618
0.548
0.607
0.901
0.884
0.867
0.838
0.819
0.582
0.387
0.334
0.367
0.473
0.523
0.531
0.417
0.390
0.536
0.743
0.834
0.901
0.778
0.835
0.761
0.632
0.518
0.507
0.495
0.482
0.423
0.348
0.338
0.510
0.742
0.834
0.799
0.926
0.788
0.745
0.726
0.871
0.933
0.875
0.822
0.633
0.722
0.949
0.928
0.794
0.773
0.862
0.903
0.810
0.966
0.957
0.935
0.847
0.816
0.841
0.824
0.831
0.529
0.647
0.736
0.843
0.734
0.861
0.901
0.750
0.958
0.797
0.828
0.888
0.773
0.772
0.793
0.913
0.957
0.815
0.873
0.908
0.796
0.629
0.837
0.891
0.875
0.957
0.893
0.732
0.620
0.893
0.952
0.903
0.921
0.904
0.799
0.890
0.890
0.903
0.841
0.802
0.815
0.859
0.861
0.890
0.859
0.830
0.714
0.700
0.983
0.990
0.988
0.977
0.969
0.957
0.878
0.815
0.907
0.921
0.979
0.880
0.940
0.992
0.987
0.957
0.777
0.916
0.984
0.871
0.750
0.984
0.871
0.894
0.824
0.781
0.866
0.965
0.850
0.786
0.672
0.834
0.927
0.927
0.825
0.941
0.908
0.816
0.731
0.968
0.772
0.592
0.807
0.683
0.968
0.846
0.639
0.542
0.534
0.538
0.735
0.552
0.662
0.687
0.665
0.857
0.822
0.980
0.682
0.475
0.716
0.568
0.402
0.393
0.651
0.565
0.450
0.513
0.490
0.396
0.326
0.480
0.694
0.709
0.600
0.472
0.322
0.426
0.770
0.798
0.812
0.839
0.807
0.658
0.613
0.512
0.362
0.400
0.600
0.629
0.701
0.645
0.646
0.763
0.575
0.695
0.640
0.572
0.661
0.675
0.497
0.752
0.722
0.560
0.525
0.478
0.399
0.240
0.264
0.346
0.259
0.278
0.502
0.530
0.281
0.317
0.403
0.439
0.753
0.726
0.512
0.250
0.349
0.316
0.446
0.799
0.901
0.870
0.765
0.612
0.494
0.804
0.607
0.513
0.769
0.553
0.268
0.345
0.584
0.674
0.329
0.280
0.321
0.384
0.695
0.484
0.567
0.509
0.452
0.700
0.767
0.793
0.748
0.643
0.609
0.657
0.382
0.478
0.661
0.496
0.563
0.779
0.444
0.382
0.381
0.324
0.381
0.356
0.330
0.412
0.553
0.509
0.718
0.609
0.566
0.546
0.614
0.528
0.456
0.825
0.645
0.708
0.500
0.560
0.735
0.516
0.200
0.299
0.744
0.635
0.649
0.290
0.311
0.572
0.727
0.425
0.356
0.365
0.209
0.190
0.253
0.533
0.567
0.379
0.789
0.643
0.529
0.663
0.660
0.527
0.593
0.940
0.738
0.596
0.431
0.733
0.606
0.494
0.515
0.766
0.965
0.881
0.643
0.458
0.976
0.752
0.703
0.596
0.851
0.756
0.742
0.724
0.905
0.907
0.754
0.924
0.754
0.597
0.642
0.590
0.715
0.972
0.935
0.779
0.795
0.892
0.949
0.955
0.811
0.880
0.724
0.755
0.873
0.586
0.540
0.456
0.607
0.725
0.670
0.703
0.679
0.793
0.703
0.655
0.694
0.821
0.977
0.979
0.792
0.904
0.800
0.798
0.917
0.897
0.758
0.742
0.828
0.922
0.697
0.755
0.774
0.759
0.857
0.890
0.907
0.944
0.880
0.816
0.688
0.796
0.933
0.812
0.830
0.605
0.718
0.932
0.792
0.559
0.524
0.511
0.608
0.682
0.699
0.605
0.688
0.605
0.493
0.536
0.580
0.520
0.617
0.838
0.764
0.786
0.720
0.733
0.754
0.605
0.588
0.612
0.674
0.739
0.760
0.744
0.815
0.912
0.900
0.763
0.796
0.812
0.795
0.860
0.992
0.905
0.871
0.871
0.767
0.901
0.834
0.790
0.854
0.899
0.756
0.584
0.535
0.512
0.478
0.596
0.676
0.466
0.281
0.279
0.376
0.438
0.367
0.363
0.652
0.976
0.782
0.697
0.751
0.758
0.788
0.745
0.618
0.815
0.611
0.689
0.720
0.612
0.648
0.549
0.604
0.632
0.928
0.632
0.852
0.618
0.898
0.836
0.759
0.644
0.905
0.813
0.762
0.527
0.461
0.632
0.512
0.477
0.716
0.899
0.749
0.832
0.913
0.526
0.369
0.569
0.879
0.797
0.691
0.853
0.894
0.968
0.918
0.895
0.702
0.598
0.824
0.764
0.701
0.597
0.533
0.494
0.434
0.489
0.522
0.694
0.628
0.493
0.460
0.460
0.487
0.496
0.551
0.497
0.363
0.412
0.466
0.665
0.272
0.296
0.411
0.246
0.247
0.175
0.301
0.499
0.462
0.855
0.693
0.298
0.750
0.669
0.476
0.418
0.532
0.738
0.769
0.732
0.474
0.277
0.371
0.427
0.349
0.376
0.416
0.570
0.769
0.625
0.414
0.409
0.463
0.414
0.371
0.413
0.503
0.526
0.371
0.248
0.304
0.438
0.801
0.421
0.273
0.482
0.784
0.328
0.242
0.289
0.559
0.756
0.572
0.370
0.334
0.372
0.615
0.445
0.301
0.512
0.692
0.452
0.415
0.353
0.450
0.796
0.688
0.658
0.526
0.455
0.348
0.477
0.909
0.694
0.494
0.295
0.316
0.415
0.640
0.964
0.855
0.810
0.665
0.385
0.317
0.308
0.290
0.321
0.575
0.763
0.739
0.532
0.496
0.693
0.639
0.473
0.335
0.420
0.562
0.588
0.433
0.408
0.462
0.724
0.958
0.897
0.512
0.415
0.419
0.433
0.260
0.262
0.407
0.574
0.305
0.126
0.352
0.539
0.609
0.716
0.701
0.430
0.537
0.460
0.415
0.454
0.706
0.709
0.515
0.437
0.648
0.523
0.549
0.486
0.444
0.548
0.691
0.447
0.655
0.736
0.931
0.535
0.286
0.412
0.364
0.276
0.223
0.592
0.753
0.708
0.632
0.593
0.767
0.532
0.391
0.802
0.667
0.459
0.729
0.774
0.658
0.598
0.687
0.663
0.835
0.987
0.981
0.930
0.764
0.834
0.540
0.479
0.363
0.265
0.422
0.948
0.770
0.606
0.717
0.445
0.376
0.486
0.537
0.479
0.433
0.455
0.644
0.961
0.922
0.789
0.601
0.560
0.530
0.483
0.477
0.485
0.511
0.406
0.358
0.434
0.517
0.380
0.460
0.470
0.604
0.551
0.525
0.657
0.478
0.607
0.650
0.429
0.322
0.484
0.496
0.496
0.434
0.596
0.507
0.471
0.506
0.437
0.389
0.454
0.405
0.407
0.435
0.460
0.741
0.677
0.575
0.448
0.472
0.451
0.488
0.434
0.529
0.525
0.629
0.515
0.419
0.437
0.952
0.672
0.631
0.587
0.643
0.487
0.404
0.397
0.405
0.339
0.457
0.693
0.488
0.569
0.698
0.885
0.516
0.381
0.407
0.471
0.616
0.878
0.770
0.643
0.714
0.545
0.527
0.723
0.826
0.918
0.983
0.964
0.604
0.495
0.680
0.838
0.829
0.730
0.713
0.868
0.958
0.907
0.688
0.648
0.583
0.912
0.956
0.762
0.688
0.741
0.721
0.814
0.650
0.955
0.811
0.732
0.944
0.782
0.662
0.631
0.866
0.706
0.691
0.666
0.653
0.575
0.678
0.925
0.806
0.931
0.785
0.606
0.583
0.893
0.778
0.534
0.657
0.648
0.899
0.816
0.787
0.899
0.748
0.549
0.760
0.699
0.866
0.927
0.848
0.666
0.493
0.389
0.487
0.313
0.317
0.400
0.649
0.580
0.834
0.670
0.662
0.500
0.473
0.466
0.328
0.327
0.415
0.489
0.635
0.652
0.727
0.601
0.400
0.720
0.436
0.419
0.721
0.612
0.424
0.461
0.583
0.392
0.470
0.544
0.488
0.519
0.506
0.471
0.578
0.361
0.186
0.242
0.479
-099.000
0.534
0.346
0.288
0.273
0.325
0.580
0.524
0.287
0.200
0.230
0.318
0.561
0.542
0.238
0.224
0.299
0.259
0.222
0.382
0.611
0.520
0.355
0.838
0.667
0.272
0.433
0.593
0.484
0.591
0.704
0.380
0.234
0.116
0.159
0.164
0.300
0.442
0.324
0.289
0.399
0.413
0.249
0.401
0.477
0.427
0.488
0.737
0.638
0.922
0.880
0.638
0.539
0.335
0.194
0.144
0.218
0.244
0.529
0.381
0.260
0.392
0.308
0.478
0.341
0.420
0.530
0.664
0.544
0.290
0.355
0.361
0.351
0.702
0.677
0.542
0.833
0.871
0.676
0.728
0.473
0.456
0.375
0.309
0.349
0.693
0.550
0.751
0.629
0.425
0.678
0.882
0.706
0.466
0.601
0.558
0.629
0.559
0.278
0.169
0.227
0.248
0.301
0.291
0.282
0.205
0.284
0.338
0.491
0.533
0.584
0.533
0.452
0.379
0.308
0.589
0.526
0.894
0.977
0.890
0.722
0.426
0.497
0.339
0.315
0.563
0.521
0.417
0.189
0.409
0.912
0.968
0.715
0.558
0.609
0.496
0.427
0.341
0.304
0.543
0.725
0.553
0.551
0.387
0.327
0.338
0.427
0.404
0.358
0.313
0.252
0.313
0.423
0.169
0.318
0.379
0.719
0.724
0.517
0.410
0.424
0.343
0.284
0.483
0.490
0.418
0.384
0.310
0.319
0.470
0.959
0.633
0.310
0.466
0.799
0.604
0.790
0.981
0.608
0.449
0.296
0.205
0.604
0.592
0.696
0.866
0.711
0.549
0.319
0.299
0.553
0.748
0.890
0.657
0.671
0.803
0.706
0.761
0.862
0.743
0.770
0.870
0.913
0.762
0.806
0.847
0.784
0.500
-099.000
-099.000
-099.000
-099.000
-099.000
-099.000
-099.000
-099.000
0.976
0.877
0.728
0.746
0.848
0.887
0.848
0.710
0.873
0.778
0.763
0.860
0.876
0.931
0.741
0.695
0.899
0.975
0.950
0.861
0.933
0.944
0.916
0.924
0.893
0.900
0.855
0.749
0.686
0.691
0.869
0.678
0.497
0.722
0.820
0.626
0.629
0.870
0.891
0.663
0.540
0.505
0.447
0.396
0.427
0.623
0.755
0.811
0.882
0.939
0.801
0.718
0.679
0.726
0.713
0.684
0.741
0.698
0.734
0.633
0.808
0.877
0.807
0.914
0.825
0.866
0.788
0.924
0.785
0.682
0.663
0.603
0.504
0.481
0.508
0.500
0.688
0.858
0.908
0.874
0.759
0.783
0.784
0.697
0.772
0.571
0.626
0.974
0.969
0.803
0.649
0.760
0.671
0.575
0.570
0.715
0.641
0.566
0.939
0.768
0.623
0.587
0.495
0.691
0.496
0.649
0.983
0.804
0.640
0.585
0.750
0.732
0.704
0.722
0.788
0.966
0.924
0.839
0.711
0.682
0.730
0.779
0.767
0.615
0.453
0.323
0.281
0.510
0.679
0.450
0.381
0.452
0.609
0.721
0.587
0.515
0.698
0.833
0.866
0.516
0.444
0.753
0.795
0.988
0.859
0.616
0.520
0.561
0.517
0.373
0.645
0.539
0.524
0.549
0.692
0.787
0.664
0.689
0.512
0.238
0.237
0.261
0.614
0.712
0.631
0.620
0.463
0.391
0.414
0.379
0.302
0.330
0.559
0.754
0.517
0.330
0.279
0.263
0.289
0.525
0.481
0.598
0.507
0.430
0.221
0.282
0.221
0.327
0.353
0.203
0.131
0.111
0.144
0.265
0.148
0.136
0.309
0.431
0.724
0.700
0.649
0.631
0.507
0.405
0.153
0.227
0.359
0.381
0.522
0.694
0.375
0.351
0.280
0.465
0.688
0.403
0.814
0.579
0.424
0.204
0.198
0.155
0.367
0.330
0.536
0.319
0.352
0.737
0.713
0.727
0.641
0.687
0.603
0.533
0.502
0.231
0.256
0.407
0.275
0.755
0.797
0.674
0.344
0.267
0.528
0.585
0.529
0.404
0.462
0.389
0.189
0.257
0.630
0.677
0.476
0.332
0.300
0.746
0.611
0.479
0.449
0.570
0.392
0.568
0.555
0.483
0.440
0.270
0.185
0.393
0.585
0.287
0.729
0.624
0.625
0.463
0.560
0.659
0.503
0.206
0.710
0.602
0.140
0.164
0.562
0.599
0.616
0.726
0.729
0.673
0.529
0.732
0.509
0.485
0.468
0.499
0.722
0.710
0.849
0.793
0.581
0.458
0.531
0.627
0.806
0.968
0.918
0.825
0.756
0.684
0.503
0.362
0.713
0.687
0.705
0.901
0.824
0.678
0.741
0.507
0.558
0.487
0.739
0.912
0.986
0.886
0.726
0.909
0.500
0.496
0.659
0.579
0.580
0.592
0.637
0.770
0.747
0.892
0.653
0.801
0.925
0.808
0.680
0.479
0.475
0.855
0.577
0.509
0.632
0.569
0.866
0.565
0.511
0.556
0.905
0.594
0.569
0.591
0.720
0.813
0.888
0.846
0.819
0.719
0.535
0.669
0.691
0.646
0.511
0.537
0.774
0.610
0.513
0.749
0.542
0.495
0.674
0.657
0.800
0.906
0.893
0.771
0.726
0.737
0.898
0.850
0.779
0.835
0.803
0.794
0.833
0.739
0.681
0.936
0.983
0.865
0.810
0.629
0.672
0.778
0.813
0.870
0.876
0.801
0.756
0.732
0.758
0.850
0.746
0.798
0.889
0.711
0.758
0.818
0.814
0.767
0.764
0.730
0.718
0.728
0.684
0.636
0.761
0.868
0.823
0.794
0.646
0.722
0.609
0.476
0.662
0.815
0.821
0.750
0.676
0.937
0.828
0.867
0.833
0.872
0.823
0.740
0.691
0.623
0.547
0.609
0.693
0.772
0.890
0.691
0.558
0.776
0.965
0.934
0.893
0.969
0.895
0.795
0.775
0.756
0.776
0.776
0.747
0.882
0.748
0.614
0.865
0.766
0.614
0.655
0.662
0.877
0.715
0.600
0.889
0.743
0.725
0.979
0.829
0.669
0.873
0.742
0.989
0.951
0.820
0.756
0.789
0.916
0.972
0.883
0.673
0.852
0.834
0.707
0.678
0.681
0.625
0.685
0.775
0.609
0.675
0.699
0.859
0.544
0.711
0.845
0.665
0.687
0.710
0.809
0.809
0.592
0.637
0.828
0.916
0.927
0.702
0.577
0.530
0.575
0.565
0.329
0.386
0.498
0.478
0.413
0.457
0.417
0.554
0.761
0.693
0.542
0.506
0.614
0.875
0.524
0.318
0.411
0.432
0.415
0.740
0.702
0.676
0.687
0.459
0.147
0.253
0.289
0.494
0.845
0.753
0.695
0.768
0.530
0.328
0.540
0.695
0.729
0.601
0.435
0.290
0.350
0.346
0.416
0.856
0.987
0.967
0.567
0.565
0.698
0.394
0.430
0.392
0.257
0.240
0.210
0.403
0.590
0.678
0.674
0.694
0.593
0.505
0.263
0.288
0.423
0.798
0.618
0.302
0.363
0.183
0.125
0.236
0.393
0.336
0.241
0.170
0.433
0.485
0.433
0.105
0.186
0.350
0.461
0.469
0.366
0.213
0.168
0.273
0.675
0.688
0.666
0.554
0.282
0.499
0.481
0.222
0.637
0.445
0.601
0.652
0.648
0.574
0.566
0.690
0.708
0.578
0.471
0.493
0.455
0.557
0.497
0.502
0.518
0.592
0.735
0.656
0.446
0.368
0.412
0.617
0.537
0.470
0.512
0.349
0.392
0.494
0.800
0.861
0.832
0.841
0.578
0.627
0.946
0.727
0.652
0.559
0.683
0.849
0.588
0.404
0.585
0.317
0.524
0.583
0.368
0.267
0.227
0.387
0.576
0.507
0.491
0.433
0.338
0.298
0.275
0.248
0.274
0.278
0.325
0.249
0.327
0.325
0.476
0.451
0.573
0.630
0.898
0.610
0.403
0.427
0.295
0.304
0.353
0.294
0.372
0.524
0.444
0.589
0.787
0.566
0.439
0.559
0.630
0.721
0.714
0.853
0.787
0.856
0.828
0.727
0.601
0.893
0.553
0.510
0.460
0.663
0.876
0.674
0.684
0.654
0.654
0.647
0.501
0.721
0.618
0.507
0.620
0.573
0.656
0.812
0.741
0.641
0.541
0.491
0.459
0.758
0.755
0.578
0.676
0.785
0.583
0.521
0.620
0.748
0.751
0.491
0.405
0.510
0.691
0.883
0.538
0.473
0.787
0.682
0.545
0.545
0.398
0.329
0.609
0.647
0.635
0.735
0.535
0.916
0.595
0.677
0.763
0.829
0.622
0.554
0.483
0.427
0.433
0.706
0.723
0.708
0.506
0.367
0.331
0.502
0.688
0.761
0.589
0.599
0.625
0.438
0.429
0.387
0.451
0.648
0.789
0.721
0.735
0.928
0.902
0.940
0.809
0.788
0.886
0.638
0.595
0.651
0.544
0.503
0.798
0.921
0.784
0.784
0.692
0.531
0.520
0.623
0.913
0.987
0.964
0.726
0.766
0.851
0.932
0.947
0.822
0.838
0.827
0.775
0.919
0.834
0.894
0.680
0.674
0.870
0.695
0.648
0.783
0.754
0.776
0.682
0.826
0.766
0.702
0.487
0.671
0.723
0.722
0.821
0.906
0.727
0.569
0.657
0.785
0.574
0.693
0.515
0.616
0.886
0.937
0.628
0.648
0.563
0.562
0.736
0.679
0.442
0.423
0.454
0.673
0.658
0.596
0.591
0.510
0.424
0.239
0.326
0.666
0.779
0.724
0.655
0.596
0.547
0.447
0.529
0.600
0.778
0.590
0.273
0.599
0.552
0.439
0.404
0.563
0.830
0.981
0.867
0.614
0.742
0.790
0.488
0.632
0.761
0.432
0.319
0.403
0.493
0.798
0.739
0.718
0.707
0.521
0.515
0.304
0.251
0.329
0.715
0.699
0.426
0.352
0.626
0.580
0.582
0.568
0.421
0.624
0.482
0.202
0.276
0.517
0.664
0.350
0.299
0.385
0.388
0.186
0.424
0.508
0.332
0.518
0.431
0.237
0.330
0.579
0.265
0.479
0.446
0.286
0.275
0.281
0.424
0.217
0.253
0.183
0.426
0.586
0.569
0.417
0.221
0.243
0.314
0.298
0.129
0.231
0.216
0.286
0.685
0.705
0.549
0.255
0.237
0.462
0.234
0.575
0.519
0.318
0.310
0.504
0.458
0.390
0.226
0.264
0.443
0.639
0.547
0.293
0.346
0.261
0.553
0.962
0.637
0.335
0.208
0.343
0.403
0.360
0.351
0.320
0.288
0.437
0.712
0.739
0.703
0.701
0.816
0.735
0.600
0.410
0.296
0.351
0.476
0.388
0.668
0.675
0.913
0.970
0.962
0.904
0.778
0.675
0.715
0.743
0.665
0.799
0.595
0.547
0.541
0.496
0.596
0.482
0.406
0.690
0.377
0.419
0.314
0.275
0.246
0.484
0.757
0.722
0.585
0.501
0.394
0.377
0.489
0.809
0.782
0.835
0.804
0.720
0.604
0.415
0.286
0.256
0.407
0.464
0.640
0.614
0.839
0.808
0.649
0.555
0.568
0.617
0.863
0.911
0.792
0.739
0.694
0.821
0.794
0.757
0.691
0.510
0.733
0.873
0.776
0.738
0.524
0.643
0.754
0.902
0.918
0.602
0.611
0.713
0.443
0.393
0.406
0.351
0.583
0.392
0.381
0.484
0.616
0.595
0.588
0.607
0.482
0.390
0.629
0.853
0.770
0.767
0.569
0.463
0.438
0.773
0.966
0.807
0.613
0.599
0.957
0.919
0.690
0.619
0.850
0.526
0.510
0.448
0.521
0.897
0.894
0.856
0.574
0.540
0.689
0.756
0.747
0.818
0.881
0.914
0.847
0.846
0.748
0.682
0.739
0.780
0.896
0.857
0.783
0.851
0.894
0.917
0.902
0.876
0.917
0.906
0.976
0.972
0.926
0.908
0.696
0.891
0.872
0.878
0.843
0.660
0.659
0.744
0.805
0.686
0.700
0.842
0.987
0.923
0.944
0.761
0.937
0.955
0.951
0.915
0.836
0.886
0.914
0.977
0.991
0.982
0.928
0.927
0.893
0.754
0.828
0.835
0.904
0.834
0.635
0.462
0.551
0.954
0.762
0.785
0.844
0.909
0.875
0.950
0.891
0.913
0.766
0.890
0.986
0.809
0.742
0.639
0.567
0.492
0.843
0.835
0.644
0.587
0.632
0.725
0.882
0.969
0.779
0.692
0.764
0.627
0.695
0.651
0.563
0.530
0.445
0.659
0.847
0.708
0.957
0.873
0.459
0.482
0.904
0.874
0.853
0.806
0.823
0.720
0.624
0.476
0.398
0.426
0.693
0.522
0.357
0.335
0.558
0.449
0.879
0.676
0.573
0.791
0.449
0.283
0.290
0.487
0.751
0.704
0.444
0.425
0.279
0.427
0.894
0.850
0.701
0.445
0.315
0.626
0.406
0.281
0.281
0.622
0.744
0.411
0.282
0.492
0.661
0.502
0.253
0.383
0.584
0.752
0.688
0.497
0.431
0.565
0.641
0.676
0.623
0.861
0.912
0.678
0.522
0.314
0.227
0.322
0.387
0.372
0.416
0.363
0.834
0.778
0.701
0.754
0.524
0.404
0.310
0.287
0.436
0.558
0.455
0.479
0.638
0.480
0.312
0.245
0.326
0.326
0.204
0.207
0.244
0.722
0.755
0.577
0.489
0.585
0.293
0.349
0.798
0.635
0.426
0.372
0.483
0.444
0.519
0.861
0.912
0.709
0.781
0.444
0.612
0.658
0.421
0.259
0.592
0.620
0.582
0.556
0.626
0.616
0.551
0.700
0.319
0.383
0.360
0.360
0.613
0.592
0.301
0.220
0.218
0.508
0.628
0.578
0.458
0.349
0.601
0.534
0.420
0.427
0.308
0.314
0.673
0.455
0.196
0.177
0.488
0.492
0.586
0.789
0.974
0.843
0.709
0.432
0.264
0.260
0.571
0.382
0.360
0.661
0.640
0.559
0.713
0.586
0.615
0.782
0.750
0.978
0.983
0.905
0.700
0.774
0.851
0.694
0.746
0.907
0.876
0.723
0.546
0.635
0.587
0.532
0.834
0.821
0.624
0.532
0.955
0.752
0.516
0.625
0.762
0.880
0.715
0.727
0.596
0.842
0.564
0.752
0.682
0.713
0.767
0.936
0.837
0.745
0.712
0.941
0.891
0.783
0.821
0.583
0.678
0.717
0.904
0.950
0.832
0.881
0.916
0.838
0.658
0.607
0.625
0.560
0.555
0.799
0.505
0.704
0.577
0.921
0.872
0.977
0.825
0.703
0.730
0.885
0.728
0.658
0.602
0.746
0.952
0.855
0.820
0.814
0.840
0.878
0.812
0.723
0.971
0.964
0.976
0.777
0.741
0.766
0.976
0.869
0.797
0.734
0.601
0.889
0.858
0.968
0.932
0.906
0.914
0.794
0.733
0.797
0.503
0.645
0.717
0.720
0.749
0.779
0.882
0.778
0.801
0.876
0.666
0.717
0.906
0.806
0.813
0.872
0.717
0.767
0.850
0.722
0.846
0.942
0.916
0.810
0.856
0.819
0.837
0.816
0.800
0.675
0.621
0.861
0.889
0.876
0.755
0.824
0.855
0.891
0.943
0.948
0.906
0.936
0.942
0.944
0.988
0.837
0.752
0.754
0.847
0.954
0.882
0.808
0.812
0.894
0.821
0.835
0.781
0.748
0.669
0.789
0.943
0.772
0.799
0.981
0.931
0.875
0.718
0.699
0.624
0.601
0.779
0.788
0.927
0.935
0.765
0.781
0.630
0.532
0.834
0.736
0.649
0.663
0.608
0.588
0.740
0.584
0.628
0.718
0.610
0.783
0.743
0.736
0.763
0.679
0.921
0.903
0.833
0.689
0.743
0.645
0.735
0.736
0.767
0.818
0.565
0.509
0.502
0.506
0.495
0.682
0.989
0.864
0.743
0.629
0.443
0.563
0.451
0.321
0.281
0.184
0.463
0.721
0.798
0.657
0.707
0.677
0.585
0.986
0.826
0.584
0.477
0.433
0.365
0.634
0.775
0.625
0.618
0.633
0.475
0.336
0.346
0.483
0.674
0.628
0.791
0.470
0.370
0.424
0.601
0.366
0.361
0.450
0.280
0.388
0.701
0.766
0.691
0.490
0.303
0.309
0.382
0.681
0.786
0.873
0.810
0.592
0.560
0.383
0.378
0.380
0.275
0.398
0.940
0.669
0.298
0.217
0.256
0.267
0.273
0.269
0.535
0.655
0.591
0.698
0.704
0.483
0.319
0.291
0.252
0.316
0.486
0.708
0.761
0.641
0.298
0.174
0.209
0.225
0.208
0.431
0.625
0.412
0.589
0.807
0.478
0.693
0.521
0.570
0.901
0.707
0.522
0.372
0.356
0.841
0.824
0.613
0.657
0.314
0.254
0.703
0.726
0.708
0.675
0.772
0.748
0.455
0.223
0.523
0.630
0.466
0.391
0.634
0.514
0.313
0.287
0.503
0.562
0.533
0.654
0.634
0.462
0.810
0.650
0.428
0.281
0.382
0.589
0.645
0.750
0.809
0.777
0.726
0.448
0.408
0.359
0.227
0.305
0.399
0.655
0.636
0.608
0.473
0.408
0.508
0.660
0.543
0.755
0.768
0.623
0.661
0.874
0.972
0.990
0.987
0.956
0.776
0.858
0.941
0.881
0.799
0.776
0.779
0.814
0.778
0.834
0.950
0.918
0.983
0.871
0.801
0.807
0.702
0.676
0.946
0.696
0.694
0.506
0.550
0.686
0.826
0.725
0.650
0.719
0.692
0.852
0.854
0.678
0.566
0.705
0.645
0.671
0.791
0.651
0.569
0.475
0.380
0.642
0.713
0.811
0.558
0.506
0.579
0.645
0.531
0.660
0.625
0.735
0.867
0.786
0.589
0.929
0.704
0.669
0.642
0.794
0.886
0.950
0.916
0.745
0.765
0.689
0.778
0.897
0.905
0.921
0.861
0.818
0.889
0.923
0.909
0.986
0.843
0.823
0.762
0.764
0.714
0.825
0.711
0.729
0.731
0.748
0.633
0.747
0.732
0.767
0.761
0.727
0.738
0.772
0.789
0.627
0.861
0.763
0.723
0.665
0.541
0.887
0.943
0.925
0.924
0.953
0.877
0.874
0.836
0.662
0.588
0.544
0.820
0.928
0.850
0.731
0.768
0.874
0.911
0.856
0.737
0.803
0.810
0.798
0.826
0.821
0.793
0.750
0.849
0.827
0.879
0.863
0.715
0.797
0.806
0.844
0.677
0.641
0.673
0.637
0.536
0.904
0.838
0.822
0.738
0.684
0.653
0.869
0.925
0.796
0.734
0.849
0.964
0.843
0.838
0.726
0.882
0.912
0.787
0.640
0.699
0.633
0.823
0.762
0.646
0.660
0.611
0.657
0.635
0.628
0.554
0.795
0.833
0.498
0.764
0.532
0.878
0.908
0.939
0.720
0.505
0.760
0.801
0.651
0.569
0.512
0.435
0.436
0.614
0.795
0.556
0.516
0.371
0.718
0.680
0.535
0.461
0.533
0.628
0.976
0.842
0.675
0.448
0.415
0.767
0.382
0.218
0.217
0.570
0.888
0.857
0.534
0.319
0.352
0.491
0.689
0.488
0.160
0.292
0.403
0.495
0.685
0.493
0.671
0.427
0.321
0.587
0.615
0.712
0.603
0.482
0.385
0.575
0.623
0.576
0.570
0.282
0.138
0.403
0.687
0.499
0.604
0.763
0.603
0.586
0.423
0.382
0.836
0.642
0.365
0.278
0.306
0.301
0.537
0.757
0.853
0.929
0.767
0.741
0.886
0.435
0.326
0.263
0.693
0.713
0.661
0.509
0.355
0.580
0.611
0.389
0.396
0.603
0.811
0.789
0.539
0.475
0.385
0.263
0.180
0.358
0.639
0.298
0.314
0.406
0.385
0.455
0.447
0.422
0.555
0.661
0.875
0.807
0.746
0.342
0.179
0.487
0.508
0.404
0.506
0.491
0.605
0.483
0.729
0.956
0.991
0.751
0.633
0.462
0.580
0.905
0.956
0.847
0.686
0.881
0.724
0.844
0.983
0.824
0.690
0.482
0.372
0.713
0.549
0.456
0.340
0.908
0.735
0.549
0.725
0.652
0.414
0.431
0.509
0.672
0.604
0.827
0.718
0.641
0.745
0.719
0.611
0.663
0.609
0.468
0.682
0.665
0.677
0.672
0.377
0.682
0.721
0.580
0.454
0.910
0.747
0.606
0.678
0.826
0.667
0.787
0.455
0.796
0.661
0.765
0.595
0.444
0.359
0.421
0.458
0.501
0.498
0.412
0.345
0.337
0.608
0.821
0.792
0.774
0.691
0.886
0.684
0.598
0.556
0.695
0.811
0.964
0.966
0.976
0.962
0.931
0.885
0.862
0.904
0.894
0.637
0.864
0.781
0.666
0.675
0.842
0.852
0.732
0.805
0.900
0.854
0.706
0.610
0.607
0.892
0.813
0.734
0.822
0.635
0.670
0.836
0.623
0.531
0.734
0.955
0.869
0.829
0.728
0.622
0.810
0.835
0.946
0.908
0.923
0.878
0.840
0.863
0.806
0.832
0.897
0.564
0.586
0.511
0.476
0.434
0.480
0.633
0.668
0.941
0.819
0.888
0.906
0.700
0.733
0.650
0.634
0.816
0.849
0.796
0.800
0.762
0.659
0.712
0.983
0.917
0.816
0.838
0.765
0.863
0.911
0.874
0.603
0.493
0.546
0.694
0.765
0.622
0.568
0.542
0.621
0.660
0.837
0.833
0.738
0.755
0.697
0.636
0.625
0.647
0.694
0.763
0.768
0.913
0.916
0.900
0.987
0.926
0.920
0.777
0.848
0.813
0.701
0.713
0.817
0.660
0.710
0.816
0.677
0.755
0.811
0.921
0.867
0.783
0.777
0.811
0.810
0.870
0.655
0.590
0.892
0.975
0.845
0.694
0.644
0.953
0.980
0.876
0.849
0.710
0.645
0.688
0.520
0.527
0.542
0.357
0.404
0.751
0.746
0.580
0.560
0.653
0.832
0.950
0.859
0.723
0.518
0.463
0.886
0.875
0.858
0.836
0.766
0.764
0.772
0.439
0.526
0.566
0.340
0.431
0.557
0.564
0.483
0.598
0.793
0.833
0.576
0.278
0.277
0.333
0.394
0.286
0.342
0.672
0.458
0.546
0.651
0.730
0.501
0.549
0.345
0.322
0.470
0.470
0.443
0.421
0.289
0.227
0.248
0.195
0.372
0.711
0.797
0.751
0.645
0.374
0.334
0.396
0.587
0.699
0.598
0.350
0.247
0.191
0.276
0.440
0.451
0.535
0.329
0.171
0.239
0.343
0.515
0.452
0.360
0.682
0.611
0.811
0.970
0.811
0.190
0.219
0.389
0.669
0.758
0.814
0.655
0.380
0.226
0.237
0.180
0.114
0.141
0.238
0.584
0.719
0.724
0.956
0.642
0.410
0.321
0.743
0.846
0.647
0.472
0.180
0.268
0.326
0.264
0.309
0.399
0.378
0.786
0.619
0.390
0.269
0.414
0.613
0.414
0.276
0.629
0.439
0.352
0.239
0.259
0.462
0.567
0.339
0.239
0.267
0.315
0.323
0.241
0.475
0.622
0.750
0.600
0.498
0.427
0.292
0.154
0.179
0.549
0.454
0.381
0.304
0.448
0.433
0.546
0.489
0.350
0.254
0.327
0.394
0.267
0.439
0.858
0.680
0.656
0.718
0.839
0.578
0.266
0.290
0.520
0.573
0.929
0.870
0.805
0.655
0.540
0.452
0.381
0.414
0.390
0.273
0.326
0.792
0.746
0.708
0.504
0.266
0.411
0.668
0.674
0.892
0.908
0.919
0.961
0.935
0.976
0.829
0.723
0.586
0.782
0.888
0.739
0.691
0.607
0.514
0.469
0.503
0.584
0.504
0.397
0.586
0.808
0.709
0.917
0.906
0.970
0.891
0.848
0.815
0.571
0.512
0.628
0.664
0.867
0.824
0.898
0.917
0.803
0.768
0.715
0.591
0.627
0.589
0.480
0.405
0.343
0.585
0.606
0.756
0.797
0.860
0.847
0.631
0.661
0.816
0.902
0.914
0.925
0.771
0.740
0.717
0.737
0.583
0.750
0.568
0.647
0.769
0.843
0.766
0.789
0.873
0.697
0.674
0.617
0.885
0.778
0.668
0.607
0.548
0.663
0.752
0.631
0.507
0.443
0.427
0.519
0.488
0.454
0.424
0.592
0.664
0.581
0.450
0.730
0.690
0.582
0.636
0.830
0.612
0.534
0.515
0.499
0.535
0.813
0.707
0.681
0.733
0.790
0.956
0.777
0.670
0.676
0.756
0.923
0.922
0.951
0.966
0.805
0.656
0.597
0.914
0.679
0.626
0.706
0.834
0.648
0.748
0.781
0.919
0.978
0.952
0.773
0.807
0.733
0.708
0.741
0.779
0.743
0.674
0.706
0.650
0.583
0.508
0.495
0.685
0.689
0.889
0.962
0.734
0.724
0.653
0.741
0.835
0.785
0.647
0.624
0.837
0.732
0.812
0.770
0.981
0.877
0.903
0.775
0.700
0.673
0.936
0.980
0.849
0.783
0.785
0.718
0.922
0.849
0.878
0.867
0.804
0.663
0.655
0.650
0.922
0.778
0.609
0.581
0.680
0.816
0.734
0.445
0.411
0.399
0.825
0.835
0.639
0.617
0.735
0.700
0.883
0.802
0.596
0.763
0.862
0.936
0.812
0.795
0.747
0.516
0.418
0.376
0.392
0.463
0.475
0.555
0.698
0.532
0.545
0.171
0.384
0.629
0.667
0.873
0.956
0.826
0.722
0.671
0.621
0.537
0.654
0.738
0.393
0.673
0.926
0.724
0.596
0.287
0.499
0.715
0.782
0.576
0.590
0.660
0.444
0.276
0.542
0.482
0.283
0.475
0.352
0.397
0.420
0.221
0.274
0.232
0.162
0.308
0.546
0.615
0.708
0.751
0.679
0.585
0.686
0.697
0.633
0.468
0.262
0.194
0.270
0.345
0.283
0.154
0.261
0.308
0.194
0.135
0.240
0.772
0.473
0.220
0.262
0.327
0.278
0.502
0.722
0.758
0.763
0.660
0.323
0.360
0.291
0.280
0.329
0.651
0.501
0.617
0.236
0.173
0.125
0.327
0.734
0.774
0.815
0.628
0.324
0.592
0.745
0.542
0.682
0.760
0.562
0.309
0.617
0.448
0.242
0.339
0.608
0.658
0.745
0.527
0.358
0.366
0.230
0.232
0.513
0.707
0.534
0.270
0.312
0.169
0.237
0.438
0.743
0.648
0.539
0.285
0.169
0.212
0.414
0.454
0.294
0.403
0.677
0.677
0.615
0.584
0.894
0.955
0.812
0.691
0.633
0.623
0.805
0.787
0.677
0.569
0.801
0.870
0.648
0.687
0.815
0.616
0.496
0.403
0.624
0.573
0.359
0.878
0.799
0.862
0.777
0.685
0.890
0.799
0.802
0.886
0.985
0.822
0.687
0.525
0.444
0.589
0.761
0.816
0.988
0.799
0.787
0.738
0.591
0.771
0.659
0.597
0.449
0.470
0.609
0.776
0.767
0.868
0.662
0.535
0.496
0.452
0.418
0.381
0.512
0.458
0.358
0.481
0.338
0.361
0.281
0.198
0.357
0.358
0.386
0.393
0.373
0.466
0.391
0.459
0.449
0.625
0.766
0.659
0.788
0.871
0.691
0.687
0.611
0.589
0.468
0.436
0.454
0.432
0.346
0.341
0.303
0.415
0.388
0.303
0.322
0.515
0.500
0.656
0.765
0.729
0.608
0.519
0.869
0.873
0.867
0.695
0.675
0.650
0.632
0.748
0.892
0.961
0.960
0.882
0.901
0.707
0.665
0.741
0.895
0.781
0.793
0.780
0.764
0.766
0.671
0.822
0.744
0.769
0.775
0.553
0.566
0.555
0.491
0.643
0.729
0.831
0.739
0.556
0.674
0.816
0.732
0.867
0.760
0.578
0.522
0.671
0.958
0.925
0.956
0.834
0.833
0.870
0.863
0.880
0.838
0.827
0.964
0.977
0.934
0.878
0.887
0.789
0.769
0.712
0.780
0.791
0.680
0.824
0.931
0.873
0.763
0.749
0.869
0.786
0.751
0.623
0.558
0.564
0.636
0.614
0.578
0.756
0.799
0.807
0.700
0.606
0.513
0.495
0.589
0.565
0.480
0.436
0.928
0.740
0.622
0.571
0.451
0.476
0.435
0.460
0.657
0.677
0.618
0.819
0.756
0.659
0.474
0.402
0.356
0.390
0.456
0.353
0.619
0.387
0.729
0.807
0.737
0.727
0.909
0.953
0.454
0.288
0.320
0.434
0.485
0.570
0.624
0.710
0.789
0.553
0.829
0.944
0.941
0.770
0.544
0.576
0.615
0.494
0.843
0.730
0.553
0.466
0.549
0.444
0.560
0.442
0.816
0.736
0.586
0.316
0.378
0.638
0.536
0.203
0.229
0.299
0.309
0.646
0.794
0.541
0.536
0.642
0.712
0.518
0.266
0.228
0.176
0.147
0.335
0.558
0.187
0.177
0.372
0.586
0.287
0.267
0.249
0.529
0.269
0.161
0.559
0.413
0.207
0.086
0.153
0.125
0.352
0.495
0.591
0.488
0.730
0.547
0.560
0.426
0.371
0.182
0.127
0.133
0.233
0.469
0.256
0.379
0.469
0.447
0.639
0.559
0.501
0.531
0.640
0.731
0.426
0.351
0.342
0.330
0.402
0.757
0.595
0.268
0.107
0.161
0.602
0.720
0.459
0.552
0.416
0.316
0.219
0.188
0.132
0.147
0.309
0.387
0.324
0.573
0.337
0.733
0.573
0.472
0.691
0.634
0.484
0.374
0.363
0.447
0.541
0.633
0.534
0.597
0.743
0.639
0.580
0.507
0.456
0.289
0.258
0.411
0.346
0.287
0.197
0.212
0.525
0.389
0.426
0.877
0.829
0.698
0.573
0.528
0.500
0.318
0.530
0.380
0.329
0.328
0.512
0.643
0.580
0.368
0.280
0.760
0.361
0.239
0.308
0.495
0.606
0.625
0.660
0.529
0.348
0.371
0.438
0.593
0.778
0.791
0.815
0.672
0.542
0.448
0.334
0.328
0.353
0.318
0.321
0.518
0.415
0.697
0.913
0.803
0.646
0.667
0.568
0.580
0.710
0.623
0.867
0.830
0.627
0.508
0.703
0.875
0.764
0.767
0.715
0.770
0.783
0.593
0.476
0.278
0.449
0.563
0.804
0.813
0.795
0.682
0.832
0.687
0.576
0.608
0.721
0.652
0.541
0.456
0.422
0.381
0.378
0.290
0.239
0.226
0.326
0.386
0.306
0.376
0.491
0.574
0.449
0.411
0.450
0.388
0.349
0.334
0.452
0.597
0.892
0.585
0.464
0.631
0.561
0.600
0.600
0.526
0.606
0.866
0.921
0.816
0.765
0.720
0.552
0.570
0.751
0.672
0.612
0.789
0.828
0.823
0.708
0.925
0.677
0.750
0.808
0.720
0.834
0.911
0.768
0.898
0.943
0.694
0.610
0.737
0.812
0.923
0.886
0.766
0.712
0.631
0.541
0.536
0.588
0.583
0.489
0.668
0.689
0.522
0.689
0.830
0.829
0.783
0.819
0.934
0.924
0.725
0.815
0.718
0.697
0.767
0.702
0.583
0.597
0.714
0.660
0.582
0.468
0.746
0.903
0.886
0.821
0.758
0.648
0.621
0.511
0.488
0.700
0.898
0.753
0.486
0.539
0.739
0.704
0.555
0.559
0.665
0.520
0.224
0.607
0.922
0.685
0.491
0.715
0.468
0.418
0.726
0.491
0.701
0.802
0.560
0.611
0.797
0.752
0.589
0.512
0.503
0.489
0.448
0.618
0.650
0.849
0.952
0.775
0.599
0.610
0.714
0.807
0.864
0.925
0.847
0.746
0.478
0.344
0.638
0.665
0.477
0.547
0.478
0.572
0.748
0.703
0.348
0.419
0.698
0.586
0.845
0.706
0.637
0.820
0.620
0.457
0.556
0.483
0.468
0.551
0.992
0.873
0.687
0.645
0.493
0.263
0.124
0.230
0.429
0.639
0.424
0.286
0.193
0.163
0.277
0.382
0.630
0.697
0.668
0.889
0.830
0.718
0.423
0.340
0.580
0.404
0.536
0.728
0.775
0.709
0.454
0.334
0.214
0.333
0.514
0.477
0.529
0.655
0.390
0.582
0.643
0.426
0.239
0.224
0.272
0.635
0.615
0.455
0.406
0.422
0.378
0.430
0.660
0.497
0.395
0.467
0.653
0.440
0.353
0.422
0.319
0.320
0.255
0.275
0.466
0.394
0.338
0.565
0.504
0.627
0.269
0.366
0.386
0.325
0.296
0.128
0.203
0.492
0.442
0.316
0.192
0.194
0.337
0.306
0.262
0.189
0.092
0.248
0.626
0.662
0.610
0.483
0.509
0.419
0.338
0.267
0.165
0.231
0.300
0.435
0.209
0.368
0.361
0.211
0.214
0.241
0.299
0.456
0.584
0.697
0.593
0.410
0.458
0.286
0.346
0.909
0.982
0.988
0.822
0.718
0.722
0.757
0.646
0.607
0.463
0.317
0.358
0.251
0.450
0.435
0.398
0.426
0.529
0.434
0.538
0.613
0.470
0.314
0.235
0.168
0.206
0.385
0.633
0.984
0.928
0.791
0.695
0.621
0.597
0.491
0.403
0.398
0.473
0.726
0.512
0.500
0.800
0.731
0.720
0.544
0.307
0.716
0.619
0.858
0.718
0.512
0.438
0.577
0.701
0.723
0.841
0.757
0.626
0.605
0.565
0.417
0.526
0.467
0.357
0.331
0.320
0.297
0.244
0.267
0.398
0.402
0.393
0.377
0.419
0.704
0.715
0.655
0.537
0.555
0.773
0.623
0.772
0.630
0.551
0.487
0.598
0.911
0.668
0.644
0.624
0.698
0.607
0.531
0.423
0.501
0.738
0.595
0.585
0.518
0.428
0.443
0.619
0.514
0.440
0.410
0.367
0.314
0.332
0.402
0.505
0.411
0.323
0.248
0.308
0.379
0.330
0.301
0.381
0.410
0.525
0.551
0.372
0.342
0.360
0.433
0.382
0.362
0.582
0.641
0.851
0.849
0.686
0.593
0.532
0.617
0.543
0.973
0.890
0.755
0.778
0.578
0.670
0.933
0.897
0.749
0.780
0.845
0.820
0.841
0.834
0.941
0.734
0.708
0.687
0.693
0.686
0.626
0.845
0.832
0.780
0.734
0.679
0.679
0.674
0.607
0.496
0.532
0.643
0.655
0.601
0.669
0.727
0.876
0.789
0.836
0.791
0.741
0.762
0.512
0.647
0.783
0.650
0.953
0.812
0.727
0.748
0.829
0.642
0.581
0.579
0.588
0.473
0.494
0.548
0.586
0.461
0.446
0.447
0.516
0.576
0.525
0.525
0.428
0.319
0.379
0.492
0.606
0.393
0.565
0.490
0.761
0.479
0.429
0.306
0.337
0.663
0.469
0.382
0.532
0.357
0.271
0.191
0.336
0.661
0.653
0.392
0.378
0.453
0.494
0.572
0.530
0.732
0.854
0.878
0.765
0.520
0.429
0.338
0.302
0.328
0.409
0.349
0.612
0.490
0.334
0.495
0.550
0.586
0.626
0.492
0.478
0.608
0.676
0.578
0.430
0.384
0.536
0.741
0.633
0.451
0.271
0.285
0.300
0.161
0.374
0.499
0.386
0.389
0.478
0.362
0.265
0.185
0.179
0.272
0.246
0.505
0.552
0.490
0.728
0.643
0.494
0.342
0.229
0.194
0.259
0.262
0.467
0.586
0.679
0.444
0.467
0.770
0.881
0.559
0.590
0.303
0.232
0.469
0.668
0.688
0.626
0.588
0.285
0.243
0.434
0.442
0.256
0.286
0.141
0.085
0.131
0.248
0.519
0.670
0.641
0.823
0.975
0.620
0.547
0.503
0.376
0.242
0.360
0.334
0.385
0.380
0.278
0.341
0.275
0.076
0.144
0.390
0.908
0.770
0.679
0.516
0.364
0.252
0.160
0.153
0.332
0.285
0.269
0.519
0.565
0.547
0.174
0.096
0.245
0.316
0.163
0.321
0.567
0.657
0.522
0.244
0.331
0.502
0.375
0.264
0.202
0.402
0.467
0.491
0.413
0.418
0.309
0.502
0.670
0.714
0.321
0.310
0.729
0.714
0.522
0.522
0.393
0.297
0.516
0.573
0.408
0.406
0.207
0.189
0.193
0.234
0.588
0.491
0.676
0.654
0.583
0.575
0.541
0.546
0.344
0.424
0.744
0.571
0.362
0.426
0.240
0.462
0.716
0.758
0.897
0.736
0.361
0.723
0.554
0.559
0.723
0.714
0.462
0.450
0.367
0.372
0.525
0.661
0.475
0.460
0.564
0.813
0.632
0.550
0.564
0.744
0.664
0.621
0.891
0.659
0.618
0.748
0.628
0.595
0.814
0.572
0.392
0.581
0.625
0.735
0.650
0.684
0.660
0.574
0.662
0.781
0.752
0.669
0.477
0.454
0.474
0.578
0.556
0.519
0.616
0.882
0.928
0.720
0.635
0.591
0.461
0.470
0.771
0.679
0.886
0.789
0.964
0.971
0.819
0.753
0.602
0.809
0.874
0.797
0.699
0.678
0.711
0.917
0.704
0.832
0.707
0.729
0.727
0.786
0.517
0.421
0.517
0.811
0.733
0.843
0.778
0.640
0.592
0.947
0.799
0.695
0.497
0.402
0.564
0.908
0.812
0.748
0.717
0.967
0.910
0.933
0.977
0.890
0.809
0.714
0.793
0.785
0.704
0.600
0.778
0.873
0.990
0.988
0.951
0.751
0.812
0.808
0.775
0.860
0.734
0.678
0.591
0.613
0.563
0.537
0.686
0.807
0.915
0.746
0.980
0.854
0.751
0.760
0.893
0.947
0.893
0.907
0.761
0.726
0.810
0.852
0.798
0.819
0.971
0.990
0.816
0.589
0.841
0.846
0.808
0.679
0.748
0.705
0.692
0.694
0.811
0.648
0.753
0.793
0.642
0.553
0.689
0.854
0.800
0.819
0.941
0.990
0.810
0.660
0.619
0.700
0.756
0.780
0.814
0.939
0.900
0.876
0.888
0.876
0.768
0.745
0.723
0.841
0.933
0.921
0.845
0.708
0.543
0.526
0.640
0.599
0.495
0.806
0.704
0.956
0.978
0.599
0.391
0.435
0.424
0.475
0.528
0.626
0.575
0.708
0.604
0.767
0.684
0.709
0.844
0.734
0.601
0.645
0.692
0.581
0.462
0.275
0.453
0.819
0.706
0.598
0.837
0.940
0.870
0.816
0.661
0.685
0.704
0.546
0.596
0.570
0.603
0.818
0.600
0.682
0.790
0.482
0.511
0.740
0.552
0.519
0.693
0.606
0.499
0.406
0.407
0.495
0.599
0.581
0.869
0.769
0.618
0.662
0.719
0.580
0.477
0.604
0.718
0.615
0.507
0.450
0.479
0.774
0.787
0.667
0.798
0.543
0.288
0.311
0.556
0.843
0.702
0.718
0.437
0.390
0.409
0.519
0.792
0.736
0.735
0.577
0.789
0.679
0.932
0.614
0.691
0.608
0.399
0.485
0.510
0.700
0.488
0.963
0.836
0.769
0.638
0.641
0.943
0.612
0.463
0.427
0.615
0.560
0.266
0.343
0.657
0.748
0.875
0.771
0.641
0.469
0.521
0.780
0.308
0.131
0.355
0.927
0.750
0.647
0.420
0.533
0.989
0.835
0.700
0.581
0.457
0.498
0.725
0.767
0.458
0.525
0.468
0.480
0.390
0.543
0.639
0.472
0.255
0.581
0.438
0.427
0.350
0.304
0.255
0.307
0.544
0.808
0.987
0.935
0.578
0.645
0.638
0.617
0.597
0.583
0.480
0.768
0.774
0.703
0.672
0.513
0.405
0.620
0.851
0.924
0.900
0.929
0.841
0.733
0.683
0.621
0.824
0.859
0.952
0.938
0.750
0.887
0.755
0.684
0.795
0.895
0.764
0.692
0.693
0.670
0.638
0.667
0.731
0.876
0.868
0.762
0.664
0.871
0.900
0.807
0.873
0.619
0.460
0.482
0.670
0.603
0.693
0.676
0.843
0.608
0.457
0.450
0.523
0.700
0.690
0.677
0.582
0.528
0.571
0.701
0.844
0.610
0.442
0.308
0.280
0.348
0.377
0.437
0.842
0.697
0.930
0.618
0.517
0.765
0.631
0.960
0.949
0.692
0.690
0.987
0.935
0.813
0.842
0.884
0.828
0.669
0.606
0.778
0.820
0.680
0.613
0.790
0.847
0.842
0.867
0.797
0.887
0.928
0.806
0.818
0.722
0.705
0.639
0.771
0.763
0.970
0.970
0.868
0.948
0.773
0.756
0.800
0.823
0.849
0.941
0.609
0.719
0.752
0.805
0.799
0.706
0.743
0.850
0.874
0.885
0.757
0.609
0.755
0.750
0.671
0.793
0.886
0.880
0.884
0.673
0.623
0.875
0.983
0.981
0.866
0.914
0.770
0.832
0.903
0.920
0.934
0.989
0.975
0.988
0.970
0.849
0.831
0.786
0.803
0.971
0.929
0.920
0.966
0.978
0.873
0.899
0.983
0.961
0.949
0.913
0.846
0.993
0.984
0.993
0.920
0.937
0.930
0.932
0.903
0.694
0.745
0.935
0.755
0.799
0.791
0.795
0.708
0.783
0.824
0.940
0.909
0.945
0.862
0.885
0.987
0.837
0.747
0.723
0.706
0.973
0.745
0.497
0.503
0.538
0.964
0.791
0.783
0.991
0.964
0.816
0.838
0.881
0.987
0.990
0.985
0.875
0.780
0.820
0.786
0.974
0.767
0.656
0.776
0.556
0.829
0.905
0.743
0.702
0.796
0.938
0.930
0.890
0.898
0.787
0.711
0.838
0.431
0.374
0.534
0.483
0.380
0.526
0.820
0.727
0.658
0.460
0.244
0.348
0.386
0.630
0.471
0.754
0.527
0.600
0.835
0.808
0.787
0.666
0.720
0.995
0.759
0.390
0.274
0.386
0.751
0.570
0.574
0.478
0.709
0.859
0.819
0.805
0.783
0.756
0.709
0.751
0.779
0.661
0.817
0.494
0.363
0.298
0.353
0.698
0.558
0.317
0.660
0.483
0.455
0.464
0.436
0.540
0.333
0.354
0.831
0.643
0.349
0.182
0.324
0.818
0.799
0.699
0.622
0.500
0.365
0.254
0.198
0.158
0.334
0.970
0.813
0.758
0.620
0.532
0.359
0.418
0.376
0.137
0.249
0.409
0.457
0.566
0.732
0.271
0.229
0.179
0.433
0.572
0.704
0.492
0.405
0.280
0.440
0.367
0.354
0.357
0.317
0.616
0.742
0.894
0.861
0.771
0.687
0.851
0.969
0.933
0.651
0.896
0.685
0.904
0.955
0.916
0.767
0.697
0.687
0.730
0.689
0.754
0.686
0.844
0.522
0.931
0.751
0.552
0.917
0.821
0.683
0.561
0.583
0.753
0.734
0.908
0.711
0.620
0.625
0.638
0.926
0.919
0.932
0.823
0.724
0.889
0.896
0.984
0.552
0.515
0.847
0.892
0.885
0.758
0.674
0.700
0.777
0.656
0.744
0.887
0.898
0.789
0.940
0.937
0.904
0.966
0.771
0.912
0.899
0.810
0.760
0.807
0.885
0.791
0.786
0.772
0.632
0.502
0.676
0.706
0.702
0.821
0.781
0.872
0.933
0.816
0.721
0.734
0.591
0.629
0.708
0.751
0.786
0.847
0.633
0.933
0.825
0.876
0.921
0.734
0.679
0.797
0.842
0.825
0.722
0.696
0.670
0.668
0.802
0.715
0.772
0.784
0.812
0.905
0.883
0.818
0.903
0.954
0.948
0.902
0.942
0.967
0.763
0.810
0.724
0.781
0.976
0.936
0.986
0.903
0.836
0.828
0.876
0.891
0.907
0.775
0.819
0.931
0.792
0.812
0.818
0.892
0.886
0.905
0.795
0.741
0.730
0.617
0.965
0.882
0.845
0.812
0.749
0.732
0.953
0.991
0.950
0.927
0.943
0.944
0.912
0.877
0.874
0.840
0.797
0.827
0.974
0.955
0.932
0.923
0.913
0.979
0.991
0.986
0.938
0.901
0.940
0.889
0.964
0.913
0.857
0.985
0.971
0.876
0.777
0.977
0.978
0.818
0.912
0.911
0.817
0.915
0.798
0.823
0.751
0.920
0.986
0.936
0.861
0.932
0.890
0.935
0.906
0.848
0.739
0.890
0.971
0.984
0.953
0.921
0.902
0.982
0.981
0.838
0.836
0.820
0.882
0.881
0.769
0.654
0.565
0.756
0.826
0.954
0.770
0.702
0.736
0.950
0.846
0.920
0.857
0.627
0.707
0.834
0.760
0.976
0.882
0.839
0.873
0.855
0.923
0.705
0.687
0.870
0.840
0.730
0.679
0.659
0.800
0.597
0.505
0.801
0.727
0.654
0.596
0.857
0.897
0.914
0.729
0.452
0.500
0.488
0.848
0.854
0.687
0.676
0.589
0.770
0.319
0.242
0.202
0.486
0.977
0.953
0.855
0.861
0.804
0.599
0.477
0.456
0.504
0.663
0.563
0.390
0.455
0.681
0.417
0.301
0.616
0.539
0.431
0.354
0.325
0.438
0.783
0.864
0.969
0.802
0.778
0.830
0.753
0.505
0.626
0.423
0.588
0.601
0.509
0.641
0.869
0.539
0.446
0.553
0.564
0.527
0.720
0.841
0.687
0.487
0.481
0.601
0.828
0.751
0.479
0.250
0.297
0.482
0.924
0.891
0.814
0.647
0.524
0.467
0.553
0.392
0.337
0.483
0.353
0.515
0.466
0.480
0.625
0.651
0.653
0.700
0.382
0.528
0.327
0.385
0.543
0.507
0.394
0.466
0.403
0.461
0.456
0.243
0.268
0.220
0.130
0.279
0.482
0.630
0.823
0.737
0.639
0.456
0.323
0.433
0.203
0.476
0.463
0.339
0.590
0.502
0.431
0.290
0.250
0.301
0.373
0.437
0.347
0.412
0.602
0.435
0.338
0.470
0.499
0.425
0.567
0.485
0.320
0.655
0.911
0.874
0.982
0.730
0.786
0.512
0.592
0.466
0.543
0.985
0.951
0.899
0.829
0.661
0.760
0.791
0.656
0.568
0.709
0.809
0.632
0.897
0.878
0.982
0.780
0.883
0.926
0.796
0.747
0.693
0.865
0.946
0.820
0.722
0.653
0.474
0.491
0.707
0.590
0.476
0.546
0.931
0.743
0.590
0.552
0.665
0.984
0.982
0.851
0.690
0.859
0.960
0.746
0.573
0.655
0.656
0.671
0.791
0.713
0.777
0.762
0.735
0.900
0.819
0.682
0.594
0.505
0.661
0.615
0.588
0.633
0.593
0.527
0.436
0.425
0.715
0.790
0.638
0.631
0.581
0.486
0.399
0.586
0.669
0.644
0.707
0.754
0.816
0.856
0.641
0.556
0.668
0.677
0.497
0.521
0.718
0.837
0.930
0.856
0.892
0.915
0.821
0.807
0.685
0.648
0.610
0.732
0.829
0.729
0.596
0.854
0.724
0.929
0.868
0.844
0.730
0.728
0.673
0.604
0.617
0.574
0.690
0.708
0.769
0.816
0.788
0.876
0.683
0.623
0.549
0.520
0.593
0.686
0.811
0.868
0.909
0.917
0.668
0.625
0.576
0.641
0.717
0.899
0.928
0.831
0.849
0.742
0.763
0.753
0.749
0.828
0.778
0.675
0.677
0.746
0.668
0.912
0.881
0.921
0.974
0.972
0.889
0.865
0.820
0.886
0.817
0.768
0.814
0.642
0.708
0.712
0.926
0.989
0.992
0.986
0.968
0.894
0.835
0.751
0.727
0.860
0.765
0.738
0.980
0.869
0.695
0.587
0.819
0.769
0.793
0.601
0.706
0.857
0.692
0.546
0.602
0.687
0.927
0.793
0.687
0.658
0.730
0.889
0.795
0.774
0.735
0.719
0.732
0.899
0.991
0.970
0.951
0.894
0.832
0.843
0.725
0.614
0.744
0.655
0.559
0.630
0.661
0.698
0.589
0.581
0.605
0.464
0.369
0.482
0.545
0.769
0.681
0.791
0.880
0.755
0.726
0.409
0.322
0.541
0.827
0.481
0.430
0.402
0.354
0.685
0.981
0.938
0.896
0.724
0.866
0.906
0.872
0.822
0.895
0.803
0.692
0.601
0.619
0.633
0.561
0.478
0.689
0.400
0.372
0.761
0.560
0.300
0.271
0.351
0.524
0.640
0.521
0.400
0.429
0.355
0.183
0.162
0.223
0.156
0.363
0.583
0.947
0.789
0.806
0.674
0.904
0.663
0.497
0.433
0.364
0.256
0.277
0.257
0.386
0.476
0.414
0.563
0.419
0.343
0.540
0.727
0.463
0.343
0.561
0.328
0.595
0.719
0.830
0.643
0.458
0.567
0.406
0.422
0.427
0.386
0.223
0.137
0.392
0.506
0.262
0.389
0.722
0.791
0.833
0.774
0.894
0.808
0.645
0.534
0.751
0.811
0.645
0.436
0.436
0.557
0.702
0.448
0.517
0.349
0.265
0.194
0.342
0.596
0.595
0.541
0.544
0.887
0.821
0.658
0.803
0.593
0.568
0.574
0.617
0.671
0.724
0.869
0.739
0.683
0.680
0.594
0.422
0.597
0.657
0.804
0.826
0.888
0.919
0.801
0.754
0.633
0.622
0.864
0.722
0.756
0.633
0.466
0.524
0.816
0.925
0.807
0.691
0.742
0.767
0.814
0.696
0.600
0.454
0.640
0.798
0.805
0.651
0.628
0.551
0.493
0.574
0.793
0.890
0.967
0.714
0.679
0.747
0.501
0.797
0.845
0.456
0.930
0.742
0.619
0.748
0.779
0.988
0.775
0.673
0.764
0.926
0.691
0.611
0.645
0.680
0.930
0.796
0.602
0.654
0.823
0.768
0.831
0.803
0.769
0.674
0.625
0.739
0.685
0.675
0.785
0.720
0.614
0.603
0.642
0.594
0.625
0.705
0.825
0.764
0.557
0.481
0.489
0.597
0.861
0.774
0.593
0.494
0.778
0.621
0.477
0.462
0.475
0.946
0.760
0.710
0.647
0.638
0.530
0.503
0.598
0.511
0.558
0.671
0.683
0.751
0.760
0.602
0.718
0.640
0.568
0.916
0.791
0.716
0.699
0.988
0.929
0.911
0.843
0.747
0.675
0.745
0.879
0.856
0.784
0.915
0.868
0.824
0.881
0.934
0.922
0.925
0.680
0.551
0.807
0.640
0.503
0.465
0.596
0.921
0.884
0.790
0.882
0.979
0.944
0.740
0.685
0.728
0.851
0.947
0.944
0.700
0.520
0.462
0.516
0.850
0.810
0.792
0.878
0.798
0.647
0.679
0.504
0.570
0.805
0.858
0.756
0.569
0.934
0.842
0.749
0.547
0.607
0.596
0.688
0.451
0.412
0.551
0.722
0.743
0.892
0.964
0.963
0.901
0.843
0.724
0.640
0.692
0.536
0.903
0.855
0.727
0.703
0.668
0.757
0.779
0.688
0.530
0.461
0.829
0.795
0.519
0.499
0.701
0.877
0.916
0.722
0.625
0.714
0.579
0.399
0.337
0.425
0.385
0.557
0.652
0.696
0.772
0.837
0.910
0.713
0.534
0.490
0.515
0.488
0.419
0.322
0.497
0.861
0.699
0.564
0.426
0.437
0.292
0.223
0.380
0.732
0.516
0.627
0.428
0.832
0.589
0.681
0.691
0.653
0.584
0.609
0.571
0.481
0.274
0.292
0.690
0.893
0.699
0.739
0.673
0.463
0.401
0.383
0.587
0.892
0.845
0.774
0.833
0.917
0.650
0.512
0.392
0.462
0.628
0.717
0.602
0.506
0.381
0.369
0.406
0.456
0.712
0.691
0.487
0.428
0.256
0.477
0.291
0.513
0.890
0.570
0.406
0.231
0.277
0.319
0.657
0.839
0.521
0.392
0.375
0.463
0.369
0.488
0.470
0.767
0.473
0.351
0.530
0.541
0.762
0.618
0.518
0.423
0.248
0.293
0.666
0.537
0.363
0.214
0.164
0.152
0.313
0.231
0.248
0.499
0.599
0.654
0.646
0.362
0.343
0.271
0.286
0.675
0.701
0.441
0.448
0.364
0.370
0.685
0.472
0.684
0.634
0.494
0.347
0.467
0.526
0.687
0.502
0.354
0.340
0.252
0.237
0.336
0.347
0.370
0.555
0.622
0.611
0.290
0.588
0.341
0.604
0.303
0.516
0.658
0.741
0.809
0.598
0.557
0.302
0.510
0.707
0.909
0.606
0.637
0.633
0.468
0.751
0.647
0.438
0.461
0.457
0.547
0.790
0.933
0.993
0.883
0.711
0.629
0.634
0.853
0.690
0.646
0.597
0.480
0.466
0.482
0.472
0.394
0.356
0.360
0.429
0.742
0.523
0.411
0.465
0.535
0.676
0.783
0.799
0.779
0.796
0.638
0.481
0.789
0.736
0.586
0.622
0.724
0.921
0.862
0.685
0.490
0.628
0.900
0.865
0.936
0.848
0.825
0.852
0.833
0.848
0.664
0.649
0.800
0.638
0.662
0.788
0.741
0.551
0.911
0.593
0.498
0.417
0.407
0.601
0.753
0.862
0.850
0.971
0.827
0.744
0.784
0.659
0.780
0.663
0.450
0.632
0.671
0.826
0.966
0.851
0.861
0.769
0.772
0.663
0.925
0.594
0.511
0.687
0.627
0.776
0.620
0.598
0.640
0.592
0.689
0.623
0.524
0.378
0.403
0.346
0.461
0.616
0.754
0.611
0.817
0.774
0.791
0.778
0.792
0.827
0.809
0.604
0.536
0.707
0.696
0.657
0.599
0.760
0.609
0.585
0.567
0.567
0.521
0.572
0.653
0.837
0.898
0.869
0.923
0.858
0.846
0.851
0.858
0.871
0.755
0.712
0.807
0.830
0.917
0.653
0.690
0.785
0.725
0.668
0.847
0.685
0.792
0.746
0.724
0.783
0.872
0.759
0.744
0.707
0.812
0.982
0.904
0.881
0.913
0.780
0.814
0.900
0.802
0.666
0.687
0.708
0.949
0.902
0.967
0.821
0.687
0.621
0.669
0.676
0.640
0.637
0.553
0.440
0.508
0.580
0.695
0.762
0.741
0.712
0.757
0.710
0.741
0.829
0.809
0.686
0.631
0.764
0.820
0.764
0.570
0.424
0.515
0.699
0.679
0.765
0.532
0.764
0.771
0.696
0.855
0.790
0.527
0.355
0.539
0.805
0.581
0.718
0.501
0.678
0.577
0.537
0.431
0.520
0.564
0.492
0.960
0.622
0.379
0.533
0.853
0.762
0.589
0.383
0.593
0.398
0.560
0.505
0.375
0.694
0.656
0.574
0.375
0.217
0.341
0.340
0.420
0.553
0.679
0.767
0.651
0.883
0.769
0.586
0.689
0.855
0.648
0.586
0.679
0.791
0.480
0.297
0.823
0.553
0.577
0.402
0.397
0.295
0.578
0.768
0.482
0.252
0.232
0.245
0.587
0.441
0.606
0.670
0.842
0.772
0.647
0.572
0.464
0.311
0.374
0.371
0.911
0.645
0.448
0.478
0.669
0.297
0.374
0.580
0.424
0.316
0.309
0.347
0.645
0.690
0.726
0.357
0.175
0.180
0.248
0.346
0.647
0.669
0.508
0.323
0.342
0.698
0.773
0.693
0.593
0.477
0.443
0.445
0.385
0.288
0.224
0.207
0.439
0.760
0.752
0.450
0.439
0.384
0.435
0.515
0.555
0.648
0.519
0.336
0.327
0.602
0.438
0.344
0.314
0.568
0.538
0.530
0.388
0.755
0.623
0.404
0.334
0.885
0.840
0.741
0.742
0.761
0.459
0.296
0.566
0.682
0.625
0.511
0.508
0.453
0.336
0.275
0.297
0.256
0.598
0.622
0.840
0.742
0.545
0.293
0.321
0.454
0.778
0.769
0.620
0.732
0.929
0.630
0.567
0.646
0.601
0.576
0.586
0.435
0.380
0.559
0.525
0.277
0.354
0.522
0.387
0.229
0.230
0.189
0.386
0.303
0.310
0.270
0.274
0.341
0.562
0.686
0.726
0.745
0.798
0.845
0.671
0.670
0.644
0.868
0.714
0.755
0.807
0.659
0.551
0.621
0.306
0.466
0.769
0.719
0.637
0.731
0.809
0.664
0.629
0.631
0.704
0.537
0.851
0.650
0.693
0.719
0.677
0.601
0.922
0.719
0.599
0.872
0.723
0.662
0.496
0.564
0.746
0.683
0.786
0.786
0.636
0.640
0.765
0.822
0.761
0.673
0.484
0.571
0.817
0.798
0.799
0.729
0.708
0.817
0.804
0.679
0.569
0.526
0.557
0.578
0.587
0.616
0.643
0.905
0.903
0.880
0.934
0.915
0.850
0.856
0.758
0.742
0.774
0.840
0.789
0.669
0.712
0.676
0.518
0.785
0.844
0.712
0.701
0.703
0.689
0.697
0.583
0.515
0.521
0.571
0.548
0.717
0.540
0.338
0.535
0.468
0.461
0.422
0.839
0.703
0.632
0.894
0.847
0.784
0.716
0.637
0.700
0.783
0.810
0.972
0.952
0.953
0.959
0.885
0.792
0.741
0.743
0.780
0.845
0.684
0.611
0.875
0.640
0.809
0.745
0.706
0.753
0.668
0.538
0.754
0.798
0.959
0.884
0.891
0.669
0.534
0.716
0.903
0.783
0.924
0.686
0.979
0.703
0.494
0.564
0.808
0.840
0.924
0.854
0.696
0.666
0.704
0.826
0.619
0.547
0.983
0.990
0.876
0.782
0.572
0.586
0.568
0.621
0.777
0.887
0.996
0.970
0.693
0.723
0.825
0.980
0.865
0.905
0.857
0.923
0.917
0.868
0.638
0.559
0.764
0.726
0.683
0.867
0.881
0.897
0.839
0.698
0.574
0.621
0.965
0.867
0.428
0.405
0.650
0.938
0.469
0.435
0.474
0.509
0.512
0.613
0.567
0.400
0.447
0.731
0.528
0.522
0.639
0.633
0.650
0.464
0.286
0.347
0.645
0.360
0.356
0.726
0.780
0.619
0.519
0.492
0.708
0.490
0.717
0.576
0.283
0.189
0.330
0.667
0.753
0.777
0.693
0.499
0.475
0.365
0.412
0.367
0.630
0.307
0.277
0.398
0.794
0.680
0.505
0.368
0.307
0.156
0.194
0.371
0.546
0.871
0.803
0.626
0.483
0.544
0.538
0.414
0.312
0.166
0.383
0.612
0.728
0.762
0.664
0.696
0.689
0.585
0.431
0.410
0.434
0.601
0.350
0.400
0.334
0.278
0.344
0.399
0.653
0.595
0.196
0.221
0.200
0.484
0.684
0.690
0.752
0.955
0.665
0.345
0.256
0.487
0.474
0.297
0.192
0.331
0.560
0.432
0.656
0.486
0.359
0.435
0.519
0.676
0.877
0.960
0.704
0.615
0.644
0.809
0.820
0.868
0.689
0.454
0.476
0.424
0.346
0.493
0.489
0.620
0.468
0.321
0.303
0.564
0.392
0.624
0.618
0.529
0.356
0.533
0.797
0.509
0.270
0.568
0.622
0.454
0.651
0.682
0.504
0.406
0.365
0.694
0.779
0.651
0.488
0.423
0.392
0.945
0.834
0.819
0.704
0.796
0.736
0.955
0.916
0.885
0.717
0.763
0.671
0.565
0.530
0.686
0.743
0.668
0.762
0.634
0.638
0.792
0.632
0.566
0.524
0.910
0.724
0.890
0.914
0.929
0.967
0.871
0.908
0.767
0.857
0.769
0.533
0.818
0.708
0.561
0.615
0.927
0.884
0.853
0.744
0.552
0.741
0.636
0.726
0.644
0.725
0.767
0.784
0.926
0.843
0.674
0.660
0.641
0.727
0.709
0.726
0.702
0.848
0.776
0.707
0.729
0.711
0.828
0.554
0.493
0.527
0.529
0.695
0.568
0.589
0.886
0.631
0.770
0.636
0.539
0.481
0.335
0.465
0.864
0.811
0.710
0.655
0.602
0.765
0.786
0.744
0.680
0.832
0.875
0.753
0.795
0.782
0.827
0.817
0.798
0.824
0.643
0.559
0.628
0.834
0.942
0.863
0.884
0.721
0.694
0.612
0.830
0.869
0.784
0.751
0.590
0.637
0.561
0.401
0.692
0.799
0.680
0.822
0.759
0.725
0.615
0.527
0.560
0.592
0.936
0.749
0.509
0.689
0.855
0.680
0.666
0.601
0.662
0.578
0.704
0.710
0.938
0.744
0.797
0.981
0.894
0.701
0.578
0.537
0.454
0.771
0.622
0.588
0.560
0.974
0.819
0.716
0.718
0.691
0.605
0.729
0.759
0.977
0.841
0.793
0.735
0.793
0.968
0.768
0.709
0.731
0.843
0.715
0.583
0.531
0.529
0.436
0.706
0.857
0.725
0.694
0.621
0.480
0.724
0.532
0.537
0.720
0.837
0.767
0.487
0.374
0.430
0.590
0.795
0.532
0.380
0.409
0.554
0.461
0.458
0.354
0.410
0.842
0.591
0.481
0.388
0.537
0.650
0.693
0.623
0.415
0.580
0.739
0.402
0.585
0.652
0.643
0.778
0.689
0.763
0.689
0.589
0.788
0.873
0.747
0.542
0.584
0.547
0.710
0.466
0.242
0.579
0.507
0.555
0.380
0.350
0.439
0.745
0.825
0.969
0.712
0.588
0.697
0.476
0.650
0.461
0.457
0.618
0.894
0.707
0.526
0.780
0.633
0.637
0.626
0.771
0.751
0.568
0.504
0.508
0.484
0.489
0.410
0.337
0.384
0.354
0.272
0.332
0.331
0.410
0.647
0.634
0.700
0.667
0.519
0.451
0.360
0.379
0.432
0.674
0.353
0.397
0.470
0.481
0.567
0.325
0.378
0.333
0.707
0.531
0.340
0.203
0.230
0.344
0.826
0.925
0.740
0.782
0.622
0.747
0.793
0.709
0.684
0.663
0.549
0.720
0.842
0.762
0.867
0.865
0.834
0.832
0.788
0.617
0.570
0.582
0.573
0.507
0.380
0.795
0.889
0.803
0.613
0.460
0.410
0.606
0.446
0.378
0.414
0.756
0.809
0.671
0.620
0.631
0.510
0.379
0.263
0.248
0.453
0.823
0.837
0.698
0.642
0.696
0.496
0.435
0.284
0.384
0.882
0.581
0.756
0.705
0.618
0.787
0.871
0.916
0.711
0.753
0.663
0.474
0.445
0.686
0.601
0.765
0.757
0.727
0.826
0.719
0.736
0.732
0.789
0.741
0.794
0.764
0.796
0.557
0.618
0.473
0.605
0.366
0.605
0.477
0.478
0.455
0.395
0.435
0.804
0.937
0.891
0.700
0.701
0.659
0.765
0.645
0.489
0.760
0.940
0.784
0.765
0.678
0.802
0.761
0.634
0.770
0.602
0.710
0.868
0.605
0.524
0.718
0.892
0.904
0.859
0.713
0.777
0.934
0.902
0.835
0.880
0.892
0.886
0.681
0.570
0.504
0.371
0.354
0.386
0.460
0.878
0.771
0.981
0.875
0.786
0.954
0.917
0.860
0.734
0.805
0.901
0.921
0.900
0.734
0.788
0.810
0.716
0.826
0.777
0.836
0.837
0.733
0.706
0.691
0.770
0.783
0.823
0.809
0.899
0.840
0.767
0.823
0.936
0.834
0.804
0.785
0.794
0.741
0.617
0.648
0.694
0.845
0.791
0.883
0.778
0.762
0.681
0.795
0.867
0.848
0.908
0.879
0.870
0.840
0.749
0.722
0.788
0.958
0.937
0.898
0.897
0.769
0.944
0.962
0.851
0.821
0.745
0.706
0.845
0.897
0.954
0.836
0.820
0.936
0.908
0.866
0.985
0.911
0.819
0.968
0.971
0.991
0.931
0.913
0.872
0.965
0.894
0.852
0.791
0.840
0.811
0.733
0.697
0.918
0.831
0.826
0.833
0.692
0.537
0.545
0.852
0.797
0.754
0.773
0.811
0.871
0.864
0.805
0.927
0.956
0.919
0.890
0.889
0.858
0.905
0.977
0.969
0.958
0.866
0.693
0.521
0.656
0.771
0.721
0.558
0.464
0.740
0.622
0.848
0.764
0.787
0.818
0.788
0.707
0.514
0.408
0.600
0.810
0.590
0.731
0.836
0.653
0.672
0.739
0.721
0.620
0.393
0.371
0.377
0.590
0.748
0.704
0.478
0.416
0.563
0.736
0.867
0.636
0.390
0.288
0.467
0.688
0.587
0.500
0.406
0.545
0.719
0.793
0.798
0.664
0.487
0.573
0.325
0.165
0.331
0.420
0.325
0.243
0.308
0.663
0.433
0.238
0.225
0.556
0.733
0.666
0.494
0.555
0.345
0.282
0.245
0.325
0.379
0.658
0.490
0.229
0.184
0.252
0.485
0.661
0.815
0.753
0.684
0.652
0.598
0.549
0.667
0.624
0.524
0.585
0.434
0.599
0.334
0.424
0.477
0.323
0.761
0.563
0.625
0.548
0.351
0.463
0.606
0.303
0.239
0.266
0.350
0.331
0.542
0.774
0.703
0.593
0.345
0.316
0.545
0.529
0.607
0.445
0.420
0.364
0.360
0.377
0.274
0.254
0.511
0.612
0.618
0.598
0.563
0.477
0.360
0.273
0.354
0.274
0.183
0.421
0.430
0.356
0.323
0.415
0.476
0.590
0.706
0.552
0.601
0.869
0.466
0.686
0.370
0.458
0.470
0.465
0.513
0.848
0.532
0.458
0.495
0.589
0.502
0.516
0.674
0.749
0.817
0.773
0.858
0.681
0.603
0.734
0.945
0.669
0.790
0.920
0.754
0.966
0.812
0.784
0.963
0.965
0.758
0.710
0.784
0.791
0.731
0.669
0.595
0.518
0.502
0.460
0.464
0.458
0.853
0.945
0.884
0.689
0.560
0.610
0.788
0.726
0.666
0.863
0.972
0.974
0.890
0.790
0.669
0.731
0.972
0.918
0.915
0.938
0.984
0.896
0.870
0.879
0.856
0.908
0.824
0.776
0.881
0.718
0.836
0.898
0.905
0.950
0.791
0.822
0.751
0.832
0.943
0.804
0.742
0.850
0.777
0.761
0.679
0.593
0.747
0.870
0.804
0.851
0.875
0.881
0.803
0.785
0.913
0.955
0.886
0.804
0.756
0.925
0.958
0.785
0.697
0.671
0.825
0.773
0.730
0.741
0.875
0.873
0.871
0.973
0.947
0.926
0.925
0.879
0.948
0.902
0.904
0.838
0.706
0.726
0.802
0.808
0.848
0.984
0.887
0.907
0.901
0.909
0.917
0.881
0.958
0.823
0.815
0.908
0.828
0.844
0.834
0.797
0.782
0.709
0.769
0.933
0.823
0.952
0.827
0.936
0.853
0.918
0.954
0.925
0.980
0.964
0.834
0.877
0.915
0.943
0.885
0.976
0.939
0.767
0.765
0.768
0.782
0.820
0.977
0.987
0.857
0.860
0.882
0.981
0.937
0.851
0.926
0.893
0.811
0.962
0.956
0.892
0.939
0.763
0.724
0.871
0.692
0.806
0.981
0.795
0.512
0.732
0.697
0.626
0.708
0.596
0.918
0.982
0.847
0.666
0.802
0.890
0.799
0.808
0.753
0.758
0.541
0.476
0.740
0.780
0.585
0.677
0.883
0.988
0.839
0.894
0.716
0.614
0.910
0.744
0.710
0.669
0.936
0.889
0.838
0.851
0.666
0.604
0.923
0.728
0.776
0.658
0.556
0.680
0.976
0.917
0.742
0.598
0.695
0.601
0.482
0.493
0.535
0.539
0.608
0.603
0.543
0.587
0.490
0.541
0.464
0.471
0.693
0.529
0.454
0.709
0.497
0.370
0.568
0.360
0.522
0.768
0.824
0.601
0.600
0.525
0.459
0.519
0.552
0.610
0.522
0.346
0.300
0.297
0.577
0.781
0.834
0.725
0.553
0.548
0.459
0.649
0.592
0.506
0.429
0.409
0.408
0.398
0.389
0.366
0.434
0.453
0.313
0.356
0.421
0.792
0.780
0.403
0.354
0.548
0.928
0.797
0.589
0.560
0.631
0.434
0.360
0.552
0.684
0.518
0.436
0.331
0.226
0.495
0.652
0.797
0.812
0.785
0.647
0.461
0.435
0.335
0.635
0.842
0.703
0.413
0.291
0.596
0.645
0.460
0.403
0.412
0.273
0.172
0.378
0.586
0.517
0.355
0.249
0.443
0.609
0.678
0.565
0.616
0.735
0.710
0.709
0.608
0.530
0.321
0.419
0.704
0.798
0.720
0.645
0.561
0.345
0.361
0.467
0.421
0.312
0.619
0.570
0.600
0.475
0.914
0.854
0.790
0.476
0.759
0.748
0.745
0.761
0.833
0.865
0.662
0.621
0.611
0.632
0.489
0.897
0.814
0.910
0.767
0.607
0.641
0.853
0.725
0.842
0.926
0.638
0.946
0.643
0.490
0.552
0.626
0.691
0.490
0.695
0.422
0.753
0.822
0.518
0.395
0.827
0.683
0.475
0.375
0.477
0.714
0.767
0.709
0.593
0.922
0.755
0.636
0.624
0.693
0.669
0.525
0.547
0.678
0.917
0.776
0.768
0.883
0.741
0.708
0.805
0.804
0.517
0.622
0.630
0.618
0.771
0.721
0.639
0.844
0.634
0.559
0.489
0.480
0.463
0.506
0.851
0.764
0.884
0.860
0.793
0.814
0.682
0.753
0.631
0.765
0.937
0.937
0.818
0.682
0.846
0.854
0.639
0.633
0.851
0.712
0.805
0.833
0.735
0.898
0.816
0.854
0.930
0.890
0.793
0.954
0.964
0.950
0.957
0.972
0.957
0.947
0.943
0.923
0.928
0.844
0.750
0.613
0.630
0.739
0.734
0.914
0.922
0.784
0.896
0.750
0.716
0.729
0.810
0.857
0.910
0.855
0.881
0.979
0.955
0.963
0.962
0.872
0.918
0.984
0.933
0.927
0.763
0.701
0.686
0.792
0.855
0.871
0.867
0.946
0.915
0.886
0.942
0.990
0.953
0.954
0.881
0.801
0.814
0.825
0.923
0.890
0.779
0.706
0.758
0.942
0.964
0.916
0.842
0.916
0.940
0.990
0.987
0.923
0.956
0.970
0.909
0.882
0.823
0.716
0.636
0.785
0.971
0.730
0.631
0.595
0.840
0.833
0.969
0.825
0.686
0.687
0.743
0.654
0.708
0.696
0.699
0.831
0.791
0.612
0.495
0.512
0.524
0.923
0.786
0.679
0.531
0.767
0.786
0.515
0.581
0.725
0.970
0.922
0.923
0.924
0.784
0.671
0.610
0.444
0.440
0.451
0.377
0.362
0.332
0.355
0.434
0.367
0.769
0.734
0.572
0.649
0.932
0.925
0.742
0.729
0.702
0.729
0.631
0.586
0.546
0.826
0.680
0.747
0.699
0.754
0.611
0.575
0.574
0.401
0.532
0.498
0.409
0.539
0.589
0.733
0.784
0.754
0.695
0.706
0.689
0.618
0.454
0.309
0.358
0.381
0.465
0.696
0.675
0.413
0.361
0.513
0.636
0.517
0.558
0.706
0.598
0.389
0.399
0.501
0.345
0.294
0.300
0.753
0.589
0.543
0.408
0.550
0.452
0.782
0.530
0.453
0.513
0.734
0.640
0.630
0.463
0.502
0.613
0.754
0.312
0.684
0.320
0.386
0.836
0.609
0.301
0.183
0.427
0.382
0.325
0.300
0.116
0.502
0.613
0.553
0.464
0.638
0.867
0.479
0.315
0.347
0.267
0.188
0.236
0.347
0.285
0.235
0.196
0.192
0.412
0.619
0.769
0.569
0.431
0.356
0.386
0.468
0.544
0.909
0.686
0.652
0.590
0.522
0.414
0.314
0.486
0.506
0.443
0.535
0.516
0.580
0.633
0.506
0.335
0.471
0.679
0.727
0.420
0.751
0.427
0.858
0.703
0.526
0.489
0.458
0.512
0.382
0.324
0.500
0.760
0.851
0.877
0.977
0.977
0.799
0.707
0.532
0.513
0.930
0.665
0.712
0.856
0.716
0.700
0.537
0.942
0.851
0.785
0.696
0.675
0.763
0.784
0.727
0.630
0.572
0.547
0.786
0.687
0.814
0.704
0.598
0.592
0.783
0.713
0.602
0.647
0.613
0.515
0.483
0.466
0.381
0.537
0.590
0.520
0.438
0.587
0.902
0.802
0.907
0.870
0.749
0.676
0.678
0.686
0.588
0.522
0.613
0.847
0.710
0.842
0.903
0.716
0.617
0.581
0.615
0.623
0.577
0.595
0.803
0.942
0.915
0.836
0.635
0.606
0.702
0.872
0.922
0.755
0.815
0.875
0.865
0.794
0.723
0.652
0.631
0.709
0.858
0.760
0.673
0.629
0.787
0.725
0.801
0.886
0.755
0.631
0.856
0.680
0.650
0.632
0.623
0.702
0.654
0.568
0.730
0.731
0.746
0.671
0.603
0.725
0.776
0.870
0.682
0.911
0.721
0.916
0.949
0.864
0.825
0.797
0.660
0.630
0.762
0.706
0.554
0.566
0.647
0.599
0.699
0.736
0.972
0.949
0.806
0.764
0.720
0.687
0.678
0.689
0.742
0.864
0.817
0.907
0.859
0.775
0.781
0.988
0.951
0.899
0.802
0.703
0.712
0.667
0.683
0.700
0.802
0.898
0.817
0.832
0.769
0.753
0.933
0.927
0.937
0.849
0.747
0.665
0.625
0.762
0.809
0.854
0.853
0.739
0.628
0.779
0.766
0.893
0.868
0.812
0.728
0.684
0.822
0.671
0.734
0.696
0.665
0.657
0.668
0.925
0.985
0.838
0.669
0.661
0.985
0.952
0.946
0.833
0.852
0.871
0.842
0.811
0.751
0.453
0.553
0.876
0.798
0.825
0.700
0.518
0.359
0.386
0.738
0.602
0.973
0.836
0.671
0.474
0.757
0.812
0.589
0.440
0.368
0.398
0.531
0.596
0.972
0.915
0.974
0.937
0.694
0.309
0.480
0.676
0.407
0.390
0.546
0.618
0.654
0.564
0.688
0.564
0.776
0.442
0.301
0.311
0.463
0.586
0.349
0.305
0.278
0.390
0.761
0.699
0.660
0.743
0.536
0.627
0.472
0.190
0.307
0.373
0.233
0.426
0.487
0.327
0.288
0.298
0.375
0.658
0.593
0.294
0.288
0.153
0.401
0.537
0.621
0.518
0.456
0.668
0.638
0.641
0.553
0.557
0.819
0.566
0.220
0.240
0.291
0.355
0.525
0.524
0.473
0.446
0.515
0.338
0.209
0.300
0.772
0.566
0.660
0.478
0.220
0.196
0.172
0.206
0.185
0.066
0.291
0.536
0.442
0.410
0.681
0.531
0.341
0.366
0.325
0.312
0.254
0.269
0.164
0.139
0.208
0.361
0.537
0.565
0.654
0.790
0.414
0.161
0.258
0.737
0.606
0.625
0.542
0.350
0.237
0.245
0.338
0.625
0.759
0.495
0.633
0.549
0.387
0.405
0.553
0.423
0.274
0.185
0.451
0.784
0.723
0.619
0.447
0.426
0.303
0.288
0.145
0.501
0.644
0.602
0.601
0.293
0.412
0.411
0.278
0.298
0.754
0.702
0.597
0.658
0.605
0.601
0.510
0.601
0.423
0.655
0.526
0.489
0.525
0.457
0.366
0.216
0.214
0.269
0.335
0.595
0.592
0.776
0.664
0.661
0.637
0.547
0.814
0.746
0.776
0.700
0.840
0.964
0.756
0.667
0.702
0.733
0.767
0.653
0.744
0.708
0.613
0.584
0.952
0.830
0.872
0.725
0.821
0.725
0.746
0.941
0.924
0.610
0.772
0.793
0.837
0.899
0.900
0.879
0.704
0.665
0.725
0.883
0.864
0.919
0.792
0.793
0.894
0.750
0.767
0.821
0.875
0.925
0.846
0.853
0.798
0.914
0.870
0.864
0.919
0.980
0.862
0.944
0.887
0.936
0.967
0.912
0.974
0.931
0.803
0.920
0.560
0.517
0.521
0.617
0.717
0.826
0.788
0.643
0.658
0.651
0.639
0.631
0.687
0.629
0.597
0.497
0.550
0.712
0.810
0.894
0.849
0.717
0.944
0.820
0.731
0.652
0.723
0.743
0.939
0.853
0.693
0.540
0.860
0.966
0.969
0.799
0.845
0.842
0.934
0.928
0.898
0.982
0.979
0.981
0.977
0.889
0.801
0.811
0.923
0.940
0.956
0.917
0.880
0.791
0.760
0.875
0.968
0.967
0.959
0.898
0.837
0.921
0.920
0.795
0.935
0.963
0.983
0.847
0.974
0.789
0.778
0.850
0.877
0.901
0.937
0.935
0.820
0.680
0.649
0.921
0.991
0.912
0.958
0.816
0.883
0.968
0.931
0.903
0.852
0.877
0.901
0.978
0.792
0.725
0.582
0.587
0.610
0.680
0.768
0.932
0.979
0.798
0.820
0.772
0.662
0.722
0.943
0.801
0.828
0.766
0.589
0.736
0.634
0.624
0.885
0.838
0.861
0.779
0.758
0.766
0.694
0.388
0.663
0.990
0.759
0.433
0.491
0.737
0.794
0.662
0.662
0.771
0.578
0.680
0.964
0.853
0.804
0.749
0.951
0.802
0.655
0.675
0.742
0.560
0.409
0.465
0.739
0.881
0.840
0.641
0.590
0.580
0.345
0.447
0.489
0.663
0.284
0.519
0.727
0.677
0.542
0.285
0.538
0.740
0.564
0.576
0.664
0.562
0.234
0.276
0.341
0.529
0.425
0.423
0.468
0.455
0.736
0.561
0.742
0.348
0.778
0.468
0.532
0.757
0.898
0.816
0.618
0.292
0.272
0.449
0.462
0.317
0.298
0.625
0.493
0.350
0.338
0.599
0.371
0.579
0.664
0.655
0.868
0.801
0.592
0.362
0.459
0.617
0.802
0.801
0.599
0.426
0.778
0.674
0.525
0.319
0.309
0.246
0.655
0.710
0.457
0.346
0.331
0.856
0.695
0.692
0.377
0.252
0.472
0.633
0.474
0.877
0.769
0.665
0.433
0.335
0.348
0.291
0.353
0.394
0.470
0.643
0.646
0.540
0.624
0.444
0.510
0.885
0.676
0.444
0.356
0.295
0.581
0.864
0.819
0.807
0.832
0.647
0.868
0.802
0.828
0.774
0.715
0.600
0.447
0.395
0.431
0.592
0.745
0.792
0.827
0.893
0.770
0.516
0.736
0.800
0.912
0.820
0.570
0.572
0.611
0.755
0.953
0.815
0.816
0.957
0.802
0.543
0.628
0.314
0.477
0.471
0.446
0.379
0.370
0.688
0.656
0.512
0.337
0.419
0.622
0.605
0.572
0.561
0.479
0.462
0.671
0.735
0.731
0.743
0.625
0.786
0.618
0.830
0.967
0.606
0.671
0.612
0.808
0.976
0.939
0.922
0.788
0.579
0.812
0.860
0.954
0.836
0.686
0.919
0.735
0.756
0.730
0.775
0.430
0.381
0.415
0.430
0.421
0.479
0.596
0.917
0.662
0.728
0.703
0.967
0.776
0.827
0.908
0.952
0.835
0.732
0.789
0.706
0.702
0.592
0.608
0.712
0.709
0.626
0.675
0.812
0.782
0.721
0.694
0.592
0.675
0.609
0.329
0.655
0.648
0.492
0.688
0.767
0.720
0.746
0.678
0.626
0.670
0.732
0.779
0.758
0.722
0.698
0.812
0.705
0.652
0.711
0.718
0.782
0.777
0.797
0.849
0.807
0.743
0.479
0.483
0.662
0.645
0.684
0.692
0.734
0.808
0.772
0.767
0.748
0.687
0.808
0.751
0.807
0.825
0.821
0.763
0.700
0.746
0.800
0.809
0.756
0.768
0.737
0.627
0.530
0.564
0.464
0.778
0.526
0.529
0.783
0.499
0.798
0.734
0.523
0.470
0.362
0.645
0.735
0.414
0.378
0.603
0.718
0.582
0.525
0.441
0.736
0.739
0.526
0.480
0.345
0.664
0.452
0.705
0.692
0.703
0.405
0.149
0.183
0.296
0.477
0.496
0.321
0.629
0.424
0.243
0.219
0.146
0.277
0.359
0.308
0.456
0.353
0.185
0.245
0.347
0.417
0.491
0.330
0.157
0.190
0.267
0.207
0.423
0.325
0.210
0.370
0.440
0.268
0.259
0.384
0.274
0.249
0.087
0.090
0.226
0.141
0.284
0.558
0.256
0.271
0.360
0.258
0.147
0.185
0.181
0.245
0.167
0.137
0.231
0.284
0.126
0.197
0.159
0.150
0.199
0.173
0.092
0.219
0.543
0.141
0.155
0.173
0.242
0.254
0.280
0.266
0.313
0.285
0.236
0.275
0.598
0.589
0.364
0.281
0.207
0.282
0.448
0.433
0.572
0.429
0.515
0.505
0.504
0.649
0.474
0.343
0.301
0.446
0.459
0.305
0.302
0.254
0.164
0.140
0.289
0.169
0.187
0.137
0.168
0.121
0.134
0.296
0.103
0.151
0.207
0.360
0.447
0.350
0.223
0.304
0.167
0.146
0.161
0.251
0.253
0.177
0.111
0.137
0.189
0.336
0.324
0.136
0.136
0.077
0.101
0.391
0.546
0.522
0.446
0.322
0.257
0.317
0.276
0.229
0.296
0.207
0.312
0.326
0.224
0.202
0.232
0.270
0.351
0.299
0.218
0.183
0.163
0.204
0.306
0.161
0.298
0.371
0.264
0.166
0.239
0.507
0.284
0.245
0.151
0.157
0.268
0.298
0.236
0.184
0.301
0.188
0.178
0.347
0.122
0.189
0.519
0.153
0.246
0.315
0.191
0.190
0.165
0.125
0.150
0.185
0.218
0.325
0.398
0.155
0.373
0.463
0.427
0.299
0.296
0.387
0.548
0.197
0.271
0.363
0.243
0.144
0.267
0.615
0.504
0.443
0.254
0.459
0.354
0.289
0.503
0.353
0.306
0.124
0.591
0.448
0.435
0.287
0.500
0.611
0.588
0.440
0.266
0.250
0.173
0.145
0.391
0.402
0.249
0.409
0.605
0.426
0.438
0.420
0.443
0.499
0.389
0.388
0.479
0.636
0.682
0.578
0.548
0.527
0.524
0.515
0.616
0.648
0.408
0.418
0.521
0.473
0.347
0.491
0.494
0.343
0.209
0.574
0.794
0.767
0.680
0.741
0.654
0.692
0.581
0.696
0.627
0.487
0.562
0.671
0.716
0.735
0.723
0.554
0.606
0.569
0.589
0.640
0.687
0.613
0.547
0.553
0.588
0.556
0.586
0.517
0.404
0.558
0.400
0.283
0.765
0.718
0.685
0.626
0.633
0.583
0.622
0.678
0.757
0.720
0.651
0.721
0.600
0.622
0.597
0.785
0.770
0.589
0.471
0.677
0.697
0.751
0.719
0.723
0.695
0.764
0.702
0.691
0.689
0.832
0.729
0.475
0.436
0.671
0.466
0.501
0.607
0.482
0.484
0.637
0.575
0.552
0.697
0.688
0.676
0.653
0.613
0.486
0.576
0.691
0.740
0.672
0.500
0.606
0.539
0.702
0.607
0.669
0.696
0.628
0.482
0.657
0.718
0.382
0.280
0.567
0.604
0.379
0.376
0.494
0.160
0.258
0.301
0.338
0.228
0.442
0.425
0.739
0.705
0.449
0.346
0.614
0.338
0.425
0.438
0.338
0.581
0.596
0.548
0.401
0.451
0.259
0.248
0.390
0.290
0.504
0.289
0.183
0.195
0.287
0.267
0.319
0.376
0.331
0.594
0.201
0.221
0.176
0.310
0.285
0.311
0.322
0.154
0.144
0.288
0.234
0.234
0.394
0.226
0.201
0.257
0.159
0.144
0.168
0.111
0.093
0.216
0.198
0.213
0.156
0.134
0.425
0.299
0.424
0.383
0.245
0.268
0.254
0.154
0.132
0.136
0.152
0.158
0.427
0.224
0.192
0.200
0.153
0.117
0.128
0.089
0.120
0.119
0.050
0.112
0.141
0.078
0.058
0.052
0.237
0.265
0.160
0.174
0.236
0.274
0.085
0.164
0.309
0.246
0.129
0.186
0.372
0.481
0.233
0.008
0.068
0.069
0.092
0.101
0.110
0.104
0.280
0.408
0.256
0.425
0.255
0.350
0.375
0.247
0.231
0.170
0.262
0.476
0.307
0.119
0.131
0.134
0.086
0.136
0.166
0.173
0.202
0.136
0.169
0.183
0.148
0.200
0.119
0.100
0.132
0.110
0.090
0.312
0.466
0.389
0.373
0.134
0.066
0.105
0.247
0.276
0.502
0.499
0.237
0.613
0.528
0.260
0.303
0.526
0.485
0.204
0.318
0.421
0.145
0.150
0.205
0.193
0.235
0.135
0.102
0.175
0.391
0.166
0.140
0.628
0.551
0.216
0.194
0.254
0.028
0.078
0.143
0.337
0.295
0.155
0.212
0.201
0.312
0.227
0.610
0.564
0.390
0.362
0.160
0.071
0.083
0.200
0.239
0.147
0.267
0.185
0.069
0.275
0.180
0.252
0.196
0.283
0.498
0.344
0.595
0.286
0.559
0.582
0.447
0.512
0.567
0.533
0.429
0.332
0.191
0.537
0.555
0.652
0.579
0.539
0.328
0.422
0.488
0.458
0.530
0.502
0.461
0.242
0.482
0.695
0.462
0.360
0.308
0.158
0.144
0.216
0.560
0.519
0.424
0.540
0.518
0.437
0.440
0.666
0.574
0.386
0.540
0.512
0.581
0.530
0.429
0.353
0.492
0.488
0.291
0.277
0.546
0.554
0.555
0.427
0.373
0.743
0.644
0.612
0.564
0.300
0.099
0.425
0.594
0.358
0.225
0.324
0.561
0.160
0.415
0.614
0.602
0.587
0.483
0.607
0.700
0.684
0.730
0.825
0.755
0.829
0.792
0.770
0.712
0.620
0.345
0.300
0.609
0.485
0.451
0.614
0.623
0.628
0.589
0.528
0.663
0.531
0.465
0.591
0.602
0.669
0.675
0.509
0.505
0.397
0.409
0.587
0.634
0.448
0.342
0.685
0.629
0.612
0.635
0.544
0.476
0.544
0.772
0.709
0.567
0.333
0.334
0.358
0.670
0.669
0.576
0.271
0.552
0.551
0.366
0.334
0.336
0.274
0.403
0.587
0.664
0.565
0.585
0.597
0.531
0.324
0.390
0.592
0.357
0.239
0.252
0.694
0.627
0.509
0.429
0.238
0.370
0.483
0.430
0.558
0.191
0.112
0.160
0.361
0.452
0.272
0.161
0.204
0.311
0.245
0.221
0.183
0.270
0.171
0.188
0.254
0.400
0.190
0.211
0.305
0.213
0.290
0.205
0.235
0.274
0.278
0.214
0.128
0.189
0.211
0.372
0.131
0.028
0.205
0.094
0.122
0.165
0.377
0.328
0.280
0.116
0.294
0.380
0.419
0.341
0.266
0.291
0.244
0.391
0.195
0.235
0.261
0.100
0.086
0.119
0.138
0.202
0.100
0.107
0.146
0.173
0.138
0.070
0.166
0.134
0.283
0.270
0.372
0.260
0.163
0.290
0.451
0.202
0.235
0.249
0.204
0.560
0.515
0.179
0.162
0.195
0.198
0.192
0.142
0.187
0.127
0.123
0.086
0.081
0.061
0.151
0.172
0.140
0.179
0.276
0.348
0.204
0.130
0.172
0.450
0.050
0.131
0.170
0.154
0.084
0.199
0.166
0.245
0.276
0.393
0.168
0.211
0.091
0.206
0.282
0.264
0.296
0.199
0.234
0.241
0.163
0.119
0.122
0.113
0.125
0.068
0.172
0.571
0.090
0.108
0.128
0.446
0.335
0.159
0.156
0.271
0.164
0.145
0.261
0.173
0.166
0.263
0.359
0.435
0.322
0.131
0.109
0.124
0.201
0.089
0.155
0.098
0.310
0.119
0.073
0.150
0.211
0.408
0.227
0.119
0.116
0.150
0.477
0.274
0.156
0.228
0.319
0.197
0.127
0.147
0.214
0.325
0.522
0.447
0.184
0.190
0.246
0.241
0.236
0.215
0.182
0.165
0.136
0.343
0.289
0.505
0.397
0.250
0.154
0.417
0.375
0.289
0.222
0.335
0.460
0.248
0.342
0.292
0.198
0.045
0.230
0.143
0.107
0.546
0.362
0.226
0.613
0.407
0.200
0.252
0.231
0.264
0.524
0.540
0.537
0.513
0.498
0.366
0.444
0.250
0.235
0.280
0.247
0.357
0.218
0.228
0.588
0.405
0.316
0.466
0.448
0.202
0.457
0.376
0.382
0.448
0.527
0.353
0.426
0.480
0.567
0.350
0.352
0.242
0.242
0.201
0.427
0.413
0.473
0.311
0.737
0.652
0.581
0.476
0.546
0.661
0.710
0.624
0.636
0.645
0.627
0.619
0.594
0.615
0.578
0.580
0.548
0.511
0.523
0.451
0.563
0.494
0.514
0.512
0.787
0.591
0.514
0.392
0.371
0.469
0.373
0.361
0.708
0.698
0.510
0.390
0.456
0.536
0.598
0.595
0.495
0.586
0.494
0.615
0.457
0.610
0.744
0.716
0.661
0.634
0.816
0.659
0.376
0.404
0.510
0.604
0.630
0.624
0.619
0.575
0.555
0.585
0.651
0.541
0.558
0.610
0.780
0.710
0.627
0.698
0.680
0.533
0.584
0.581
0.660
0.560
0.335
0.703
0.682
0.549
0.324
0.373
0.513
0.535
0.378
0.281
0.425
0.581
0.400
0.314
0.490
0.394
0.487
0.419
0.384
0.642
0.225
0.266
0.660
0.453
0.224
0.226
0.676
0.558
0.434
0.528
0.665
0.355
0.509
0.317
0.250
0.381
0.382
0.506
0.388
0.463
0.529
0.628
0.252
0.162
0.253
0.319
0.487
0.260
0.667
0.407
0.155
0.165
0.230
0.325
0.232
0.332
0.235
0.631
0.308
0.281
0.394
0.201
0.213
0.537
0.303
0.125
0.165
0.135
0.162
0.177
0.123
0.282
0.280
0.301
0.456
0.426
0.427
0.267
0.174
0.135
0.161
0.092
0.112
0.088
0.120
0.149
0.188
0.576
0.784
0.479
0.220
0.194
0.178
0.119
0.128
0.185
0.193
0.101
0.065
0.083
0.132
0.111
0.112
0.151
0.108
0.147
0.111
0.090
0.107
0.263
0.223
0.081
0.110
0.140
0.494
0.384
0.278
0.181
0.104
0.112
0.204
0.220
0.585
0.795
0.248
0.125
0.170
0.182
0.130
0.164
0.099
0.222
0.173
0.193
0.181
0.136
0.259
0.198
0.130
0.159
0.118
0.109
0.058
0.139
0.264
0.072
0.143
0.123
0.264
0.501
0.238
0.151
0.170
0.202
0.213
0.162
0.115
0.119
