19790101
0.932
0.913
0.944
0.917
0.864
0.916
0.886
0.900
0.919
0.820
0.810
0.891
0.854
0.928
0.945
0.746
0.562
0.862
0.819
0.830
0.804
0.791
0.875
0.816
0.961
0.913
0.838
0.765
0.882
0.845
0.879
0.812
0.830
0.813
0.880
0.727
0.832
0.884
0.955
0.874
0.937
0.902
0.721
0.850
0.919
0.805
0.693
0.743
0.767
0.836
0.838
0.731
0.800
0.756
0.793
0.961
0.971
0.848
0.805
0.912
0.829
0.917
0.931
0.859
0.859
0.834
0.750
0.719
0.911
0.982
0.984
0.893
0.860
0.896
0.951
0.882
0.861
0.880
0.829
0.900
0.979
0.960
0.867
0.891
0.957
0.961
0.965
0.833
0.941
0.805
0.686
0.804
0.988
0.993
0.819
0.722
0.811
0.862
0.810
0.702
0.983
0.991
0.989
0.862
0.743
0.749
0.608
0.779
0.809
0.792
0.807
0.948
0.966
0.972
0.984
0.958
0.855
0.857
0.889
0.856
0.827
0.722
0.755
0.865
0.839
0.879
0.858
0.940
0.823
0.756
0.824
0.846
0.897
0.916
0.852
0.790
0.793
0.864
0.804
0.772
0.700
0.952
0.847
0.748
0.679
0.771
0.635
0.559
0.837
0.709
0.482
0.562
0.679
0.713
0.912
0.860
0.773
0.759
0.782
0.759
0.682
0.677
0.665
0.786
0.817
0.698
0.674
0.623
0.557
0.590
0.841
0.843
0.774
0.521
0.613
0.596
0.685
0.765
0.877
0.757
0.727
0.737
0.680
0.721
0.831
0.901
0.829
0.812
0.798
0.845
0.839
0.854
0.682
0.565
0.812
0.719
0.715
0.532
0.529
0.573
0.488
0.428
0.602
0.545
0.438
0.435
0.346
0.359
0.343
0.332
0.318
0.448
0.550
0.658
0.704
0.512
0.649
0.647
0.803
0.779
0.701
0.653
0.958
0.842
0.779
0.788
0.721
0.769
0.658
0.349
0.440
0.515
0.542
0.569
0.790
0.660
0.344
0.730
0.396
0.505
0.558
0.446
0.479
0.627
0.541
0.516
0.574
0.572
0.550
0.786
0.902
0.540
0.405
0.581
0.815
0.751
0.568
0.495
0.821
0.802
0.648
0.531
0.551
0.513
0.493
0.349
0.247
0.584
0.461
0.865
0.912
0.766
0.767
0.773
0.893
0.817
0.612
0.783
0.665
0.604
0.517
0.473
0.536
0.769
0.880
0.827
0.690
0.514
0.472
0.367
0.482
0.703
0.575
0.759
0.751
0.935
0.618
0.817
0.722
0.595
0.793
0.620
0.777
0.695
0.669
0.715
0.867
0.831
0.837
0.767
0.773
0.767
0.653
0.663
0.617
0.611
0.863
0.742
0.766
0.967
0.571
0.849
0.685
0.779
0.884
0.926
0.972
0.953
0.872
0.700
0.659
0.660
0.641
0.698
0.920
0.973
0.844
0.942
0.759
0.657
0.770
0.730
0.849
0.715
0.660
0.677
0.832
0.948
0.799
0.642
0.617
0.758
0.888
0.923
0.922
0.957
0.931
0.843
0.760
0.820
0.819
0.910
0.854
0.697
0.567
0.681
0.622
0.679
0.780
0.900
0.638
0.857
0.786
0.658
0.672
0.709
0.735
0.808
0.943
0.935
0.867
0.781
0.764
0.927
0.809
0.594
0.810
0.640
0.873
0.662
0.766
0.913
0.767
0.724
0.855
0.866
0.820
0.768
0.783
0.830
0.607
0.566
0.643
0.669
0.573
0.834
0.597
0.530
0.734
0.776
0.764
0.824
0.702
0.709
0.856
0.867
0.816
0.816
0.838
0.829
0.603
0.642
0.751
0.657
0.685
0.867
0.751
0.796
0.705
0.633
0.926
0.938
0.804
0.904
0.840
0.719
0.795
0.740
0.728
0.840
0.903
0.744
0.674
0.520
0.474
0.573
0.689
0.835
0.930
0.930
0.761
0.609
0.630
0.838
0.944
0.973
0.812
0.821
0.742
0.914
0.796
0.788
0.835
0.607
0.517
0.514
0.859
0.841
0.778
0.800
0.739
0.784
0.617
0.795
0.909
0.962
0.858
0.745
0.643
0.733
0.912
0.781
0.625
0.674
0.942
0.867
0.737
0.729
0.749
0.724
0.645
0.819
0.736
0.924
0.619
0.395
0.492
0.514
0.562
0.616
0.936
0.914
0.746
0.669
0.632
0.674
0.585
0.582
0.565
0.696
0.856
0.722
0.469
0.605
0.669
0.653
0.668
0.832
0.742
0.698
0.651
0.631
0.728
0.810
0.542
0.712
0.906
0.985
0.981
0.690
0.505
0.399
0.466
0.695
0.523
0.856
0.783
0.727
0.725
0.599
0.722
0.876
0.725
0.533
0.370
0.560
0.786
0.772
0.638
0.575
0.611
0.707
0.697
0.724
0.650
0.568
0.554
0.589
0.518
0.333
0.506
0.544
0.457
0.498
0.433
0.255
0.506
0.509
0.455
0.443
0.358
0.130
0.241
0.306
0.220
0.484
0.456
0.407
0.399
0.391
0.418
0.550
0.398
0.246
0.282
0.402
0.342
0.377
0.747
0.812
0.583
0.429
0.187
0.348
0.690
0.644
0.863
0.689
0.487
0.762
0.684
0.589
0.533
0.508
0.563
0.469
0.302
0.242
0.443
0.437
0.385
0.267
0.357
0.354
0.288
0.222
0.352
0.314
0.279
0.293
0.312
0.291
0.339
0.400
0.393
0.371
0.317
0.453
0.495
0.355
0.313
0.384
0.415
0.522
0.412
0.534
0.558
0.388
0.280
0.764
0.680
0.624
0.446
0.388
0.432
0.490
0.618
0.562
0.659
0.716
0.551
0.534
0.492
0.464
0.405
0.573
0.876
0.745
0.765
0.838
0.853
0.874
0.777
0.700
0.605
0.734
0.846
0.848
0.696
0.508
0.446
0.408
0.374
0.641
0.731
0.752
0.600
0.714
0.438
0.557
0.504
0.431
0.384
0.370
0.403
0.771
0.930
0.636
0.649
0.868
0.814
0.833
0.588
0.590
0.602
0.663
0.867
0.801
0.620
0.423
0.429
0.494
0.526
0.512
0.719
0.871
0.796
0.634
0.641
0.859
0.766
0.642
0.603
0.581
0.536
0.533
0.532
0.900
0.891
0.564
0.443
0.442
0.454
0.793
0.793
0.765
0.635
0.788
0.715
0.733
0.829
0.933
0.836
0.651
0.606
0.671
0.871
0.712
0.759
0.766
0.797
0.785
0.803
0.691
0.592
0.697
0.865
0.801
0.806
0.813
0.839
0.797
0.765
0.969
0.937
0.903
0.924
0.931
0.952
0.813
0.855
0.726
0.881
0.853
0.842
0.813
0.891
0.899
0.812
0.958
0.926
0.911
0.886
0.889
0.912
0.917
0.824
0.717
0.692
0.892
0.936
0.902
0.893
0.855
0.737
0.584
0.621
0.697
0.690
0.869
0.798
0.805
0.882
0.795
0.832
0.792
0.934
0.832
0.785
0.833
0.761
0.746
0.901
0.802
0.716
0.975
0.809
0.859
0.970
0.803
0.748
0.661
0.739
0.915
0.729
0.694
0.660
0.719
0.717
0.829
0.883
0.867
0.890
0.973
0.835
0.784
0.695
0.809
0.873
0.694
0.790
0.898
0.871
0.880
0.947
0.934
0.950
0.979
0.943
0.855
0.763
0.758
0.787
0.844
0.972
0.834
0.855
0.891
0.949
0.774
0.781
0.854
0.638
0.551
0.571
0.515
0.768
0.592
0.411
0.881
0.740
0.747
0.772
0.766
0.713
0.696
0.714
0.907
0.752
0.712
0.727
0.734
0.529
0.438
0.445
0.889
0.756
0.770
0.709
0.614
0.576
0.485
0.784
0.761
0.799
0.878
0.817
0.775
0.785
0.573
0.579
0.759
0.816
0.749
0.621
0.811
0.526
0.700
0.804
0.702
0.581
0.481
0.525
0.624
0.557
0.363
0.381
0.721
0.622
0.583
0.385
0.331
0.409
0.719
0.725
0.714
0.593
0.657
0.672
0.544
0.601
0.797
0.687
0.559
0.683
0.496
0.642
0.861
0.744
0.686
0.614
0.437
0.496
0.670
0.664
0.380
0.373
0.391
0.384
0.336
0.433
0.523
0.407
0.337
0.163
0.272
0.533
0.746
0.832
0.792
0.657
0.655
0.535
0.396
0.675
0.551
0.473
0.451
0.342
0.365
0.308
0.318
0.372
0.402
0.364
0.361
0.469
0.528
0.690
0.676
0.600
0.499
0.913
0.858
0.778
0.739
0.675
0.623
0.411
0.279
0.231
0.264
0.412
0.550
0.617
0.711
0.866
0.658
0.501
0.301
0.261
0.359
0.414
0.601
0.552
0.627
0.582
0.588
0.496
0.343
0.313
0.435
0.295
0.339
0.293
0.172
0.273
0.496
0.778
0.648
0.731
0.709
0.671
0.600
0.631
0.563
0.512
0.485
0.403
0.548
0.664
0.609
0.493
0.427
0.599
0.691
0.535
0.521
0.761
0.629
0.676
0.685
0.529
0.640
0.941
0.838
0.719
0.657
0.883
0.959
0.592
0.583
0.561
0.508
0.657
0.619
0.745
0.647
0.780
0.800
0.629
0.595
0.853
0.655
0.453
0.434
0.815
0.940
0.834
0.768
0.782
0.711
0.798
0.731
0.929
0.713
0.594
0.517
0.513
0.483
0.548
0.457
0.434
0.434
0.480
0.735
0.673
0.516
0.718
0.701
0.529
0.606
0.920
0.770
0.832
0.784
0.593
0.477
0.383
0.479
0.635
0.704
0.824
0.792
0.749
0.844
0.872
0.779
0.643
0.488
0.588
0.795
0.651
0.814
0.885
0.843
0.651
0.581
0.735
0.715
0.523
0.503
0.897
0.859
0.770
0.671
0.842
0.661
0.488
0.480
0.583
0.499
0.548
0.555
0.548
0.566
0.649
0.640
0.551
0.883
0.628
0.638
0.663
0.812
0.712
0.623
0.531
0.739
0.667
0.590
0.751
0.639
0.907
0.896
0.899
0.943
0.939
0.829
0.847
0.898
0.890
0.850
0.778
0.742
0.792
0.897
0.951
0.941
0.961
0.906
0.758
0.893
0.893
0.736
0.914
0.893
0.834
0.789
0.861
0.658
0.622
0.734
0.787
0.768
0.818
0.768
0.823
0.665
0.563
0.797
0.772
0.681
0.721
0.661
0.665
0.671
0.680
0.746
0.832
0.870
0.842
0.776
0.939
0.946
0.921
0.848
0.718
0.592
0.789
0.812
0.909
0.805
0.724
0.702
0.725
0.769
0.705
0.796
0.781
0.773
0.759
0.823
0.758
0.704
0.907
0.803
0.738
0.752
0.701
0.709
0.660
0.625
0.638
0.545
0.371
0.520
0.447
0.493
0.501
0.842
0.722
0.644
0.689
0.740
0.544
0.460
0.736
0.743
0.714
0.524
0.396
0.639
0.697
0.520
0.443
0.371
0.409
0.483
0.619
0.732
0.498
0.573
0.532
0.600
0.516
0.467
0.284
0.263
0.600
0.493
0.558
0.648
0.674
0.713
0.763
0.732
0.817
0.825
0.746
0.660
0.536
0.566
0.591
0.603
0.907
0.505
0.372
0.375
0.401
0.438
0.639
0.517
0.623
0.803
0.745
0.639
0.604
0.597
0.426
0.705
0.513
0.352
0.195
0.289
0.451
0.424
0.304
0.761
0.738
0.756
0.787
0.649
0.633
0.789
0.723
0.618
0.454
0.455
0.578
0.702
0.588
0.423
0.505
0.857
0.788
0.568
0.278
0.279
0.383
0.323
0.209
0.427
0.581
0.666
0.747
0.641
0.483
0.303
0.364
0.577
0.367
0.210
0.313
0.488
0.492
0.137
0.369
0.704
0.768
0.680
0.395
0.248
0.347
0.359
0.416
0.402
0.349
0.288
0.279
0.517
0.367
0.226
0.242
0.333
0.576
0.766
0.628
0.541
0.692
0.839
0.791
0.617
0.498
0.808
0.851
0.925
0.935
0.786
0.671
0.620
0.728
0.548
0.383
0.747
0.665
0.487
0.578
0.584
0.464
0.371
0.365
0.368
0.359
0.329
0.299
0.238
0.356
0.246
0.168
0.172
0.203
0.455
0.588
0.739
0.692
0.754
0.647
0.513
0.396
0.439
0.299
0.405
0.393
0.419
0.414
0.543
0.527
0.725
0.558
0.378
0.611
0.492
0.520
0.522
0.567
0.483
0.455
0.416
0.915
0.708
0.642
0.784
0.724
0.656
0.615
0.751
0.524
0.444
0.584
0.812
0.964
0.908
0.831
0.795
0.802
0.841
0.644
0.586
0.447
0.329
0.447
0.571
0.513
0.939
0.770
0.870
0.815
0.920
0.877
0.819
0.908
0.729
0.426
0.383
0.381
0.424
0.407
0.358
0.384
0.391
0.501
0.445
0.473
0.702
0.506
0.489
0.500
0.440
0.475
0.384
0.471
0.706
0.750
0.844
0.804
0.650
0.773
0.868
0.816
0.582
0.471
0.520
0.464
0.543
0.545
0.475
0.893
0.772
0.588
0.559
0.748
0.888
0.783
0.606
0.549
0.509
0.494
0.544
0.633
0.635
0.518
0.426
0.571
0.977
0.854
0.770
0.978
0.722
0.561
0.495
0.528
0.665
0.750
0.634
0.598
0.559
0.677
0.964
0.881
0.779
0.690
0.978
0.812
0.690
0.687
0.526
0.498
0.512
0.506
0.548
0.720
0.730
0.882
0.805
0.713
0.627
0.941
0.631
0.528
0.557
0.532
0.536
0.570
0.544
0.473
0.479
0.596
0.855
0.871
0.869
0.865
0.851
0.732
0.951
0.683
0.660
0.667
0.583
0.549
0.572
0.583
0.492
0.469
0.706
0.942
0.899
0.892
0.810
0.897
0.898
0.938
0.923
0.761
0.751
0.690
0.717
0.589
0.555
0.741
0.954
0.822
0.765
0.771
0.677
0.576
0.757
0.778
0.682
0.800
0.802
0.928
0.856
0.813
0.779
0.818
0.669
0.514
0.744
0.797
0.588
0.830
0.887
0.949
0.788
0.888
0.717
0.786
0.710
0.565
0.690
0.680
0.791
0.797
0.761
0.739
0.649
0.702
0.644
0.555
0.626
0.775
0.762
0.874
0.870
0.752
0.671
0.541
0.499
0.289
0.180
0.435
0.543
0.314
0.542
0.716
0.641
0.472
0.491
0.512
0.507
0.692
0.611
0.608
0.399
0.625
0.478
0.212
0.310
0.276
0.522
0.784
0.608
0.542
0.555
0.440
0.437
0.624
0.669
0.620
0.634
0.452
0.380
0.421
0.573
0.705
0.975
0.883
0.821
0.574
0.478
0.877
0.880
0.822
0.709
0.637
0.517
0.472
0.403
0.583
0.849
0.766
0.750
0.509
0.445
0.394
0.595
0.499
0.729
0.700
0.478
0.380
0.477
0.493
0.422
0.379
0.309
0.207
0.283
0.522
0.731
0.779
0.789
0.724
0.670
0.481
0.367
0.359
0.294
0.166
0.540
0.816
0.615
0.387
0.395
0.503
0.477
0.418
0.529
0.414
0.550
0.597
0.798
0.622
0.492
0.562
0.462
0.362
0.338
0.363
0.150
0.435
0.598
0.732
0.638
0.421
0.230
0.186
0.180
0.253
0.249
0.296
0.302
0.628
0.732
0.746
0.656
0.523
0.455
0.559
0.759
0.412
0.318
0.283
0.496
0.391
0.228
0.434
0.421
0.286
0.310
0.376
0.613
0.922
0.829
0.976
0.905
0.681
0.621
0.518
0.475
0.449
0.848
0.721
0.712
0.798
0.731
0.593
0.656
0.694
0.458
0.423
0.509
0.892
0.611
0.566
0.922
0.682
0.532
0.494
0.425
0.463
0.510
0.452
0.416
0.457
0.861
0.781
0.742
0.757
0.753
0.485
0.301
0.282
0.313
0.408
0.408
0.475
0.370
0.326
0.396
0.631
0.718
0.841
0.684
0.732
0.683
0.511
0.430
0.383
0.369
0.344
0.317
0.272
0.271
0.401
0.640
0.752
0.724
0.866
0.697
0.642
0.615
0.778
0.851
0.794
0.734
0.541
0.653
0.938
0.879
0.721
0.716
0.832
0.864
0.769
0.952
0.941
0.891
0.742
0.642
0.684
0.692
0.740
0.475
0.555
0.623
0.742
0.670
0.760
0.864
0.691
0.927
0.763
0.729
0.718
0.574
0.612
0.668
0.832
0.894
0.764
0.830
0.872
0.655
0.495
0.708
0.841
0.723
0.954
0.852
0.691
0.533
0.814
0.907
0.930
0.827
0.783
0.700
0.852
0.838
0.845
0.749
0.674
0.721
0.754
0.764
0.738
0.690
0.711
0.607
0.687
0.970
0.984
0.982
0.951
0.955
0.902
0.837
0.804
0.931
0.881
0.950
0.847
0.963
0.976
0.988
0.975
0.753
0.893
0.915
0.848
0.750
0.900
0.783
0.775
0.716
0.675
0.802
0.968
0.838
0.786
0.731
0.931
0.943
0.966
0.902
0.984
0.943
0.863
0.729
0.892
0.726
0.614
0.795
0.708
0.957
0.845
0.690
0.624
0.617
0.628
0.838
0.737
0.785
0.820
0.816
0.907
0.854
0.887
0.735
0.504
0.763
0.677
0.493
0.452
0.747
0.751
0.677
0.608
0.694
0.590
0.494
0.568
0.848
0.866
0.608
0.546
0.407
0.521
0.772
0.790
0.825
0.909
0.889
0.744
0.775
0.611
0.437
0.487
0.695
0.739
0.843
0.812
0.795
0.905
0.808
0.887
0.826
0.803
0.816
0.844
0.713
0.843
0.793
0.593
0.637
0.597
0.539
0.342
0.274
0.391
0.343
0.297
0.619
0.678
0.390
0.395
0.655
0.627
0.770
0.760
0.673
0.364
0.462
0.428
0.524
0.864
0.949
0.927
0.805
0.672
0.589
0.754
0.658
0.571
0.775
0.648
0.384
0.385
0.556
0.638
0.400
0.331
0.359
0.385
0.715
0.668
0.671
0.668
0.624
0.745
0.811
0.844
0.769
0.643
0.588
0.656
0.446
0.526
0.738
0.586
0.668
0.719
0.435
0.391
0.352
0.287
0.315
0.323
0.317
0.381
0.520
0.526
0.803
0.716
0.598
0.565
0.634
0.515
0.441
0.779
0.700
0.766
0.622
0.637
0.689
0.491
0.265
0.302
0.743
0.677
0.681
0.403
0.391
0.588
0.723
0.481
0.360
0.318
0.220
0.210
0.328
0.622
0.668
0.495
0.729
0.627
0.546
0.634
0.600
0.535
0.569
0.951
0.709
0.507
0.415
0.749
0.526
0.421
0.470
0.734
0.918
0.773
0.634
0.471
0.952
0.764
0.698
0.705
0.760
0.699
0.679
0.619
0.875
0.923
0.777
0.887
0.825
0.663
0.523
0.593
0.715
0.958
0.908
0.733
0.724
0.805
0.862
0.938
0.760
0.833
0.685
0.675
0.839
0.486
0.447
0.409
0.470
0.576
0.552
0.609
0.566
0.705
0.596
0.520
0.577
0.738
0.954
0.954
0.699
0.768
0.686
0.675
0.788
0.801
0.650
0.693
0.718
0.808
0.613
0.690
0.607
0.683
0.884
0.777
0.781
0.852
0.801
0.724
0.653
0.772
0.877
0.783
0.761
0.571
0.587
0.902
0.722
0.532
0.506
0.421
0.462
0.493
0.515
0.432
0.543
0.466
0.364
0.366
0.413
0.387
0.471
0.694
0.665
0.729
0.565
0.564
0.674
0.528
0.504
0.465
0.522
0.627
0.625
0.645
0.706
0.839
0.826
0.683
0.593
0.708
0.602
0.764
0.975
0.826
0.789
0.758
0.663
0.866
0.786
0.627
0.728
0.838
0.667
0.469
0.447
0.408
0.425
0.452
0.570
0.396
0.248
0.256
0.325
0.376
0.305
0.286
0.518
0.910
0.722
0.607
0.594
0.567
0.688
0.647
0.535
0.679
0.527
0.590
0.655
0.581
0.626
0.545
0.661
0.664
0.909
0.649
0.744
0.634
0.878
0.767
0.678
0.549
0.808
0.888
0.655
0.487
0.496
0.609
0.496
0.477
0.736
0.859
0.800
0.901
0.973
0.600
0.440
0.592
0.794
0.818
0.709
0.841
0.904
0.960
0.865
0.861
0.731
0.626
0.927
0.783
0.663
0.631
0.547
0.491
0.435
0.522
0.604
0.685
0.661
0.545
0.501
0.482
0.518
0.514
0.576
0.520
0.398
0.438
0.495
0.701
0.369
0.333
0.535
0.380
0.320
0.224
0.322
0.583
0.574
0.906
0.829
0.415
0.796
0.652
0.525
0.418
0.475
0.713
0.731
0.727
0.581
0.323
0.421
0.544
0.427
0.462
0.518
0.690
0.869
0.761
0.593
0.489
0.542
0.439
0.372
0.430
0.523
0.574
0.425
0.311
0.377
0.519
0.845
0.512
0.377
0.590
0.747
0.457
0.309
0.359
0.545
0.709
0.601
0.465
0.390
0.409
0.568
0.457
0.344
0.576
0.701
0.518
0.485
0.409
0.474
0.832
0.782
0.697
0.601
0.589
0.574
0.672
0.863
0.623
0.493
0.334
0.384
0.505
0.792
0.918
0.718
0.795
0.679
0.455
0.340
0.322
0.318
0.345
0.631
0.682
0.641
0.522
0.488
0.681
0.632
0.506
0.402
0.449
0.576
0.543
0.444
0.450
0.478
0.741
0.877
0.872
0.582
0.484
0.467
0.445
0.310
0.283
0.421
0.592
0.370
0.127
0.381
0.612
0.700
0.780
0.718
0.545
0.580
0.500
0.393
0.461
0.614
0.603
0.455
0.419
0.536
0.512
0.574
0.462
0.424
0.479
0.575
0.474
0.651
0.771
0.877
0.621
0.320
0.370
0.365
0.295
0.228
0.559
0.790
0.671
0.633
0.633
0.836
0.499
0.392
0.755
0.662
0.490
0.636
0.722
0.695
0.714
0.782
0.824
0.902
0.974
0.970
0.914
0.689
0.717
0.421
0.388
0.302
0.254
0.375
0.873
0.700
0.503
0.639
0.356
0.289
0.465
0.510
0.405
0.346
0.342
0.570
0.897
0.823
0.604
0.466
0.442
0.427
0.407
0.360
0.378
0.359
0.308
0.281
0.349
0.419
0.280
0.342
0.377
0.475
0.448
0.430
0.553
0.441
0.503
0.558
0.353
0.260
0.389
0.404
0.389
0.334
0.480
0.425
0.373
0.407
0.355
0.310
0.337
0.303
0.288
0.318
0.359
0.610
0.556
0.453
0.324
0.348
0.310
0.329
0.313
0.430
0.472
0.517
0.415
0.344
0.369
0.878
0.502
0.521
0.472
0.568
0.461
0.363
0.342
0.378
0.278
0.394
0.585
0.449
0.463
0.584
0.854
0.488
0.340
0.381
0.382
0.496
0.841
0.659
0.549
0.492
0.405
0.423
0.614
0.807
0.827
0.958
0.854
0.571
0.438
0.554
0.739
0.722
0.646
0.551
0.760
0.926
0.838
0.635
0.573
0.477
0.781
0.906
0.694
0.527
0.602
0.580
0.770
0.661
0.903
0.743
0.733
0.933
0.736
0.708
0.650
0.865
0.634
0.609
0.613
0.556
0.498
0.567
0.854
0.731
0.868
0.776
0.629
0.590
0.893
0.822
0.584
0.691
0.725
0.961
0.785
0.773
0.913
0.748
0.541
0.755
0.730
0.928
0.889
0.807
0.638
0.498
0.396
0.496
0.348
0.325
0.416
0.783
0.703
0.845
0.716
0.684
0.535
0.523
0.471
0.340
0.341
0.414
0.495
0.581
0.603
0.746
0.652
0.479
0.846
0.623
0.601
0.850
0.686
0.568
0.591
0.634
0.518
0.546
0.576
0.555
0.620
0.656
0.511
0.611
0.451
0.268
0.231
0.463
-99.00
0.480
0.346
0.293
0.284
0.367
0.628
0.572
0.336
0.288
0.306
0.339
0.612
0.688
0.368
0.223
0.395
0.296
0.288
0.467
0.747
0.632
0.400
0.921
0.732
0.332
0.530
0.664
0.653
0.749
0.818
0.450
0.285
0.196
0.236
0.219
0.336
0.553
0.432
0.369
0.444
0.442
0.295
0.468
0.607
0.593
0.549
0.776
0.730
0.840
0.859
0.679
0.622
0.424
0.229
0.167
0.225
0.264
0.611
0.467
0.258
0.400
0.375
0.548
0.464
0.487
0.647
0.704
0.644
0.352
0.375
0.405
0.385
0.700
0.739
0.644
0.813
0.792
0.652
0.690
0.585
0.552
0.484
0.428
0.392
0.712
0.612
0.733
0.654
0.461
0.615
0.871
0.778
0.537
0.646
0.688
0.630
0.524
0.290
0.183
0.230
0.231
0.277
0.254
0.240
0.205
0.292
0.374
0.438
0.528
0.504
0.523
0.497
0.430
0.323
0.531
0.618
0.887
0.872
0.827
0.762
0.552
0.522
0.360
0.298
0.524
0.492
0.382
0.199
0.425
0.938
0.965
0.720
0.555
0.492
0.418
0.356
0.287
0.278
0.460
0.608
0.451
0.465
0.380
0.293
0.293
0.388
0.326
0.290
0.243
0.221
0.247
0.370
0.179
0.321
0.440
0.777
0.837
0.720
0.560
0.434
0.352
0.280
0.391
0.419
0.393
0.304
0.236
0.294
0.446
0.919
0.603
0.329
0.501
0.746
0.537
0.768
0.897
0.635
0.479
0.308
0.194
0.567
0.552
0.640
0.820
0.626
0.486
0.331
0.277
0.468
0.709
0.865
0.566
0.500
0.628
0.587
0.630
0.772
0.650
0.679
0.806
0.862
0.721
0.717
0.766
0.688
0.435
-99.00
-99.00
-99.00
-99.00
-99.00
-99.00
-99.00
-99.00
0.941
0.789
0.637
0.593
0.719
0.814
0.778
0.610
0.776
0.712
0.621
0.701
0.760
0.868
0.650
0.600
0.872
0.953
0.899
0.824
0.889
0.911
0.859
0.859
0.786
0.857
0.691
0.553
0.503
0.527
0.779
0.561
0.393
0.587
0.679
0.522
0.500
0.834
0.764
0.558
0.427
0.414
0.365
0.344
0.385
0.503
0.558
0.700
0.837
0.913
0.759
0.624
0.619
0.716
0.621
0.558
0.536
0.496
0.539
0.502
0.660
0.750
0.669
0.834
0.724
0.803
0.663
0.849
0.714
0.615
0.571
0.497
0.389
0.385
0.409
0.389
0.551
0.846
0.828
0.802
0.714
0.802
0.828
0.676
0.692
0.530
0.637
0.974
0.926
0.747
0.568
0.656
0.539
0.480
0.484
0.628
0.604
0.552
0.957
0.784
0.697
0.648
0.501
0.702
0.534
0.719
0.978
0.728
0.656
0.667
0.759
0.752
0.709
0.725
0.825
0.960
0.855
0.825
0.746
0.745
0.772
0.729
0.771
0.648
0.524
0.340
0.284
0.532
0.664
0.488
0.448
0.508
0.739
0.753
0.606
0.636
0.807
0.893
0.882
0.606
0.453
0.756
0.822
0.990
0.919
0.699
0.635
0.615
0.585
0.459
0.723
0.690
0.688
0.688
0.812
0.841
0.728
0.752
0.616
0.316
0.305
0.285
0.758
0.745
0.672
0.655
0.502
0.428
0.491
0.466
0.358
0.330
0.566
0.648
0.547
0.367
0.308
0.315
0.308
0.564
0.586
0.727
0.663
0.538
0.251
0.291
0.299
0.353
0.460
0.308
0.163
0.167
0.141
0.361
0.247
0.129
0.359
0.580
0.750
0.727
0.680
0.656
0.641
0.490
0.191
0.226
0.496
0.485
0.550
0.613
0.483
0.420
0.366
0.461
0.760
0.572
0.616
0.598
0.522
0.309
0.350
0.230
0.490
0.414
0.588
0.514
0.459
0.761
0.737
0.735
0.662
0.694
0.599
0.534
0.505
0.297
0.265
0.397
0.283
0.792
0.682
0.581
0.386
0.341
0.486
0.557
0.543
0.452
0.523
0.445
0.300
0.294
0.575
0.582
0.449
0.344
0.286
0.518
0.528
0.501
0.414
0.445
0.437
0.503
0.532
0.510
0.453
0.282
0.196
0.332
0.545
0.348
0.697
0.563
0.485
0.454
0.483
0.560
0.520
0.228
0.750
0.644
0.205
0.154
0.492
0.519
0.500
0.652
0.674
0.616
0.515
0.599
0.453
0.378
0.349
0.466
0.730
0.762
0.777
0.730
0.551
0.416
0.476
0.584
0.780
0.954
0.907
0.877
0.820
0.709
0.537
0.369
0.599
0.620
0.699
0.871
0.878
0.697
0.655
0.455
0.470
0.429
0.634
0.862
0.948
0.912
0.812
0.928
0.446
0.445
0.643
0.529
0.472
0.456
0.524
0.738
0.682
0.845
0.540
0.758
0.933
0.705
0.562
0.470
0.460
0.722
0.584
0.467
0.620
0.663
0.870
0.560
0.506
0.572
0.872
0.619
0.551
0.572
0.703
0.788
0.811
0.875
0.804
0.671
0.538
0.577
0.602
0.542
0.463
0.474
0.691
0.610
0.489
0.615
0.473
0.437
0.705
0.618
0.835
0.907
0.918
0.823
0.797
0.796
0.935
0.881
0.745
0.771
0.799
0.837
0.769
0.722
0.605
0.954
0.938
0.785
0.722
0.590
0.586
0.656
0.713
0.812
0.776
0.645
0.580
0.551
0.649
0.823
0.651
0.769
0.850
0.660
0.630
0.666
0.773
0.712
0.653
0.595
0.646
0.663
0.639
0.637
0.759
0.866
0.798
0.737
0.627
0.632
0.511
0.463
0.546
0.732
0.723
0.648
0.635
0.960
0.878
0.870
0.774
0.803
0.731
0.600
0.565
0.559
0.492
0.554
0.610
0.716
0.876
0.667
0.532
0.751
0.929
0.920
0.855
0.943
0.786
0.671
0.755
0.692
0.702
0.714
0.671
0.745
0.717
0.667
0.806
0.741
0.631
0.649
0.690
0.858
0.730
0.652
0.868
0.768
0.780
0.980
0.913
0.788
0.944
0.896
0.986
0.976
0.841
0.787
0.792
0.969
0.973
0.824
0.725
0.847
0.818
0.753
0.755
0.752
0.755
0.776
0.781
0.708
0.742
0.777
0.852
0.695
0.841
0.831
0.741
0.783
0.722
0.785
0.818
0.695
0.744
0.892
0.956
0.876
0.740
0.726
0.686
0.622
0.606
0.427
0.474
0.628
0.546
0.447
0.488
0.554
0.652
0.688
0.679
0.670
0.678
0.787
0.954
0.733
0.469
0.592
0.645
0.523
0.702
0.749
0.768
0.745
0.545
0.277
0.362
0.443
0.680
0.933
0.736
0.809
0.871
0.601
0.436
0.595
0.733
0.755
0.634
0.547
0.483
0.470
0.462
0.520
0.842
0.962
0.905
0.655
0.619
0.736
0.508
0.472
0.458
0.315
0.282
0.227
0.457
0.668
0.730
0.662
0.638
0.655
0.587
0.336
0.374
0.486
0.751
0.653
0.459
0.484
0.273
0.162
0.269
0.418
0.399
0.309
0.200
0.470
0.617
0.519
0.168
0.216
0.409
0.498
0.561
0.462
0.306
0.228
0.293
0.579
0.639
0.639
0.515
0.281
0.400
0.513
0.254
0.561
0.487
0.618
0.593
0.512
0.437
0.460
0.501
0.599
0.589
0.561
0.616
0.612
0.672
0.584
0.571
0.556
0.592
0.611
0.597
0.464
0.357
0.376
0.478
0.450
0.454
0.418
0.321
0.352
0.421
0.639
0.793
0.761
0.699
0.471
0.545
0.895
0.685
0.597
0.493
0.620
0.780
0.587
0.451
0.555
0.403
0.528
0.525
0.311
0.244
0.217
0.336
0.442
0.414
0.415
0.342
0.277
0.236
0.228
0.221
0.237
0.250
0.303
0.237
0.274
0.287
0.385
0.368
0.442
0.530
0.840
0.558
0.397
0.347
0.239
0.229
0.279
0.274
0.340
0.412
0.347
0.504
0.648
0.429
0.349
0.407
0.491
0.587
0.632
0.701
0.661
0.798
0.755
0.638
0.501
0.805
0.491
0.440
0.376
0.523
0.872
0.579
0.520
0.535
0.541
0.536
0.380
0.519
0.459
0.360
0.541
0.486
0.529
0.602
0.590
0.446
0.402
0.380
0.352
0.610
0.558
0.396
0.454
0.630
0.464
0.389
0.492
0.654
0.589
0.395
0.299
0.399
0.622
0.829
0.491
0.390
0.668
0.568
0.452
0.404
0.310
0.269
0.512
0.552
0.509
0.659
0.411
0.857
0.471
0.517
0.527
0.654
0.472
0.425
0.377
0.333
0.360
0.481
0.538
0.543
0.386
0.268
0.259
0.373
0.555
0.625
0.550
0.473
0.518
0.353
0.337
0.298
0.337
0.523
0.685
0.641
0.640
0.899
0.853
0.899
0.670
0.678
0.857
0.591
0.543
0.595
0.476
0.430
0.692
0.847
0.704
0.708
0.618
0.492
0.475
0.566
0.845
0.959
0.915
0.647
0.693
0.775
0.915
0.948
0.785
0.807
0.795
0.756
0.838
0.797
0.841
0.646
0.667
0.739
0.602
0.617
0.713
0.693
0.780
0.685
0.754
0.705
0.646
0.484
0.641
0.643
0.648
0.815
0.794
0.638
0.552
0.741
0.795
0.660
0.719
0.635
0.759
0.963
0.948
0.688
0.662
0.624
0.653
0.751
0.729
0.547
0.509
0.572
0.712
0.671
0.650
0.598
0.565
0.486
0.330
0.391
0.652
0.770
0.740
0.737
0.731
0.667
0.578
0.630
0.705
0.864
0.728
0.366
0.687
0.666
0.600
0.537
0.746
0.941
0.989
0.905
0.736
0.809
0.810
0.617
0.758
0.800
0.592
0.471
0.609
0.610
0.837
0.843
0.837
0.820
0.738
0.734
0.432
0.341
0.408
0.713
0.607
0.452
0.380
0.629
0.563
0.641
0.588
0.493
0.673
0.552
0.314
0.390
0.593
0.747
0.458
0.375
0.445
0.485
0.241
0.570
0.666
0.508
0.600
0.538
0.408
0.477
0.650
0.357
0.486
0.502
0.378
0.410
0.397
0.404
0.229
0.270
0.222
0.420
0.570
0.609
0.494
0.284
0.289
0.322
0.288
0.162
0.278
0.288
0.298
0.751
0.789
0.584
0.344
0.250
0.450
0.284
0.471
0.511
0.350
0.318
0.458
0.480
0.380
0.275
0.280
0.544
0.669
0.571
0.379
0.455
0.366
0.598
0.857
0.501
0.353
0.257
0.345
0.376
0.369
0.321
0.309
0.279
0.411
0.597
0.594
0.652
0.627
0.660
0.624
0.529
0.362
0.294
0.310
0.341
0.381
0.584
0.632
0.893
0.948
0.967
0.950
0.651
0.584
0.625
0.648
0.576
0.666
0.488
0.435
0.402
0.440
0.470
0.394
0.353
0.583
0.433
0.390
0.279
0.248
0.221
0.407
0.664
0.708
0.675
0.387
0.349
0.305
0.415
0.737
0.788
0.790
0.766
0.671
0.471
0.363
0.250
0.212
0.301
0.364
0.538
0.577
0.779
0.717
0.611
0.529
0.488
0.550
0.828
0.887
0.712
0.600
0.587
0.769
0.735
0.661
0.616
0.482
0.685
0.810
0.692
0.593
0.413
0.546
0.651
0.897
0.862
0.524
0.516
0.601
0.361
0.323
0.311
0.272
0.371
0.288
0.290
0.381
0.440
0.465
0.451
0.443
0.370
0.299
0.500
0.695
0.610
0.602
0.467
0.383
0.354
0.681
0.942
0.706
0.551
0.494
0.901
0.829
0.563
0.562
0.771
0.400
0.392
0.377
0.409
0.860
0.857
0.780
0.531
0.458
0.584
0.621
0.631
0.728
0.844
0.879
0.799
0.787
0.685
0.620
0.654
0.691
0.838
0.781
0.674
0.722
0.849
0.813
0.763
0.739
0.841
0.775
0.940
0.916
0.877
0.863
0.640
0.818
0.732
0.742
0.670
0.557
0.564
0.579
0.690
0.560
0.563
0.689
0.953
0.883
0.896
0.678
0.930
0.924
0.919
0.830
0.813
0.935
0.911
0.975
0.972
0.966
0.864
0.885
0.887
0.734
0.733
0.727
0.850
0.732
0.626
0.460
0.534
0.859
0.739
0.727
0.808
0.920
0.899
0.959
0.891
0.876
0.765
0.876
0.968
0.828
0.777
0.661
0.565
0.495
0.820
0.701
0.635
0.656
0.724
0.791
0.927
0.969
0.852
0.833
0.848
0.694
0.673
0.652
0.622
0.567
0.551
0.743
0.827
0.744
0.948
0.875
0.625
0.573
0.950
0.956
0.945
0.928
0.816
0.791
0.682
0.603
0.499
0.468
0.677
0.553
0.457
0.400
0.605
0.559
0.839
0.727
0.754
0.897
0.586
0.359
0.392
0.639
0.883
0.777
0.516
0.458
0.352
0.520
0.939
0.879
0.782
0.555
0.375
0.672
0.548
0.434
0.405
0.654
0.710
0.524
0.419
0.613
0.713
0.615
0.369
0.538
0.695
0.774
0.782
0.694
0.624
0.642
0.729
0.794
0.751
0.938
0.952
0.677
0.554
0.376
0.302
0.408
0.567
0.510
0.626
0.496
0.843
0.747
0.676
0.739
0.616
0.592
0.401
0.430
0.488
0.430
0.405
0.450
0.582
0.538
0.414
0.317
0.369
0.379
0.270
0.270
0.300
0.620
0.723
0.584
0.443
0.468
0.327
0.352
0.696
0.591
0.437
0.442
0.453
0.389
0.454
0.701
0.815
0.752
0.851
0.550
0.680
0.582
0.402
0.275
0.570
0.539
0.568
0.619
0.652
0.675
0.605
0.650
0.349
0.388
0.356
0.405
0.481
0.461
0.298
0.242
0.221
0.468
0.669
0.682
0.577
0.401
0.518
0.398
0.361
0.382
0.297
0.290
0.607
0.469
0.244
0.187
0.386
0.447
0.576
0.827
0.945
0.893
0.665
0.440
0.324
0.258
0.480
0.397
0.368
0.523
0.556
0.513
0.596
0.489
0.512
0.647
0.686
0.967
0.956
0.929
0.670
0.748
0.794
0.692
0.664
0.902
0.825
0.679
0.590
0.607
0.457
0.477
0.682
0.679
0.590
0.545
0.902
0.795
0.576
0.645
0.776
0.814
0.685
0.616
0.527
0.702
0.476
0.678
0.628
0.612
0.613
0.796
0.583
0.535
0.488
0.766
0.725
0.702
0.745
0.523
0.559
0.635
0.823
0.921
0.810
0.846
0.857
0.877
0.551
0.456
0.505
0.466
0.468
0.749
0.433
0.622
0.513
0.869
0.834
0.950
0.851
0.629
0.634
0.797
0.597
0.589
0.505
0.594
0.921
0.767
0.808
0.689
0.747
0.822
0.688
0.580
0.949
0.959
0.946
0.668
0.565
0.593
0.943
0.754
0.693
0.582
0.499
0.765
0.782
0.932
0.915
0.832
0.797
0.638
0.608
0.720
0.414
0.511
0.562
0.553
0.607
0.635
0.818
0.668
0.620
0.808
0.595
0.552
0.784
0.678
0.650
0.791
0.599
0.616
0.630
0.550
0.722
0.926
0.843
0.678
0.759
0.734
0.711
0.648
0.606
0.555
0.528
0.777
0.814
0.818
0.662
0.697
0.776
0.843
0.911
0.879
0.826
0.896
0.884
0.904
0.955
0.765
0.680
0.650
0.779
0.917
0.826
0.740
0.700
0.839
0.714
0.708
0.694
0.619
0.554
0.645
0.887
0.725
0.739
0.959
0.861
0.807
0.725
0.662
0.613
0.605
0.709
0.773
0.937
0.971
0.826
0.820
0.708
0.594
0.786
0.672
0.617
0.616
0.600
0.555
0.663
0.649
0.674
0.700
0.664
0.764
0.803
0.814
0.793
0.743
0.979
0.886
0.812
0.721
0.723
0.674
0.721
0.751
0.864
0.792
0.665
0.628
0.601
0.630
0.652
0.823
0.985
0.842
0.778
0.734
0.614
0.704
0.653
0.438
0.376
0.283
0.538
0.844
0.929
0.838
0.826
0.786
0.791
0.975
0.847
0.658
0.580
0.612
0.490
0.742
0.857
0.764
0.762
0.785
0.717
0.546
0.412
0.567
0.727
0.718
0.783
0.588
0.520
0.534
0.634
0.481
0.445
0.530
0.357
0.455
0.758
0.860
0.823
0.655
0.478
0.433
0.492
0.791
0.816
0.947
0.899
0.692
0.651
0.560
0.548
0.462
0.373
0.568
0.897
0.620
0.368
0.307
0.353
0.361
0.359
0.298
0.661
0.752
0.666
0.631
0.651
0.510
0.403
0.326
0.328
0.435
0.608
0.750
0.741
0.637
0.468
0.276
0.280
0.271
0.225
0.442
0.596
0.465
0.546
0.683
0.517
0.629
0.516
0.582
0.764
0.682
0.589
0.419
0.354
0.715
0.804
0.704
0.674
0.325
0.269
0.687
0.694
0.667
0.619
0.723
0.680
0.424
0.225
0.414
0.652
0.621
0.481
0.597
0.423
0.299
0.254
0.440
0.497
0.521
0.609
0.593
0.482
0.668
0.599
0.471
0.343
0.421
0.579
0.684
0.886
0.700
0.683
0.668
0.460
0.391
0.354
0.246
0.307
0.450
0.630
0.639
0.543
0.433
0.371
0.451
0.564
0.492
0.651
0.685
0.608
0.603
0.824
0.961
0.959
0.943
0.971
0.734
0.807
0.926
0.861
0.793
0.689
0.667
0.718
0.676
0.744
0.819
0.741
0.957
0.809
0.686
0.713
0.659
0.620
0.877
0.618
0.571
0.411
0.430
0.593
0.723
0.625
0.574
0.652
0.574
0.740
0.792
0.659
0.491
0.609
0.509
0.554
0.711
0.581
0.533
0.520
0.380
0.617
0.692
0.765
0.563
0.478
0.476
0.534
0.466
0.573
0.538
0.683
0.857
0.709
0.525
0.812
0.627
0.570
0.551
0.719
0.864
0.902
0.823
0.729
0.657
0.552
0.668
0.815
0.795
0.822
0.730
0.703
0.813
0.814
0.786
0.960
0.764
0.711
0.623
0.574
0.580
0.697
0.555
0.535
0.551
0.610
0.493
0.525
0.573
0.603
0.608
0.601
0.601
0.671
0.644
0.500
0.804
0.639
0.556
0.555
0.462
0.807
0.884
0.915
0.865
0.902
0.802
0.816
0.752
0.565
0.523
0.478
0.812
0.871
0.779
0.676
0.721
0.833
0.853
0.738
0.639
0.658
0.643
0.685
0.763
0.779
0.676
0.631
0.746
0.722
0.823
0.807
0.593
0.656
0.700
0.786
0.641
0.570
0.589
0.580
0.467
0.884
0.700
0.749
0.692
0.685
0.677
0.860
0.811
0.697
0.644
0.754
0.900
0.857
0.845
0.763
0.885
0.940
0.673
0.612
0.646
0.687
0.860
0.706
0.659
0.663
0.617
0.661
0.628
0.640
0.589
0.854
0.921
0.625
0.774
0.641
0.920
0.958
0.972
0.803
0.497
0.879
0.774
0.711
0.675
0.624
0.536
0.545
0.698
0.873
0.719
0.758
0.485
0.847
0.774
0.674
0.626
0.723
0.829
0.992
0.919
0.784
0.692
0.526
0.821
0.585
0.342
0.333
0.793
0.970
0.862
0.650
0.411
0.487
0.666
0.740
0.641
0.174
0.338
0.613
0.759
0.719
0.613
0.704
0.610
0.485
0.766
0.753
0.824
0.744
0.612
0.527
0.686
0.797
0.757
0.776
0.499
0.258
0.556
0.756
0.665
0.655
0.730
0.634
0.666
0.551
0.489
0.871
0.647
0.437
0.381
0.488
0.418
0.658
0.843
0.943
0.838
0.742
0.725
0.879
0.523
0.369
0.315
0.659
0.701
0.670
0.557
0.433
0.614
0.666
0.556
0.632
0.819
0.931
0.796
0.622
0.601
0.472
0.369
0.284
0.354
0.442
0.313
0.332
0.490
0.401
0.494
0.475
0.478
0.556
0.618
0.878
0.792
0.689
0.465
0.208
0.544
0.489
0.436
0.526
0.523
0.682
0.617
0.820
0.980
0.968
0.773
0.684
0.534
0.579
0.853
0.922
0.937
0.828
0.848
0.688
0.795
0.981
0.827
0.663
0.493
0.385
0.619
0.523
0.429
0.341
0.847
0.742
0.643
0.655
0.618
0.426
0.388
0.432
0.554
0.577
0.844
0.705
0.646
0.789
0.587
0.561
0.576
0.517
0.484
0.709
0.675
0.548
0.593
0.440
0.705
0.623
0.532
0.458
0.847
0.634
0.537
0.580
0.701
0.623
0.692
0.439
0.762
0.618
0.623
0.464
0.403
0.377
0.429
0.350
0.391
0.394
0.346
0.306
0.307
0.610
0.795
0.748
0.706
0.591
0.812
0.619
0.494
0.447
0.537
0.690
0.893
0.929
0.965
0.949
0.870
0.858
0.849
0.892
0.782
0.577
0.705
0.653
0.549
0.570
0.842
0.723
0.629
0.729
0.886
0.715
0.593
0.529
0.566
0.837
0.757
0.761
0.777
0.600
0.620
0.797
0.564
0.425
0.632
0.914
0.802
0.761
0.610
0.545
0.671
0.793
0.895
0.827
0.922
0.821
0.740
0.764
0.661
0.733
0.846
0.485
0.480
0.415
0.394
0.358
0.365
0.528
0.554
0.872
0.729
0.805
0.847
0.634
0.570
0.570
0.549
0.704
0.708
0.659
0.637
0.658
0.552
0.605
0.954
0.817
0.678
0.649
0.585
0.716
0.769
0.761
0.515
0.449
0.468
0.553
0.612
0.473
0.443
0.412
0.473
0.479
0.695
0.634
0.592
0.655
0.588
0.526
0.499
0.511
0.531
0.545
0.616
0.853
0.783
0.844
0.950
0.868
0.821
0.696
0.788
0.753
0.618
0.522
0.698
0.555
0.538
0.592
0.525
0.565
0.714
0.919
0.801
0.704
0.666
0.656
0.704
0.729
0.546
0.465
0.807
0.932
0.779
0.679
0.629
0.964
0.983
0.853
0.772
0.733
0.635
0.627
0.460
0.518
0.514
0.401
0.393
0.767
0.768
0.660
0.550
0.690
0.846
0.867
0.835
0.755
0.606
0.528
0.937
0.862
0.833
0.781
0.641
0.627
0.703
0.466
0.523
0.498
0.413
0.596
0.684
0.731
0.630
0.840
0.928
0.938
0.598
0.339
0.351
0.436
0.488
0.370
0.403
0.651
0.544
0.654
0.765
0.737
0.540
0.575
0.522
0.453
0.553
0.538
0.569
0.593
0.470
0.296
0.333
0.259
0.476
0.742
0.790
0.796
0.706
0.533
0.542
0.618
0.742
0.805
0.685
0.489
0.314
0.296
0.353
0.514
0.560
0.692
0.467
0.237
0.309
0.562
0.663
0.624
0.507
0.841
0.815
0.884
0.963
0.761
0.298
0.323
0.447
0.723
0.762
0.701
0.648
0.439
0.316
0.363
0.306
0.173
0.179
0.273
0.699
0.789
0.764
0.847
0.730
0.591
0.391
0.699
0.677
0.584
0.504
0.247
0.277
0.410
0.302
0.351
0.564
0.508
0.674
0.580
0.353
0.290
0.345
0.502
0.395
0.284
0.466
0.373
0.420
0.261
0.237
0.353
0.491
0.352
0.284
0.317
0.371
0.352
0.248
0.559
0.777
0.690
0.632
0.490
0.398
0.288
0.168
0.179
0.472
0.395
0.373
0.302
0.400
0.360
0.427
0.507
0.368
0.273
0.336
0.391
0.351
0.476
0.885
0.854
0.651
0.624
0.731
0.565
0.271
0.267
0.516
0.677
0.940
0.881
0.832
0.597
0.507
0.394
0.338
0.362
0.325
0.237
0.266
0.748
0.662
0.612
0.447
0.295
0.410
0.631
0.699
0.937
0.960
0.953
0.936
0.927
0.955
0.788
0.646
0.516
0.650
0.936
0.809
0.574
0.502
0.437
0.418
0.439
0.493
0.406
0.338
0.501
0.796
0.714
0.940
0.915
0.914
0.821
0.875
0.656
0.502
0.465
0.511
0.521
0.791
0.822
0.883
0.948
0.690
0.634
0.616
0.615
0.760
0.577
0.465
0.386
0.337
0.460
0.562
0.642
0.701
0.795
0.734
0.541
0.550
0.686
0.823
0.937
0.783
0.634
0.599
0.575
0.634
0.477
0.605
0.458
0.541
0.615
0.725
0.684
0.687
0.751
0.593
0.510
0.483
0.780
0.685
0.563
0.501
0.422
0.518
0.623
0.474
0.377
0.347
0.320
0.395
0.409
0.345
0.333
0.436
0.549
0.493
0.342
0.601
0.565
0.423
0.481
0.713
0.452
0.398
0.386
0.375
0.415
0.724
0.608
0.498
0.521
0.588
0.901
0.575
0.554
0.518
0.642
0.830
0.883
0.858
0.922
0.718
0.552
0.538
0.755
0.596
0.525
0.601
0.703
0.519
0.603
0.632
0.856
0.948
0.879
0.731
0.704
0.612
0.569
0.612
0.632
0.637
0.554
0.626
0.567
0.491
0.427
0.389
0.533
0.550
0.877
0.906
0.601
0.660
0.608
0.617
0.733
0.716
0.605
0.560
0.740
0.585
0.627
0.650
0.910
0.786
0.795
0.733
0.641
0.591
0.830
0.974
0.766
0.727
0.739
0.693
0.820
0.750
0.823
0.823
0.763
0.631
0.637
0.606
0.948
0.829
0.690
0.645
0.693
0.796
0.826
0.591
0.485
0.421
0.767
0.829
0.637
0.601
0.679
0.682
0.953
0.798
0.653
0.756
0.918
0.867
0.779
0.768
0.744
0.630
0.509
0.465
0.479
0.543
0.563
0.626
0.733
0.605
0.645
0.276
0.422
0.586
0.756
0.967
0.982
0.870
0.806
0.763
0.743
0.692
0.746
0.812
0.606
0.835
0.963
0.768
0.655
0.421
0.578
0.812
0.822
0.707
0.734
0.817
0.666
0.406
0.711
0.656
0.416
0.512
0.496
0.419
0.366
0.263
0.293
0.277
0.241
0.294
0.527
0.674
0.755
0.614
0.648
0.697
0.689
0.744
0.667
0.537
0.338
0.329
0.421
0.455
0.331
0.238
0.278
0.439
0.270
0.212
0.331
0.663
0.530
0.314
0.360
0.467
0.458
0.649
0.803
0.822
0.880
0.640
0.294
0.377
0.312
0.348
0.395
0.629
0.624
0.629
0.303
0.211
0.159
0.312
0.629
0.726
0.779
0.626
0.415
0.619
0.767
0.693
0.823
0.770
0.588
0.332
0.507
0.484
0.270
0.315
0.581
0.712
0.631
0.531
0.393
0.315
0.248
0.226
0.441
0.609
0.492
0.302
0.324
0.206
0.227
0.453
0.683
0.617
0.520
0.282
0.189
0.212
0.378
0.415
0.272
0.363
0.592
0.531
0.497
0.487
0.804
0.840
0.736
0.742
0.686
0.623
0.802
0.741
0.630
0.478
0.681
0.741
0.700
0.788
0.661
0.496
0.445
0.373
0.548
0.502
0.360
0.899
0.757
0.717
0.687
0.604
0.745
0.732
0.703
0.819
0.877
0.737
0.630
0.445
0.394
0.512
0.719
0.860
0.952
0.729
0.778
0.610
0.500
0.621
0.568
0.520
0.416
0.418
0.574
0.720
0.706
0.726
0.531
0.443
0.406
0.359
0.329
0.302
0.411
0.393
0.341
0.453
0.305
0.305
0.241
0.193
0.282
0.411
0.388
0.346
0.294
0.328
0.309
0.350
0.355
0.518
0.660
0.524
0.680
0.819
0.598
0.519
0.475
0.446
0.361
0.332
0.334
0.334
0.282
0.258
0.238
0.371
0.319
0.243
0.258
0.360
0.406
0.538
0.619
0.618
0.459
0.412
0.771
0.692
0.737
0.563
0.554
0.511
0.507
0.586
0.864
0.877
0.892
0.824
0.862
0.654
0.530
0.686
0.798
0.697
0.595
0.675
0.637
0.600
0.582
0.740
0.674
0.648
0.631
0.373
0.437
0.433
0.402
0.493
0.564
0.676
0.606
0.476
0.484
0.652
0.583
0.705
0.579
0.491
0.457
0.608
0.946
0.885
0.842
0.732
0.801
0.869
0.915
0.838
0.832
0.829
0.953
0.945
0.936
0.918
0.751
0.697
0.668
0.627
0.640
0.649
0.570
0.646
0.838
0.781
0.654
0.628
0.823
0.766
0.767
0.620
0.529
0.493
0.527
0.520
0.501
0.729
0.840
0.908
0.646
0.541
0.497
0.457
0.513
0.486
0.444
0.458
0.938
0.622
0.552
0.554
0.437
0.497
0.405
0.441
0.553
0.671
0.702
0.747
0.688
0.633
0.460
0.398
0.366
0.440
0.495
0.376
0.721
0.458
0.772
0.764
0.696
0.703
0.881
0.932
0.503
0.298
0.311
0.456
0.546
0.590
0.701
0.741
0.737
0.647
0.839
0.961
0.905
0.779
0.593
0.624
0.678
0.615
0.770
0.806
0.689
0.627
0.653
0.554
0.663
0.488
0.799
0.776
0.724
0.435
0.447
0.698
0.644
0.353
0.246
0.421
0.411
0.763
0.898
0.759
0.737
0.741
0.768
0.637
0.424
0.350
0.232
0.190
0.331
0.557
0.254
0.226
0.375
0.614
0.434
0.348
0.330
0.611
0.459
0.221
0.617
0.518
0.242
0.174
0.227
0.213
0.436
0.695
0.781
0.772
0.804
0.640
0.635
0.513
0.408
0.250
0.195
0.225
0.287
0.515
0.384
0.452
0.507
0.478
0.699
0.689
0.739
0.708
0.702
0.635
0.480
0.392
0.356
0.468
0.458
0.760
0.645
0.360
0.174
0.197
0.574
0.668
0.501
0.528
0.412
0.370
0.310
0.233
0.171
0.174
0.356
0.504
0.438
0.627
0.438
0.542
0.425
0.317
0.430
0.472
0.350
0.266
0.257
0.320
0.397
0.507
0.487
0.470
0.492
0.547
0.482
0.392
0.356
0.247
0.197
0.256
0.251
0.246
0.217
0.200
0.394
0.439
0.436
0.875
0.705
0.615
0.555
0.533
0.497
0.341
0.576
0.438
0.378
0.372
0.555
0.557
0.514
0.341
0.302
0.596
0.329
0.235
0.263
0.404
0.501
0.615
0.593
0.435
0.289
0.313
0.374
0.522
0.656
0.764
0.702
0.539
0.467
0.381
0.278
0.288
0.319
0.263
0.249
0.383
0.352
0.599
0.871
0.696
0.511
0.483
0.478
0.519
0.615
0.480
0.703
0.697
0.525
0.416
0.611
0.745
0.661
0.684
0.652
0.662
0.659
0.457
0.414
0.263
0.346
0.502
0.749
0.751
0.677
0.528
0.741
0.553
0.492
0.506
0.564
0.508
0.422
0.333
0.313
0.277
0.282
0.237
0.200
0.196
0.272
0.272
0.257
0.340
0.402
0.467
0.338
0.316
0.377
0.317
0.257
0.265
0.353
0.479
0.808
0.521
0.359
0.462
0.412
0.451
0.470
0.459
0.521
0.802
0.860
0.726
0.665
0.559
0.421
0.453
0.643
0.514
0.461
0.628
0.827
0.733
0.645
0.880
0.604
0.572
0.558
0.538
0.744
0.866
0.658
0.868
0.921
0.623
0.505
0.643
0.717
0.807
0.785
0.609
0.550
0.547
0.449
0.432
0.524
0.512
0.425
0.563
0.651
0.420
0.559
0.774
0.699
0.653
0.693
0.899
0.787
0.564
0.641
0.554
0.506
0.554
0.640
0.564
0.510
0.601
0.552
0.503
0.421
0.736
0.904
0.805
0.688
0.618
0.522
0.576
0.489
0.430
0.542
0.802
0.669
0.531
0.475
0.664
0.618
0.547
0.582
0.719
0.619
0.267
0.733
0.954
0.817
0.559
0.765
0.618
0.462
0.678
0.552
0.736
0.829
0.619
0.676
0.772
0.699
0.562
0.511
0.574
0.535
0.460
0.629
0.715
0.760
0.914
0.772
0.674
0.691
0.762
0.797
0.854
0.935
0.857
0.796
0.591
0.423
0.673
0.788
0.597
0.683
0.607
0.628
0.744
0.736
0.466
0.524
0.781
0.738
0.843
0.745
0.729
0.801
0.728
0.608
0.611
0.559
0.647
0.705
0.988
0.859
0.726
0.702
0.612
0.369
0.188
0.331
0.532
0.768
0.609
0.380
0.282
0.263
0.408
0.506
0.775
0.864
0.858
0.977
0.950
0.822
0.505
0.485
0.629
0.539
0.612
0.686
0.770
0.745
0.525
0.488
0.358
0.381
0.590
0.587
0.645
0.753
0.603
0.692
0.658
0.507
0.263
0.247
0.269
0.570
0.641
0.576
0.523
0.569
0.494
0.446
0.597
0.493
0.503
0.542
0.629
0.481
0.378
0.450
0.323
0.326
0.277
0.288
0.437
0.434
0.390
0.616
0.646
0.668
0.371
0.365
0.386
0.384
0.377
0.175
0.257
0.472
0.410
0.290
0.200
0.190
0.314
0.324
0.282
0.225
0.099
0.226
0.594
0.572
0.497
0.402
0.486
0.404
0.347
0.344
0.238
0.297
0.322
0.404
0.272
0.345
0.321
0.210
0.207
0.228
0.320
0.444
0.473
0.647
0.534
0.422
0.486
0.300
0.339
0.821
0.950
0.911
0.724
0.727
0.748
0.708
0.579
0.503
0.470
0.309
0.358
0.284
0.388
0.377
0.342
0.431
0.540
0.519
0.557
0.493
0.417
0.329
0.231
0.183
0.197
0.397
0.706
0.958
0.959
0.742
0.650
0.628
0.580
0.451
0.371
0.339
0.385
0.593
0.490
0.450
0.815
0.697
0.610
0.503
0.289
0.680
0.663
0.896
0.623
0.423
0.374
0.505
0.683
0.688
0.806
0.652
0.547
0.481
0.391
0.330
0.385
0.392
0.293
0.242
0.269
0.247
0.199
0.237
0.333
0.343
0.329
0.318
0.356
0.621
0.697
0.547
0.529
0.563
0.634
0.549
0.636
0.503
0.461
0.424
0.549
0.874
0.607
0.513
0.579
0.657
0.499
0.433
0.378
0.428
0.617
0.478
0.457
0.429
0.343
0.365
0.436
0.390
0.339
0.312
0.273
0.243
0.256
0.296
0.382
0.353
0.258
0.202
0.255
0.295
0.266
0.244
0.302
0.336
0.386
0.441
0.315
0.271
0.289
0.366
0.346
0.299
0.453
0.552
0.691
0.773
0.593
0.475
0.472
0.481
0.507
0.905
0.836
0.693
0.663
0.463
0.542
0.910
0.847
0.684
0.664
0.715
0.686
0.716
0.692
0.893
0.585
0.585
0.577
0.587
0.632
0.515
0.711
0.786
0.704
0.623
0.590
0.561
0.565
0.516
0.466
0.422
0.540
0.568
0.521
0.602
0.655
0.821
0.730
0.704
0.724
0.625
0.676
0.541
0.614
0.745
0.673
0.922
0.781
0.724
0.688
0.705
0.556
0.481
0.472
0.518
0.393
0.410
0.419
0.402
0.389
0.442
0.367
0.408
0.516
0.490
0.466
0.400
0.313
0.369
0.523
0.656
0.462
0.620
0.567
0.764
0.557
0.459
0.318
0.313
0.562
0.419
0.376
0.517
0.369
0.312
0.236
0.348
0.633
0.595
0.419
0.393
0.424
0.490
0.546
0.511
0.660
0.839
0.882
0.767
0.553
0.514
0.462
0.463
0.425
0.639
0.454
0.616
0.461
0.395
0.518
0.583
0.634
0.635
0.533
0.615
0.706
0.745
0.684
0.580
0.529
0.598
0.748
0.667
0.508
0.353
0.359
0.354
0.171
0.453
0.532
0.361
0.440
0.537
0.504
0.429
0.273
0.303
0.572
0.378
0.672
0.673
0.647
0.747
0.686
0.513
0.365
0.348
0.275
0.404
0.409
0.576
0.679
0.818
0.650
0.695
0.858
0.907
0.769
0.617
0.362
0.308
0.592
0.711
0.719
0.684
0.615
0.364
0.355
0.558
0.531
0.327
0.346
0.220
0.159
0.191
0.286
0.586
0.717
0.700
0.857
0.904
0.624
0.546
0.433
0.345
0.304
0.363
0.334
0.347
0.368
0.292
0.389
0.495
0.077
0.186
0.427
0.807
0.808
0.681
0.511
0.382
0.307
0.194
0.164
0.283
0.263
0.235
0.446
0.639
0.631
0.300
0.166
0.292
0.399
0.220
0.406
0.619
0.638
0.515
0.313
0.351
0.504
0.355
0.254
0.187
0.340
0.513
0.439
0.402
0.415
0.335
0.420
0.607
0.648
0.439
0.346
0.616
0.727
0.475
0.502
0.464
0.409
0.515
0.490
0.356
0.442
0.253
0.203
0.195
0.228
0.561
0.587
0.600
0.580
0.527
0.515
0.481
0.509
0.320
0.409
0.768
0.544
0.378
0.434
0.273
0.526
0.706
0.787
0.916
0.698
0.410
0.567
0.575
0.566
0.701
0.670
0.442
0.374
0.330
0.337
0.538
0.544
0.402
0.406
0.415
0.637
0.538
0.476
0.546
0.709
0.619
0.611
0.799
0.666
0.671
0.747
0.538
0.498
0.763
0.510
0.367
0.603
0.667
0.774
0.646
0.627
0.615
0.528
0.585
0.782
0.794
0.671
0.415
0.417
0.378
0.428
0.431
0.430
0.521
0.866
0.903
0.611
0.568
0.509
0.440
0.489
0.748
0.664
0.850
0.739
0.951
0.929
0.761
0.674
0.513
0.712
0.777
0.662
0.608
0.553
0.576
0.848
0.619
0.709
0.614
0.656
0.621
0.707
0.416
0.327
0.388
0.651
0.684
0.768
0.753
0.613
0.508
0.877
0.725
0.654
0.499
0.356
0.517
0.929
0.780
0.732
0.705
0.900
0.892
0.903
0.907
0.786
0.645
0.605
0.682
0.728
0.667
0.580
0.719
0.783
0.980
0.956
0.891
0.775
0.826
0.803
0.695
0.725
0.618
0.587
0.532
0.533
0.518
0.489
0.600
0.827
0.860
0.744
0.941
0.747
0.701
0.723
0.839
0.875
0.847
0.945
0.763
0.682
0.776
0.916
0.784
0.814
0.984
0.973
0.799
0.667
0.792
0.802
0.763
0.678
0.675
0.628
0.583
0.638
0.844
0.702
0.827
0.798
0.727
0.689
0.771
0.909
0.847
0.870
0.982
0.984
0.790
0.692
0.682
0.745
0.819
0.878
0.884
0.988
0.951
0.971
0.933
0.818
0.754
0.766
0.789
0.879
0.907
0.859
0.817
0.773
0.692
0.660
0.759
0.730
0.624
0.914
0.839
0.951
0.897
0.656
0.501
0.485
0.500
0.569
0.608
0.711
0.694
0.845
0.759
0.770
0.709
0.792
0.911
0.799
0.736
0.767
0.784
0.720
0.647
0.480
0.592
0.885
0.855
0.794
0.951
0.990
0.975
0.936
0.843
0.849
0.761
0.675
0.723
0.676
0.702
0.836
0.765
0.783
0.781
0.555
0.562
0.751
0.684
0.661
0.758
0.671
0.622
0.561
0.554
0.666
0.786
0.780
0.883
0.733
0.629
0.652
0.712
0.680
0.620
0.752
0.847
0.735
0.485
0.506
0.616
0.831
0.927
0.834
0.889
0.547
0.352
0.412
0.626
0.798
0.713
0.684
0.491
0.457
0.560
0.658
0.808
0.742
0.775
0.663
0.861
0.799
0.973
0.777
0.752
0.652
0.481
0.647
0.648
0.796
0.638
0.946
0.902
0.874
0.733
0.811
0.865
0.613
0.448
0.444
0.552
0.522
0.339
0.413
0.738
0.778
0.839
0.738
0.682
0.530
0.524
0.770
0.424
0.178
0.442
0.942
0.787
0.677
0.475
0.641
0.960
0.736
0.650
0.548
0.452
0.493
0.682
0.816
0.587
0.533
0.479
0.414
0.349
0.478
0.578
0.508
0.287
0.454
0.414
0.378
0.366
0.316
0.290
0.303
0.568
0.825
0.959
0.921
0.577
0.549
0.490
0.503
0.479
0.494
0.419
0.776
0.675
0.693
0.606
0.459
0.346
0.525
0.773
0.815
0.859
0.891
0.769
0.641
0.627
0.627
0.827
0.939
0.975
0.930
0.751
0.891
0.703
0.644
0.766
0.957
0.651
0.590
0.642
0.613
0.563
0.556
0.559
0.919
0.772
0.660
0.581
0.735
0.778
0.640
0.798
0.499
0.360
0.345
0.499
0.483
0.554
0.529
0.738
0.560
0.405
0.382
0.432
0.621
0.562
0.571
0.454
0.478
0.473
0.615
0.733
0.497
0.368
0.282
0.237
0.267
0.312
0.399
0.754
0.611
0.908
0.571
0.458
0.578
0.537
0.883
0.877
0.592
0.545
0.952
0.887
0.703
0.676
0.779
0.676
0.571
0.502
0.604
0.690
0.515
0.464
0.659
0.784
0.792
0.804
0.724
0.825
0.906
0.670
0.704
0.607
0.570
0.576
0.717
0.650
0.953
0.956
0.720
0.903
0.676
0.700
0.726
0.702
0.743
0.877
0.485
0.605
0.665
0.693
0.671
0.596
0.609
0.753
0.795
0.783
0.618
0.507
0.586
0.607
0.553
0.641
0.820
0.822
0.821
0.575
0.506
0.775
0.953
0.966
0.820
0.825
0.661
0.658
0.831
0.890
0.919
0.976
0.918
0.957
0.913
0.784
0.789
0.745
0.709
0.942
0.899
0.911
0.971
0.888
0.771
0.774
0.946
0.948
0.949
0.902
0.819
0.967
0.984
0.969
0.923
0.972
0.936
0.876
0.881
0.757
0.835
0.827
0.751
0.783
0.815
0.806
0.786
0.830
0.860
0.955
0.970
0.960
0.833
0.865
0.977
0.863
0.822
0.793
0.776
0.979
0.776
0.586
0.609
0.623
0.951
0.827
0.867
0.992
0.988
0.870
0.903
0.956
0.984
0.979
0.995
0.955
0.877
0.901
0.897
0.995
0.902
0.783
0.875
0.781
0.844
0.870
0.806
0.850
0.914
0.982
0.991
0.931
0.886
0.835
0.850
0.853
0.622
0.546
0.662
0.659
0.553
0.734
0.892
0.874
0.800
0.645
0.448
0.531
0.596
0.838
0.684
0.863
0.717
0.796
0.876
0.912
0.952
0.852
0.893
0.971
0.769
0.534
0.482
0.540
0.841
0.749
0.780
0.695
0.872
0.955
0.955
0.950
0.892
0.848
0.858
0.854
0.747
0.770
0.882
0.703
0.534
0.454
0.440
0.748
0.736
0.435
0.619
0.555
0.610
0.570
0.547
0.624
0.428
0.434
0.830
0.696
0.448
0.257
0.363
0.767
0.672
0.580
0.558
0.542
0.506
0.379
0.291
0.234
0.387
0.904
0.926
0.874
0.658
0.598
0.527
0.510
0.504
0.208
0.328
0.535
0.547
0.707
0.873
0.500
0.447
0.289
0.536
0.625
0.627
0.521
0.472
0.315
0.455
0.358
0.327
0.319
0.319
0.502
0.640
0.817
0.844
0.809
0.746
0.940
0.980
0.971
0.748
0.782
0.698
0.948
0.857
0.782
0.690
0.629
0.660
0.620
0.630
0.641
0.693
0.847
0.584
0.945
0.823
0.661
0.898
0.697
0.550
0.449
0.498
0.591
0.570
0.818
0.683
0.585
0.562
0.600
0.933
0.922
0.936
0.892
0.852
0.852
0.802
0.930
0.586
0.505
0.818
0.750
0.731
0.659
0.648
0.670
0.651
0.567
0.710
0.893
0.959
0.837
0.959
0.906
0.861
0.882
0.707
0.921
0.867
0.704
0.624
0.709
0.909
0.765
0.867
0.715
0.554
0.435
0.560
0.578
0.661
0.735
0.662
0.793
0.849
0.731
0.613
0.598
0.530
0.539
0.659
0.753
0.693
0.754
0.562
0.913
0.707
0.743
0.870
0.609
0.571
0.752
0.782
0.767
0.635
0.585
0.566
0.533
0.645
0.551
0.558
0.598
0.712
0.844
0.816
0.686
0.843
0.919
0.913
0.827
0.899
0.922
0.697
0.731
0.624
0.612
0.922
0.852
0.957
0.820
0.739
0.715
0.752
0.750
0.857
0.709
0.728
0.904
0.732
0.706
0.742
0.826
0.835
0.810
0.704
0.650
0.609
0.542
0.911
0.819
0.774
0.718
0.654
0.617
0.836
0.970
0.886
0.880
0.906
0.936
0.888
0.874
0.895
0.747
0.665
0.766
0.888
0.919
0.873
0.841
0.846
0.972
0.986
0.950
0.887
0.866
0.921
0.869
0.948
0.878
0.843
0.975
0.917
0.821
0.771
0.937
0.951
0.835
0.908
0.917
0.815
0.932
0.670
0.728
0.762
0.877
0.938
0.863
0.892
0.904
0.913
0.968
0.958
0.886
0.758
0.885
0.979
0.955
0.925
0.930
0.919
0.976
0.983
0.826
0.833
0.831
0.907
0.872
0.791
0.719
0.620
0.768
0.858
0.966
0.821
0.799
0.810
0.975
0.924
0.925
0.866
0.634
0.716
0.800
0.766
0.911
0.880
0.842
0.916
0.921
0.900
0.703
0.691
0.916
0.871
0.821
0.783
0.780
0.876
0.749
0.622
0.867
0.822
0.796
0.779
0.875
0.981
0.960
0.805
0.620
0.679
0.674
0.910
0.884
0.775
0.812
0.740
0.887
0.516
0.338
0.316
0.650
0.987
0.992
0.885
0.829
0.800
0.668
0.590
0.557
0.560
0.720
0.637
0.518
0.567
0.794
0.569
0.443
0.760
0.661
0.569
0.506
0.443
0.549
0.891
0.963
0.934
0.790
0.736
0.745
0.711
0.597
0.727
0.602
0.647
0.633
0.486
0.598
0.786
0.531
0.444
0.517
0.562
0.528
0.697
0.824
0.719
0.531
0.517
0.590
0.803
0.808
0.624
0.366
0.370
0.509
0.938
0.869
0.770
0.704
0.620
0.541
0.584
0.442
0.403
0.517
0.424
0.524
0.596
0.603
0.739
0.802
0.802
0.714
0.490
0.555
0.354
0.488
0.490
0.487
0.434
0.443
0.398
0.414
0.442
0.284
0.264
0.267
0.117
0.286
0.540
0.679
0.852
0.752
0.685
0.573
0.435
0.546
0.231
0.448
0.467
0.360
0.479
0.419
0.390
0.281
0.240
0.281
0.336
0.351
0.330
0.423
0.524
0.358
0.322
0.407
0.488
0.446
0.521
0.545
0.361
0.599
0.900
0.943
0.977
0.759
0.760
0.575
0.546
0.430
0.496
0.943
0.976
0.921
0.870
0.591
0.675
0.660
0.584
0.499
0.699
0.710
0.594
0.831
0.907
0.935
0.796
0.962
0.972
0.867
0.822
0.778
0.955
0.914
0.698
0.655
0.586
0.461
0.445
0.626
0.568
0.443
0.478
0.851
0.685
0.572
0.499
0.531
0.917
0.903
0.782
0.632
0.788
0.863
0.667
0.506
0.533
0.546
0.552
0.660
0.586
0.611
0.607
0.674
0.940
0.710
0.591
0.501
0.415
0.588
0.523
0.470
0.485
0.505
0.467
0.384
0.399
0.678
0.760
0.566
0.512
0.470
0.415
0.336
0.449
0.514
0.493
0.544
0.637
0.693
0.818
0.541
0.450
0.528
0.530
0.385
0.403
0.601
0.700
0.887
0.796
0.803
0.848
0.725
0.698
0.599
0.542
0.496
0.590
0.734
0.660
0.526
0.759
0.627
0.879
0.772
0.740
0.658
0.576
0.507
0.485
0.505
0.474
0.548
0.580
0.677
0.689
0.639
0.833
0.620
0.535
0.450
0.432
0.502
0.577
0.651
0.814
0.865
0.870
0.572
0.495
0.461
0.522
0.549
0.869
0.891
0.737
0.753
0.629
0.621
0.609
0.655
0.718
0.701
0.576
0.626
0.695
0.553
0.833
0.777
0.915
0.988
0.950
0.771
0.786
0.759
0.779
0.733
0.706
0.713
0.647
0.643
0.637
0.920
0.988
0.983
0.915
0.964
0.856
0.788
0.757
0.751
0.844
0.699
0.700
0.977
0.805
0.638
0.575
0.789
0.765
0.794
0.693
0.756
0.778
0.685
0.564
0.682
0.770
0.968
0.908
0.815
0.703
0.774
0.938
0.824
0.782
0.770
0.725
0.758
0.931
0.992
0.994
0.992
0.974
0.922
0.849
0.747
0.635
0.788
0.724
0.605
0.687
0.756
0.768
0.656
0.630
0.667
0.571
0.460
0.575
0.705
0.901
0.834
0.895
0.949
0.855
0.821
0.579
0.464
0.640
0.889
0.648
0.528
0.528
0.481
0.814
0.958
0.859
0.836
0.732
0.840
0.799
0.767
0.726
0.760
0.749
0.544
0.495
0.522
0.597
0.537
0.493
0.768
0.534
0.443
0.712
0.637
0.399
0.311
0.362
0.691
0.718
0.567
0.521
0.512
0.483
0.278
0.239
0.322
0.230
0.485
0.711
0.905
0.819
0.829
0.743
0.862
0.708
0.528
0.451
0.398
0.328
0.370
0.325
0.408
0.477
0.451
0.519
0.441
0.415
0.561
0.692
0.485
0.351
0.546
0.379
0.656
0.791
0.891
0.687
0.537
0.548
0.392
0.431
0.468
0.429
0.266
0.142
0.456
0.549
0.334
0.410
0.768
0.899
0.934
0.873
0.942
0.842
0.761
0.686
0.805
0.756
0.611
0.368
0.386
0.500
0.682
0.471
0.436
0.369
0.286
0.217
0.304
0.511
0.617
0.607
0.650
0.947
0.952
0.826
0.935
0.769
0.692
0.603
0.628
0.693
0.733
0.825
0.814
0.762
0.631
0.551
0.410
0.466
0.567
0.720
0.776
0.903
0.832
0.725
0.675
0.587
0.623
0.849
0.668
0.698
0.621
0.469
0.472
0.763
0.905
0.715
0.604
0.619
0.611
0.640
0.600
0.529
0.448
0.663
0.850
0.782
0.690
0.765
0.570
0.494
0.647
0.922
0.945
0.976
0.696
0.685
0.688
0.516
0.790
0.850
0.505
0.914
0.697
0.670
0.716
0.740
0.953
0.689
0.590
0.643
0.820
0.683
0.593
0.553
0.588
0.861
0.773
0.623
0.652
0.797
0.789
0.858
0.716
0.714
0.605
0.516
0.677
0.659
0.646
0.718
0.606
0.512
0.516
0.537
0.521
0.515
0.586
0.789
0.672
0.472
0.419
0.437
0.525
0.777
0.692
0.565
0.465
0.635
0.534
0.394
0.379
0.419
0.891
0.672
0.651
0.583
0.568
0.487
0.424
0.535
0.509
0.543
0.694
0.754
0.862
0.772
0.610
0.759
0.690
0.594
0.845
0.659
0.575
0.592
0.936
0.813
0.832
0.745
0.613
0.570
0.737
0.834
0.795
0.784
0.867
0.711
0.683
0.798
0.929
0.841
0.846
0.681
0.552
0.668
0.583
0.496
0.467
0.580
0.862
0.801
0.730
0.762
0.953
0.878
0.720
0.599
0.624
0.782
0.908
0.900
0.702
0.503
0.463
0.517
0.858
0.822
0.860
0.844
0.788
0.689
0.682
0.544
0.600
0.884
0.943
0.873
0.730
0.898
0.783
0.788
0.634
0.701
0.700
0.816
0.595
0.485
0.618
0.830
0.849
0.946
0.985
0.993
0.961
0.919
0.848
0.639
0.721
0.620
0.893
0.827
0.818
0.798
0.748
0.807
0.761
0.675
0.661
0.532
0.849
0.839
0.648
0.600
0.783
0.920
0.849
0.756
0.669
0.746
0.719
0.538
0.427
0.519
0.465
0.691
0.800
0.830
0.906
0.960
0.956
0.780
0.689
0.665
0.650
0.635
0.567
0.380
0.534
0.889
0.782
0.702
0.539
0.701
0.501
0.348
0.480
0.810
0.698
0.762
0.559
0.798
0.664
0.721
0.712
0.670
0.627
0.677
0.637
0.533
0.333
0.339
0.728
0.917
0.780
0.769
0.717
0.609
0.488
0.500
0.773
0.941
0.933
0.883
0.830
0.866
0.703
0.555
0.511
0.554
0.775
0.834
0.753
0.628
0.433
0.419
0.469
0.509
0.750
0.811
0.647
0.600
0.303
0.597
0.450
0.674
0.787
0.625
0.466
0.309
0.341
0.359
0.604
0.765
0.548
0.456
0.467
0.590
0.556
0.645
0.662
0.749
0.511
0.377
0.588
0.604
0.696
0.659
0.606
0.522
0.320
0.399
0.656
0.528
0.424
0.284
0.197
0.178
0.323
0.278
0.263
0.469
0.586
0.611
0.640
0.406
0.402
0.303
0.283
0.690
0.658
0.461
0.465
0.440
0.403
0.648
0.537
0.708
0.694
0.635
0.422
0.601
0.639
0.645
0.442
0.336
0.309
0.245
0.255
0.301
0.300
0.328
0.514
0.611
0.601
0.350
0.539
0.429
0.596
0.380
0.599
0.701
0.760
0.783
0.656
0.568
0.289
0.431
0.620
0.837
0.489
0.590
0.637
0.595
0.706
0.595
0.444
0.446
0.488
0.531
0.799
0.954
0.948
0.786
0.646
0.603
0.613
0.886
0.583
0.561
0.541
0.481
0.475
0.491
0.401
0.360
0.348
0.395
0.436
0.766
0.554
0.475
0.494
0.604
0.734
0.708
0.704
0.684
0.671
0.629
0.496
0.802
0.647
0.626
0.669
0.827
0.950
0.926
0.781
0.612
0.757
0.934
0.901
0.942
0.811
0.764
0.728
0.754
0.818
0.677
0.655
0.817
0.697
0.704
0.806
0.808
0.647
0.899
0.583
0.517
0.469
0.449
0.575
0.742
0.854
0.866
0.954
0.849
0.795
0.817
0.739
0.757
0.657
0.496
0.606
0.618
0.800
0.962
0.768
0.840
0.757
0.730
0.651
0.905
0.658
0.531
0.736
0.704
0.723
0.551
0.561
0.630
0.592
0.596
0.541
0.438
0.345
0.372
0.311
0.441
0.548
0.694
0.590
0.714
0.683
0.716
0.792
0.861
0.908
0.677
0.539
0.499
0.567
0.678
0.653
0.615
0.560
0.479
0.490
0.522
0.546
0.483
0.500
0.536
0.696
0.897
0.927
0.875
0.800
0.854
0.766
0.802
0.852
0.764
0.686
0.691
0.781
0.849
0.736
0.742
0.744
0.696
0.682
0.809
0.714
0.672
0.653
0.659
0.715
0.776
0.682
0.726
0.726
0.877
0.990
0.922
0.909
0.968
0.880
0.905
0.903
0.808
0.770
0.753
0.790
0.953
0.910
0.918
0.804
0.724
0.695
0.694
0.746
0.662
0.617
0.573
0.484
0.566
0.636
0.774
0.874
0.863
0.846
0.898
0.860
0.882
0.934
0.791
0.661
0.661
0.725
0.805
0.779
0.647
0.500
0.608
0.722
0.751
0.837
0.672
0.870
0.892
0.868
0.961
0.922
0.720
0.533
0.714
0.827
0.663
0.791
0.574
0.712
0.690
0.674
0.548
0.592
0.751
0.630
0.906
0.667
0.464
0.626
0.844
0.796
0.731
0.542
0.662
0.547
0.725
0.712
0.485
0.818
0.796
0.739
0.557
0.384
0.539
0.551
0.568
0.748
0.843
0.888
0.801
0.958
0.882
0.727
0.753
0.820
0.743
0.684
0.830
0.853
0.605
0.348
0.763
0.627
0.546
0.468
0.443
0.388
0.583
0.669
0.512
0.325
0.290
0.269
0.544
0.489
0.604
0.707
0.740
0.724
0.746
0.704
0.517
0.351
0.435
0.401
0.904
0.757
0.620
0.502
0.674
0.390
0.400
0.504
0.390
0.321
0.315
0.331
0.592
0.701
0.705
0.427
0.232
0.221
0.299
0.367
0.551
0.559
0.473
0.317
0.296
0.549
0.645
0.675
0.598
0.511
0.492
0.454
0.374
0.300
0.226
0.198
0.464
0.604
0.506
0.357
0.307
0.303
0.309
0.426
0.474
0.583
0.464
0.335
0.293
0.499
0.438
0.338
0.251
0.479
0.558
0.540
0.412
0.681
0.566
0.418
0.357
0.850
0.859
0.719
0.682
0.695
0.501
0.319
0.522
0.590
0.601
0.470
0.447
0.376
0.294
0.244
0.246
0.227
0.504
0.586
0.894
0.717
0.550
0.324
0.329
0.547
0.682
0.651
0.534
0.628
0.865
0.548
0.475
0.556
0.551
0.540
0.539
0.423
0.378
0.517
0.498
0.301
0.350
0.424
0.359
0.254
0.242
0.194
0.376
0.285
0.270
0.227
0.227
0.295
0.518
0.795
0.808
0.658
0.773
0.804
0.641
0.598
0.679
0.891
0.737
0.808
0.750
0.637
0.594
0.633
0.390
0.503
0.830
0.742
0.705
0.824
0.698
0.553
0.557
0.584
0.684
0.555
0.809
0.518
0.658
0.703
0.637
0.535
0.804
0.580
0.585
0.776
0.628
0.538
0.480
0.545
0.709
0.660
0.748
0.685
0.515
0.476
0.661
0.701
0.568
0.463
0.396
0.463
0.660
0.648
0.696
0.603
0.540
0.634
0.641
0.567
0.459
0.438
0.482
0.490
0.451
0.454
0.485
0.824
0.869
0.903
0.882
0.800
0.731
0.718
0.616
0.600
0.628
0.728
0.762
0.590
0.644
0.625
0.545
0.786
0.841
0.641
0.561
0.578
0.592
0.585
0.501
0.467
0.483
0.511
0.506
0.652
0.520
0.337
0.486
0.448
0.471
0.446
0.855
0.700
0.652
0.919
0.911
0.870
0.811
0.755
0.754
0.800
0.900
0.886
0.863
0.881
0.845
0.778
0.690
0.631
0.651
0.640
0.730
0.672
0.600
0.919
0.696
0.851
0.806
0.751
0.818
0.753
0.626
0.743
0.814
0.956
0.918
0.946
0.725
0.559
0.730
0.971
0.831
0.844
0.739
0.954
0.766
0.654
0.711
0.847
0.863
0.927
0.878
0.758
0.750
0.752
0.794
0.703
0.641
0.961
0.969
0.846
0.794
0.686
0.670
0.655
0.706
0.824
0.940
0.967
0.908
0.738
0.761
0.820
0.986
0.909
0.980
0.952
0.980
0.920
0.839
0.691
0.583
0.771
0.724
0.681
0.825
0.855
0.858
0.835
0.754
0.659
0.706
0.967
0.854
0.509
0.405
0.636
0.889
0.516
0.482
0.513
0.541
0.543
0.697
0.694
0.519
0.537
0.724
0.709
0.685
0.760
0.760
0.737
0.580
0.435
0.472
0.817
0.553
0.468
0.834
0.835
0.709
0.654
0.558
0.672
0.583
0.652
0.579
0.390
0.233
0.362
0.683
0.709
0.761
0.715
0.611
0.645
0.639
0.670
0.512
0.770
0.495
0.345
0.498
0.758
0.594
0.562
0.429
0.397
0.276
0.271
0.523
0.639
0.872
0.763
0.591
0.487
0.496
0.540
0.465
0.370
0.189
0.400
0.719
0.758
0.808
0.775
0.807
0.700
0.666
0.512
0.435
0.441
0.545
0.405
0.456
0.351
0.297
0.362
0.383
0.564
0.576
0.255
0.276
0.246
0.490
0.600
0.654
0.741
0.870
0.603
0.381
0.295
0.421
0.454
0.308
0.218
0.300
0.472
0.514
0.560
0.428
0.365
0.386
0.498
0.654
0.895
0.862
0.706
0.609
0.571
0.643
0.720
0.743
0.618
0.451
0.510
0.439
0.367
0.507
0.503
0.564
0.447
0.415
0.317
0.563
0.437
0.499
0.506
0.458
0.347
0.544
0.769
0.496
0.272
0.498
0.556
0.440
0.613
0.593
0.476
0.404
0.374
0.711
0.687
0.543
0.444
0.443
0.401
0.947
0.749
0.718
0.669
0.775
0.776
0.951
0.834
0.815
0.670
0.616
0.577
0.517
0.519
0.783
0.784
0.739
0.736
0.563
0.531
0.630
0.525
0.460
0.459
0.926
0.749
0.882
0.932
0.882
0.927
0.767
0.765
0.693
0.710
0.702
0.539
0.822
0.699
0.607
0.661
0.963
0.965
0.854
0.722
0.594
0.659
0.577
0.630
0.584
0.779
0.749
0.753
0.894
0.810
0.663
0.587
0.558
0.599
0.610
0.586
0.528
0.787
0.680
0.600
0.555
0.617
0.809
0.460
0.445
0.483
0.402
0.498
0.499
0.528
0.851
0.556
0.668
0.501
0.486
0.478
0.358
0.560
0.813
0.725
0.655
0.628
0.546
0.642
0.720
0.716
0.702
0.802
0.725
0.645
0.699
0.682
0.679
0.775
0.788
0.774
0.607
0.483
0.507
0.775
0.920
0.873
0.912
0.707
0.608
0.583
0.820
0.815
0.738
0.697
0.547
0.559
0.510
0.408
0.722
0.766
0.694
0.798
0.837
0.732
0.625
0.552
0.586
0.603
0.899
0.798
0.572
0.733
0.812
0.661
0.648
0.635
0.704
0.663
0.800
0.808
0.952
0.839
0.887
0.990
0.879
0.748
0.707
0.685
0.569
0.860
0.730
0.747
0.669
0.954
0.865
0.792
0.784
0.768
0.733
0.831
0.848
0.990
0.879
0.829
0.805
0.867
0.894
0.769
0.739
0.760
0.842
0.772
0.694
0.643
0.655
0.507
0.774
0.882
0.755
0.768
0.736
0.606
0.811
0.697
0.694
0.870
0.897
0.826
0.679
0.519
0.534
0.770
0.797
0.604
0.532
0.466
0.613
0.543
0.623
0.567
0.555
0.847
0.740
0.648
0.524
0.678
0.833
0.834
0.771
0.564
0.689
0.845
0.559
0.750
0.819
0.778
0.848
0.833
0.853
0.796
0.733
0.921
0.897
0.825
0.732
0.734
0.718
0.841
0.667
0.357
0.707
0.690
0.746
0.585
0.556
0.647
0.840
0.835
0.919
0.728
0.675
0.726
0.566
0.755
0.655
0.614
0.746
0.901
0.779
0.569
0.680
0.587
0.670
0.569
0.626
0.712
0.550
0.460
0.455
0.471
0.507
0.440
0.353
0.402
0.497
0.362
0.410
0.386
0.522
0.661
0.601
0.636
0.607
0.457
0.476
0.387
0.374
0.419
0.677
0.443
0.386
0.454
0.500
0.646
0.460
0.462
0.437
0.676
0.568
0.405
0.238
0.371
0.504
0.867
0.871
0.650
0.562
0.519
0.550
0.629
0.553
0.516
0.541
0.520
0.733
0.750
0.651
0.638
0.735
0.692
0.646
0.610
0.505
0.437
0.472
0.508
0.429
0.311
0.756
0.767
0.631
0.528
0.471
0.405
0.549
0.426
0.435
0.488
0.866
0.733
0.618
0.637
0.557
0.419
0.365
0.291
0.240
0.380
0.667
0.813
0.704
0.575
0.544
0.421
0.379
0.276
0.398
0.921
0.697
0.756
0.702
0.653
0.913
0.956
0.921
0.694
0.695
0.640
0.511
0.453
0.643
0.657
0.765
0.705
0.667
0.808
0.687
0.688
0.692
0.825
0.746
0.894
0.877
0.855
0.576
0.583
0.495
0.676
0.405
0.537
0.453
0.430
0.396
0.368
0.440
0.897
0.935
0.954
0.765
0.800
0.819
0.770
0.685
0.562
0.739
0.859
0.755
0.698
0.586
0.728
0.700
0.617
0.774
0.683
0.794
0.812
0.609
0.527
0.721
0.949
0.902
0.760
0.644
0.678
0.835
0.925
0.781
0.843
0.845
0.854
0.633
0.522
0.449
0.337
0.335
0.386
0.437
0.851
0.747
0.968
0.810
0.748
0.939
0.878
0.821
0.723
0.793
0.865
0.882
0.936
0.721
0.719
0.753
0.639
0.681
0.639
0.638
0.671
0.586
0.571
0.541
0.674
0.756
0.695
0.860
0.884
0.760
0.682
0.693
0.821
0.661
0.623
0.623
0.635
0.591
0.509
0.527
0.568
0.766
0.660
0.778
0.678
0.692
0.642
0.688
0.865
0.870
0.954
0.842
0.780
0.758
0.706
0.667
0.752
0.896
0.940
0.869
0.837
0.736
0.876
0.964
0.813
0.791
0.679
0.658
0.782
0.863
0.945
0.775
0.784
0.898
0.838
0.827
0.936
0.826
0.790
0.937
0.966
0.985
0.918
0.854
0.833
0.943
0.886
0.795
0.740
0.793
0.792
0.760
0.790
0.968
0.773
0.774
0.788
0.720
0.602
0.565
0.810
0.786
0.753
0.800
0.806
0.841
0.838
0.801
0.922
0.878
0.837
0.814
0.812
0.806
0.817
0.891
0.906
0.932
0.832
0.728
0.587
0.723
0.773
0.762
0.657
0.523
0.744
0.662
0.819
0.751
0.789
0.780
0.746
0.711
0.606
0.471
0.639
0.843
0.737
0.851
0.878
0.775
0.807
0.764
0.751
0.701
0.511
0.526
0.468
0.638
0.771
0.763
0.628
0.545
0.696
0.807
0.951
0.798
0.625
0.394
0.592
0.806
0.748
0.706
0.596
0.663
0.740
0.802
0.832
0.755
0.661
0.700
0.465
0.298
0.482
0.620
0.463
0.340
0.364
0.708
0.601
0.352
0.236
0.527
0.620
0.721
0.633
0.642
0.428
0.386
0.346
0.437
0.455
0.600
0.603
0.306
0.173
0.294
0.550
0.635
0.785
0.726
0.632
0.596
0.527
0.545
0.637
0.663
0.509
0.698
0.506
0.577
0.435
0.482
0.602
0.343
0.758
0.496
0.612
0.579
0.421
0.416
0.562
0.299
0.197
0.219
0.279
0.286
0.493
0.688
0.673
0.641
0.403
0.300
0.468
0.465
0.484
0.420
0.379
0.338
0.303
0.291
0.255
0.230
0.451
0.611
0.605
0.496
0.463
0.472
0.321
0.252
0.318
0.269
0.185
0.374
0.370
0.319
0.327
0.390
0.413
0.600
0.664
0.555
0.600
0.936
0.561
0.593
0.400
0.415
0.432
0.427
0.509
0.791
0.573
0.474
0.540
0.575
0.459
0.511
0.593
0.596
0.717
0.621
0.742
0.680
0.651
0.651
0.898
0.697
0.773
0.936
0.749
0.874
0.692
0.700
0.941
0.959
0.791
0.584
0.640
0.670
0.638
0.555
0.480
0.423
0.401
0.384
0.431
0.428
0.850
0.956
0.748
0.623
0.556
0.527
0.718
0.689
0.575
0.787
0.958
0.942
0.791
0.694
0.630
0.631
0.956
0.820
0.864
0.890
0.966
0.833
0.732
0.755
0.782
0.844
0.757
0.727
0.812
0.691
0.747
0.826
0.853
0.917
0.710
0.748
0.685
0.791
0.934
0.744
0.671
0.787
0.666
0.646
0.596
0.518
0.665
0.783
0.700
0.779
0.747
0.763
0.646
0.636
0.833
0.932
0.754
0.667
0.587
0.835
0.861
0.737
0.604
0.620
0.695
0.662
0.640
0.713
0.839
0.793
0.812
0.966
0.892
0.881
0.836
0.796
0.910
0.850
0.898
0.753
0.596
0.609
0.633
0.664
0.748
0.950
0.781
0.776
0.775
0.818
0.864
0.861
0.895
0.682
0.708
0.773
0.717
0.753
0.785
0.739
0.710
0.606
0.675
0.841
0.842
0.870
0.664
0.859
0.785
0.859
0.943
0.869
0.972
0.931
0.781
0.820
0.894
0.931
0.770
0.921
0.859
0.739
0.741
0.724
0.706
0.765
0.956
0.983
0.883
0.880
0.919
0.980
0.953
0.811
0.793
0.809
0.797
0.853
0.833
0.794
0.892
0.735
0.738
0.858
0.746
0.852
0.930
0.802
0.588
0.704
0.756
0.672
0.682
0.606
0.859
0.989
0.911
0.769
0.880
0.874
0.753
0.778
0.777
0.788
0.642
0.550
0.765
0.853
0.698
0.787
0.955
0.965
0.777
0.811
0.766
0.689
0.854
0.798
0.785
0.803
0.959
0.860
0.819
0.793
0.713
0.655
0.906
0.737
0.762
0.730
0.613
0.695
0.989
0.942
0.804
0.723
0.680
0.565
0.467
0.507
0.542
0.631
0.671
0.745
0.731
0.819
0.772
0.750
0.670
0.758
0.761
0.679
0.620
0.828
0.731
0.601
0.770
0.613
0.629
0.714
0.756
0.660
0.651
0.622
0.511
0.624
0.649
0.686
0.646
0.523
0.400
0.363
0.706
0.803
0.936
0.758
0.619
0.660
0.577
0.648
0.623
0.610
0.513
0.431
0.433
0.434
0.513
0.382
0.430
0.421
0.316
0.305
0.372
0.706
0.762
0.478
0.418
0.556
0.920
0.878
0.629
0.626
0.583
0.368
0.339
0.553
0.652
0.504
0.486
0.358
0.233
0.438
0.548
0.667
0.860
0.773
0.630
0.564
0.541
0.413
0.584
0.776
0.614
0.374
0.278
0.488
0.604
0.508
0.424
0.450
0.313
0.180
0.337
0.510
0.471
0.360
0.270
0.418
0.648
0.750
0.727
0.685
0.724
0.724
0.741
0.632
0.560
0.512
0.521
0.670
0.742
0.628
0.516
0.517
0.311
0.355
0.472
0.397
0.304
0.525
0.591
0.576
0.464
0.886
0.796
0.788
0.557
0.749
0.875
0.784
0.727
0.788
0.927
0.652
0.594
0.599
0.565
0.483
0.792
0.797
0.864
0.743
0.585
0.541
0.681
0.661
0.843
0.935
0.708
0.818
0.567
0.451
0.476
0.579
0.640
0.436
0.614
0.457
0.837
0.744
0.520
0.374
0.660
0.568
0.449
0.387
0.400
0.586
0.695
0.621
0.512
0.828
0.624
0.571
0.542
0.610
0.521
0.408
0.433
0.521
0.859
0.714
0.645
0.806
0.644
0.652
0.767
0.740
0.539
0.471
0.506
0.537
0.729
0.642
0.571
0.765
0.605
0.496
0.384
0.388
0.357
0.393
0.746
0.631
0.792
0.775
0.697
0.716
0.567
0.637
0.520
0.685
0.890
0.900
0.722
0.586
0.719
0.712
0.543
0.520
0.762
0.592
0.654
0.698
0.667
0.827
0.744
0.739
0.887
0.801
0.674
0.841
0.921
0.928
0.957
0.919
0.884
0.895
0.843
0.785
0.800
0.698
0.594
0.504
0.505
0.618
0.608
0.800
0.830
0.680
0.818
0.660
0.663
0.641
0.692
0.752
0.887
0.830
0.815
0.942
0.910
0.940
0.926
0.778
0.821
0.946
0.826
0.811
0.698
0.624
0.569
0.581
0.742
0.783
0.771
0.918
0.867
0.862
0.905
0.967
0.924
0.883
0.779
0.707
0.725
0.723
0.786
0.763
0.728
0.672
0.647
0.875
0.946
0.845
0.758
0.857
0.908
0.987
0.966
0.950
0.932
0.907
0.812
0.804
0.783
0.721
0.659
0.755
0.951
0.751
0.676
0.614
0.877
0.882
0.870
0.798
0.722
0.719
0.738
0.709
0.754
0.738
0.756
0.856
0.826
0.670
0.520
0.600
0.577
0.826
0.732
0.701
0.583
0.736
0.771
0.598
0.667
0.817
0.992
0.960
0.948
0.895
0.771
0.693
0.640
0.521
0.513
0.549
0.440
0.411
0.422
0.420
0.516
0.436
0.677
0.701
0.700
0.785
0.978
0.928
0.708
0.707
0.685
0.752
0.683
0.693
0.651
0.834
0.779
0.881
0.815
0.825
0.710
0.646
0.639
0.433
0.557
0.561
0.522
0.647
0.689
0.748
0.818
0.782
0.763
0.766
0.771
0.691
0.539
0.350
0.429
0.472
0.559
0.792
0.831
0.596
0.466
0.600
0.664
0.608
0.634
0.802
0.722
0.511
0.446
0.615
0.412
0.392
0.324
0.720
0.643
0.650
0.648
0.687
0.633
0.789
0.612
0.640
0.696
0.791
0.752
0.711
0.583
0.626
0.709
0.786
0.455
0.671
0.430
0.446
0.757
0.678
0.402
0.277
0.391
0.421
0.382
0.371
0.144
0.533
0.658
0.584
0.539
0.672
0.786
0.538
0.443
0.458
0.326
0.257
0.285
0.294
0.270
0.223
0.211
0.196
0.363
0.464
0.632
0.562
0.394
0.360
0.442
0.548
0.521
0.880
0.667
0.618
0.531
0.432
0.368
0.296
0.426
0.516
0.525
0.518
0.474
0.515
0.550
0.477
0.357
0.448
0.633
0.736
0.527
0.707
0.491
0.814
0.672
0.530
0.431
0.347
0.412
0.368
0.380
0.574
0.854
0.921
0.928
0.937
0.941
0.729
0.647
0.509
0.480
0.821
0.634
0.683
0.853
0.680
0.649
0.583
0.885
0.731
0.675
0.678
0.647
0.745
0.772
0.750
0.554
0.534
0.554
0.716
0.624
0.700
0.561
0.508
0.498
0.754
0.636
0.536
0.543
0.464
0.396
0.373
0.373
0.351
0.462
0.521
0.452
0.360
0.511
0.867
0.681
0.776
0.734
0.618
0.530
0.558
0.569
0.461
0.427
0.498
0.716
0.585
0.798
0.808
0.593
0.483
0.454
0.436
0.482
0.439
0.458
0.682
0.916
0.881
0.761
0.559
0.462
0.531
0.706
0.807
0.630
0.739
0.757
0.774
0.699
0.629
0.564
0.530
0.527
0.725
0.641
0.590
0.528
0.717
0.668
0.733
0.863
0.638
0.547
0.768
0.615
0.568
0.552
0.530
0.610
0.584
0.492
0.672
0.601
0.657
0.595
0.558
0.571
0.680
0.789
0.625
0.835
0.679
0.831
0.851
0.785
0.797
0.731
0.542
0.498
0.652
0.583
0.438
0.454
0.558
0.497
0.514
0.598
0.955
0.876
0.726
0.679
0.654
0.613
0.583
0.571
0.705
0.835
0.768
0.848
0.739
0.695
0.696
0.969
0.868
0.779
0.744
0.677
0.672
0.598
0.583
0.638
0.645
0.839
0.726
0.751
0.692
0.686
0.878
0.897
0.863
0.770
0.695
0.621
0.584
0.657
0.717
0.782
0.798
0.657
0.605
0.744
0.741
0.849
0.772
0.695
0.633
0.603
0.690
0.634
0.619
0.614
0.583
0.572
0.610
0.845
0.978
0.848
0.723
0.717
0.977
0.956
0.863
0.740
0.824
0.854
0.778
0.835
0.769
0.525
0.556
0.830
0.750
0.833
0.743
0.653
0.467
0.432
0.805
0.743
0.972
0.846
0.698
0.576
0.783
0.839
0.709
0.534
0.436
0.451
0.563
0.703
0.986
0.977
0.981
0.979
0.830
0.398
0.563
0.735
0.554
0.520
0.618
0.651
0.750
0.706
0.730
0.655
0.752
0.592
0.441
0.422
0.534
0.669
0.514
0.483
0.453
0.517
0.837
0.820
0.710
0.700
0.613
0.647
0.580
0.331
0.340
0.470
0.418
0.592
0.637
0.486
0.447
0.417
0.397
0.664
0.629
0.413
0.401
0.241
0.390
0.470
0.605
0.549
0.516
0.732
0.760
0.829
0.687
0.728
0.857
0.607
0.306
0.316
0.473
0.459
0.539
0.553
0.593
0.513
0.518
0.391
0.337
0.406
0.704
0.623
0.543
0.462
0.273
0.247
0.210
0.245
0.274
0.095
0.380
0.578
0.556
0.511
0.682
0.573
0.433
0.442
0.381
0.361
0.302
0.300
0.178
0.165
0.229
0.353
0.564
0.656
0.790
0.826
0.526
0.263
0.332
0.630
0.489
0.548
0.509
0.393
0.274
0.288
0.387
0.585
0.829
0.571
0.602
0.555
0.412
0.403
0.506
0.429
0.352
0.266
0.482
0.698
0.665
0.617
0.464
0.434
0.332
0.314
0.164
0.409
0.513
0.541
0.537
0.366
0.497
0.440
0.307
0.297
0.714
0.678
0.578
0.686
0.580
0.565
0.492
0.605
0.472
0.698
0.534
0.396
0.463
0.430
0.338
0.214
0.196
0.226
0.277
0.507
0.567
0.732
0.659
0.646
0.669
0.594
0.778
0.744
0.747
0.680
0.821
0.939
0.688
0.651
0.654
0.725
0.659
0.685
0.697
0.640
0.558
0.490
0.943
0.798
0.842
0.687
0.743
0.667
0.711
0.865
0.795
0.557
0.613
0.683
0.696
0.809
0.882
0.784
0.613
0.566
0.644
0.782
0.817
0.876
0.760
0.715
0.819
0.694
0.695
0.769
0.803
0.888
0.758
0.777
0.738
0.910
0.806
0.808
0.875
0.964
0.820
0.880
0.803
0.882
0.894
0.878
0.927
0.843
0.750
0.840
0.417
0.435
0.411
0.517
0.597
0.757
0.740
0.570
0.550
0.513
0.541
0.540
0.531
0.479
0.521
0.403
0.459
0.544
0.763
0.865
0.777
0.666
0.935
0.857
0.780
0.642
0.594
0.622
0.845
0.764
0.608
0.470
0.772
0.931
0.926
0.755
0.740
0.791
0.920
0.868
0.851
0.971
0.958
0.956
0.901
0.766
0.714
0.721
0.842
0.957
0.905
0.823
0.800
0.737
0.702
0.746
0.884
0.895
0.921
0.887
0.757
0.815
0.906
0.778
0.923
0.945
0.967
0.848
0.982
0.778
0.731
0.767
0.794
0.825
0.845
0.893
0.764
0.656
0.634
0.869
0.980
0.819
0.915
0.785
0.817
0.872
0.859
0.830
0.789
0.781
0.893
0.976
0.796
0.771
0.669
0.656
0.698
0.806
0.869
0.976
0.978
0.905
0.897
0.781
0.777
0.834
0.887
0.811
0.808
0.816
0.654
0.732
0.755
0.746
0.838
0.795
0.826
0.776
0.795
0.778
0.721
0.570
0.728
0.988
0.857
0.538
0.648
0.787
0.879
0.828
0.818
0.788
0.662
0.820
0.963
0.943
0.880
0.763
0.890
0.846
0.786
0.807
0.804
0.665
0.526
0.610
0.817
0.977
0.948
0.807
0.784
0.788
0.511
0.621
0.711
0.888
0.614
0.778
0.847
0.796
0.683
0.512
0.611
0.719
0.755
0.636
0.670
0.660
0.336
0.403
0.498
0.721
0.669
0.573
0.685
0.583
0.794
0.670
0.790
0.536
0.701
0.447
0.503
0.680
0.870
0.753
0.601
0.429
0.455
0.550
0.636
0.514
0.490
0.658
0.594
0.522
0.429
0.703
0.642
0.619
0.726
0.728
0.840
0.882
0.703
0.560
0.599
0.739
0.853
0.799
0.715
0.488
0.736
0.763
0.661
0.486
0.440
0.316
0.576
0.673
0.549
0.442
0.404
0.864
0.780
0.741
0.492
0.360
0.451
0.720
0.671
0.801
0.794
0.724
0.473
0.334
0.362
0.334
0.361
0.404
0.470
0.599
0.728
0.635
0.601
0.548
0.625
0.795
0.640
0.499
0.406
0.359
0.692
0.954
0.915
0.921
0.938
0.770
0.898
0.762
0.807
0.825
0.667
0.554
0.473
0.465
0.517
0.610
0.606
0.652
0.673
0.863
0.703
0.496
0.660
0.854
0.933
0.757
0.544
0.547
0.552
0.709
0.974
0.866
0.907
0.884
0.729
0.623
0.643
0.374
0.473
0.399
0.399
0.325
0.319
0.562
0.616
0.464
0.317
0.398
0.516
0.473
0.466
0.472
0.434
0.385
0.541
0.599
0.620
0.668
0.666
0.760
0.638
0.713
0.941
0.597
0.586
0.535
0.696
0.970
0.901
0.842
0.724
0.582
0.787
0.844
0.891
0.718
0.672
0.822
0.671
0.726
0.725
0.625
0.357
0.355
0.365
0.364
0.354
0.378
0.501
0.876
0.592
0.656
0.631
0.933
0.684
0.720
0.813
0.867
0.680
0.583
0.643
0.842
0.826
0.784
0.780
0.856
0.869
0.818
0.868
0.939
0.939
0.846
0.733
0.656
0.748
0.753
0.475
0.804
0.804
0.633
0.832
0.917
0.868
0.893
0.842
0.814
0.837
0.888
0.917
0.919
0.893
0.862
0.931
0.835
0.816
0.885
0.861
0.911
0.897
0.932
0.949
0.951
0.920
0.696
0.656
0.818
0.831
0.845
0.834
0.866
0.932
0.903
0.893
0.890
0.833
0.948
0.913
0.908
0.915
0.929
0.856
0.806
0.832
0.919
0.948
0.904
0.904
0.854
0.774
0.682
0.718
0.696
0.923
0.765
0.809
0.933
0.716
0.942
0.919
0.747
0.670
0.600
0.859
0.928
0.699
0.651
0.831
0.901
0.781
0.721
0.672
0.890
0.909
0.761
0.709
0.538
0.852
0.709
0.851
0.849
0.901
0.679
0.355
0.309
0.439
0.774
0.778
0.557
0.833
0.706
0.455
0.492
0.292
0.482
0.642
0.507
0.714
0.652
0.528
0.467
0.634
0.539
0.682
0.601
0.345
0.300
0.416
0.358
0.511
0.543
0.268
0.447
0.658
0.520
0.466
0.649
0.563
0.550
0.301
0.198
0.317
0.289
0.340
0.763
0.420
0.435
0.580
0.524
0.347
0.361
0.303
0.408
0.283
0.176
0.359
0.600
0.186
0.248
0.230
0.215
0.259
0.240
0.151
0.282
0.776
0.333
0.229
0.196
0.333
0.236
0.239
0.345
0.502
0.583
0.417
0.389
0.827
0.730
0.510
0.348
0.162
0.332
0.628
0.529
0.693
0.556
0.646
0.681
0.610
0.749
0.563
0.396
0.358
0.530
0.702
0.489
0.411
0.466
0.287
0.267
0.572
0.298
0.246
0.221
0.255
0.192
0.112
0.550
0.187
0.138
0.266
0.585
0.644
0.421
0.287
0.519
0.306
0.192
0.242
0.307
0.385
0.368
0.210
0.216
0.265
0.623
0.608
0.221
0.199
0.234
0.167
0.640
0.685
0.717
0.584
0.427
0.294
0.408
0.391
0.235
0.392
0.240
0.471
0.566
0.388
0.261
0.244
0.312
0.481
0.393
0.303
0.292
0.148
0.207
0.427
0.207
0.391
0.452
0.370
0.230
0.368
0.710
0.484
0.422
0.242
0.224
0.461
0.499
0.347
0.257
0.425
0.252
0.221
0.497
0.274
0.342
0.794
0.338
0.471
0.591
0.373
0.423
0.413
0.233
0.320
0.211
0.359
0.561
0.642
0.294
0.510
0.654
0.560
0.435
0.454
0.549
0.792
0.432
0.491
0.631
0.505
0.338
0.482
0.759
0.663
0.625
0.407
0.558
0.494
0.464
0.698
0.504
0.487
0.219
0.836
0.659
0.713
0.519
0.727
0.787
0.830
0.720
0.564
0.490
0.466
0.316
0.546
0.554
0.356
0.543
0.773
0.599
0.587
0.577
0.630
0.643
0.572
0.579
0.697
0.835
0.885
0.761
0.729
0.686
0.687
0.682
0.799
0.833
0.541
0.551
0.704
0.640
0.439
0.582
0.621
0.447
0.282
0.699
0.919
0.898
0.792
0.886
0.836
0.856
0.761
0.852
0.723
0.557
0.650
0.762
0.766
0.865
0.878
0.698
0.739
0.765
0.759
0.774
0.837
0.762
0.714
0.716
0.778
0.771
0.773
0.710
0.597
0.738
0.656
0.506
0.873
0.847
0.819
0.795
0.802
0.761
0.768
0.837
0.909
0.879
0.814
0.844
0.767
0.783
0.772
0.912
0.897
0.740
0.626
0.838
0.862
0.886
0.889
0.890
0.871
0.900
0.850
0.860
0.818
0.941
0.879
0.650
0.625
0.832
0.596
0.658
0.787
0.673
0.683
0.792
0.754
0.727
0.834
0.797
0.790
0.793
0.763
0.665
0.714
0.841
0.900
0.840
0.742
0.792
0.732
0.836
0.780
0.838
0.870
0.796
0.707
0.836
0.870
0.551
0.416
0.710
0.818
0.663
0.589
0.725
0.370
0.412
0.576
0.595
0.428
0.637
0.608
0.905
0.875
0.686
0.568
0.852
0.633
0.727
0.751
0.561
0.811
0.750
0.819
0.700
0.729
0.549
0.485
0.698
0.486
0.746
0.550
0.402
0.386
0.491
0.492
0.523
0.671
0.531
0.823
0.493
0.419
0.454
0.649
0.532
0.522
0.619
0.330
0.345
0.410
0.520
0.370
0.685
0.503
0.410
0.480
0.324
0.223
0.240
0.186
0.161
0.473
0.473
0.494
0.250
0.402
0.717
0.501
0.548
0.605
0.441
0.418
0.332
0.272
0.155
0.164
0.200
0.245
0.700
0.400
0.337
0.328
0.241
0.149
0.202
0.142
0.137
0.288
0.157
0.094
0.213
0.192
0.148
0.063
0.347
0.508
0.189
0.298
0.410
0.443
0.120
0.164
0.342
0.295
0.172
0.308
0.637
0.727
0.400
0.102
0.080
0.084
0.102
0.137
0.264
0.156
0.408
0.629
0.394
0.629
0.273
0.386
0.572
0.332
0.306
0.175
0.335
0.706
0.570
0.238
0.312
0.290
0.140
0.151
0.241
0.303
0.389
0.210
0.226
0.237
0.220
0.452
0.316
0.129
0.235
0.097
0.133
0.593
0.719
0.634
0.575
0.262
0.132
0.144
0.346
0.401
0.630
0.614
0.358
0.822
0.789
0.497
0.509
0.801
0.721
0.460
0.585
0.695
0.304
0.241
0.350
0.309
0.383
0.357
0.176
0.342
0.614
0.339
0.209
0.809
0.711
0.455
0.354
0.449
0.122
0.156
0.318
0.640
0.553
0.281
0.412
0.432
0.592
0.470
0.748
0.710
0.579
0.587
0.367
0.177
0.205
0.410
0.514
0.343
0.502
0.481
0.203
0.570
0.437
0.544
0.435
0.487
0.726
0.540
0.844
0.538
0.753
0.774
0.664
0.733
0.765
0.723
0.585
0.542
0.342
0.818
0.808
0.854
0.796
0.749
0.579
0.708
0.746
0.685
0.705
0.695
0.695
0.475
0.747
0.907
0.751
0.622
0.617
0.377
0.396
0.473
0.756
0.713
0.607
0.713
0.729
0.667
0.714
0.778
0.713
0.542
0.751
0.693
0.728
0.715
0.631
0.505
0.619
0.677
0.510
0.492
0.800
0.707
0.730
0.631
0.536
0.795
0.806
0.760
0.730
0.479
0.213
0.612
0.760
0.597
0.502
0.583
0.776
0.300
0.584
0.778
0.794
0.762
0.675
0.816
0.868
0.804
0.858
0.945
0.907
0.948
0.892
0.931
0.888
0.780
0.539
0.505
0.817
0.726
0.714
0.818
0.759
0.742
0.678
0.623
0.804
0.727
0.680
0.818
0.794
0.770
0.769
0.693
0.700
0.587
0.561
0.769
0.799
0.632
0.494
0.855
0.835
0.801
0.788
0.730
0.701
0.727
0.919
0.893
0.723
0.505
0.545
0.623
0.874
0.872
0.755
0.489
0.767
0.726
0.579
0.465
0.585
0.556
0.727
0.807
0.856
0.801
0.829
0.823
0.739
0.553
0.610
0.809
0.587
0.538
0.454
0.838
0.801
0.699
0.661
0.462
0.628
0.786
0.738
0.785
0.444
0.269
0.238
0.532
0.721
0.576
0.370
0.377
0.600
0.577
0.489
0.313
0.439
0.366
0.394
0.469
0.588
0.382
0.388
0.405
0.377
0.459
0.452
0.381
0.602
0.519
0.480
0.313
0.344
0.374
0.701
0.412
0.203
0.500
0.270
0.216
0.251
0.477
0.541
0.534
0.309
0.528
0.634
0.598
0.531
0.432
0.586
0.363
0.600
0.426
0.301
0.457
0.173
0.095
0.123
0.230
0.367
0.130
0.129
0.245
0.368
0.279
0.088
0.310
0.219
0.471
0.338
0.492
0.459
0.264
0.359
0.537
0.333
0.282
0.511
0.325
0.789
0.659
0.197
0.197
0.341
0.336
0.280
0.176
0.166
0.131
0.228
0.188
0.153
0.060
0.126
0.251
0.201
0.278
0.552
0.595
0.285
0.194
0.258
0.698
0.144
0.212
0.365
0.283
0.051
0.297
0.368
0.267
0.488
0.510
0.244
0.267
0.118
0.237
0.345
0.365
0.410
0.282
0.323
0.492
0.359
0.176
0.194
0.162
0.272
0.033
0.237
0.688
0.190
0.110
0.160
0.680
0.561
0.278
0.183
0.392
0.275
0.196
0.365
0.226
0.249
0.495
0.464
0.491
0.455
0.161
0.130
0.136
0.195
0.095
0.164
0.121
0.475
0.333
0.094
0.233
0.209
0.463
0.235
0.128
0.112
0.234
0.658
0.485
0.302
0.406
0.534
0.338
0.234
0.136
0.214
0.500
0.702
0.594
0.307
0.232
0.281
0.368
0.437
0.363
0.301
0.285
0.202
0.565
0.468
0.603
0.546
0.408
0.213
0.557
0.610
0.515
0.476
0.580
0.667
0.439
0.532
0.497
0.426
0.113
0.457
0.355
0.202
0.639
0.586
0.376
0.776
0.625
0.364
0.502
0.471
0.532
0.770
0.657
0.652
0.645
0.612
0.493
0.615
0.528
0.529
0.439
0.427
0.493
0.352
0.309
0.662
0.521
0.422
0.579
0.629
0.309
0.521
0.482
0.522
0.651
0.789
0.645
0.717
0.744
0.713
0.535
0.588
0.438
0.413
0.317
0.640
0.639
0.674
0.530
0.894
0.837
0.762
0.654
0.732
0.812
0.849
0.778
0.772
0.739
0.759
0.755
0.763
0.772
0.696
0.665
0.602
0.594
0.625
0.543
0.693
0.603
0.615
0.634
0.891
0.686
0.596
0.499
0.440
0.603
0.487
0.501
0.843
0.809
0.647
0.597
0.622
0.631
0.687
0.736
0.627
0.730
0.614
0.735
0.628
0.768
0.906
0.870
0.835
0.808
0.927
0.775
0.472
0.485
0.610
0.750
0.792
0.783
0.816
0.769
0.709
0.785
0.840
0.722
0.728
0.762
0.944
0.920
0.854
0.862
0.854
0.713
0.763
0.780
0.851
0.763
0.632
0.907
0.885
0.732
0.580
0.725
0.781
0.732
0.628
0.445
0.593
0.773
0.658
0.543
0.778
0.653
0.698
0.678
0.640
0.895
0.490
0.452
0.877
0.763
0.476
0.338
0.797
0.733
0.636
0.720
0.870
0.661
0.706
0.499
0.360
0.643
0.686
0.760
0.666
0.702
0.749
0.818
0.484
0.333
0.548
0.588
0.722
0.417
0.840
0.664
0.368
0.337
0.432
0.651
0.523
0.677
0.479
0.836
0.529
0.548
0.709
0.502
0.382
0.803
0.589
0.324
0.282
0.300
0.353
0.401
0.340
0.600
0.535
0.557
0.756
0.736
0.706
0.560
0.354
0.309
0.293
0.313
0.246
0.343
0.281
0.419
0.318
0.837
0.899
0.663
0.351
0.358
0.355
0.270
0.202
0.241
0.327
0.282
0.152
0.087
0.197
0.234
0.182
0.171
0.174
0.204
0.161
0.084
0.142
0.571
0.487
0.208
0.221
0.393
0.753
0.667
0.452
0.245
0.104
0.170
0.455
0.446
0.774
0.906
0.357
0.169
0.226
0.247
0.160
0.203
0.131
0.313
0.390
0.285
0.303
0.248
0.502
0.410
0.216
0.263
0.103
0.182
0.180
0.226
0.565
0.233
0.176
0.144
0.314
0.709
0.429
0.259
0.278
0.378
0.322
0.216
0.181
0.135
