19790101
18,26.2
20,35.2
22.2,32
20.6,36
21,33
17.2,33.2
17,28.4
21,32
17.8,34
18,25
18,32
16.4,25
17.2,22.2
16.8,30.6
17.6,32
17.4,28
21,35.6
17.2,38.4
18,25
18,24.6
18,24
20.2,33
15.4,25.2
13,28
13,31
18.4,30.2
18.4,30.8
19,32.8
19.2,32
19,34
20,34.4
20.2,32.2
20.4,33
20,35
20.4,34
20.2,36
16.8,33.2
16.8,20.2
17,22.4
15.4,20
17.6,25
20,30.8
18,28.4
19.4,31
20,31
16,28
15.8,20.2
17,24
17.4,28
17.2,31.2
17.8,30
20.6,31.4
17.6,31
18,27.2
18.6,30
19.2,31
18,29.4
17.8,22
18,27.6
18.4,31
18.4,31.2
18.2,31
18,26.8
20,29
19,28.2
20,33
18,29.4
18,24
17,26.6
18,28
18.4,30
20.2,31.2
16.6,32.2
20,31
19,28
19,30
19,32
16,24
16,22.6
16.6,25.2
17.4,26.6
18,28
15.4,24
14,18.4
14.2,18.8
15,21.4
15.4,22.6
16,21
16,24.4
17,25.4
17.2,29
14.4,21.2
13.6,21.4
12,24
14.4,26.8
16.4,24
16.4,22.8
16.2,21.6
17,22
17.2,24
18,26
17.6,27
18,30
18.4,24
19,25.2
18.4,29
14,22
11,21
16.2,23
16.2,25
15.6,22.8
17.6,28
18,28.6
18,24.6
17,28
14.4,26
15.4,27
16.2,29
15,20
14.4,23
13.6,24
14,23
14.4,22
14.2,23.2
12.2,24
9.6,23.4
13.6,22.2
14,24
14,25
13,28
5.4,15
5.2,12
7.8,21
6,21
9,23
11,18.8
10,18
5.6,15
7.2,20
8.6,20.2
7,23
7.4,23.2
10,24.4
13.6,23.4
14,22.4
14.4,24
10,23
9.2,21.2
1.8,16
2,20.2
1,20
3.6,23.2
4.4,22.4
6,22.6
7.2,26
8,18
2,20.6
4.4,22.2
2.6,24
4.4,24
5,23.8
10,25.6
8,20
8.2,18.4
6.6,19
7,20.4
1.8,21
7.2,22.6
4.4,21.2
4,22
3.4,22.4
8,23.8
3.8,11.2
3.4,7.4
3.2,7
1.8,7.2
4,9
-1,10.2
2,17.2
2,16.8
-1,17
-1.2,19
4.2,18
4.6,12
-1.6,10.4
-4.4,13.8
-4.6,14.4
-3.6,16
-3,17.6
-2.6,20.4
-1,20.6
0,19
1.6,21.6
4,23.4
4,24
4.2,25.2
3,25.4
8.8,23
4,19
7.2,22
9.4,20.2
3.2,21.4
-1,20.6
6.2,20.2
4.4,17
-3,16
-3.2,15.6
-2.6,20.4
0.4,24.2
0,23.4
4.8,26.4
4,25.6
4.4,24.6
5,19.6
5.2,13.2
-4.6,15.2
-3.2,16
-3,18.4
-1.6,20.6
-2.8,20.8
0,22.6
4,22.8
1,22
0,22.2
3.2,24
4.6,26
7,23.6
5.6,14.2
-1.6,13.8
3.2,16.8
-1.6,17.4
-2.8,18.2
-1.6,20.6
-1,24
1.8,27
3.6,30.6
5,30.6
8,33
9,21.4
8,24
3.8,28
3.8,20
1.6,19
-2,22
-2,24.2
0.6,25.6
5,25.6
6.4,29.6
9,30
10,30
11.2,34
12,23.4
13.6,18.6
14,27.8
13.2,17.6
13.2,22.2
9,23
2.8,20
3.2,24
4.4,26
7.6,28.2
8,33
9,24
6,19.8
4,24.6
5,26.2
6,29.4
8,30
14,31
11.6,21
11.2,18
8.6,18.4
8.6,27
9,28.4
10,32.2
13,33
14,31.4
12.6,28.6
12.6,20.4
14,33.6
10.6,22.6
9,30
8,17.6
7,25
10,28
10.4,28.2
10,23.6
13,26
11.6,20.4
13,25.2
14.4,28.8
16,32
16.2,33.2
9.2,32.2
8,19
7,24
13,27.6
10.4,25.2
12,31
13,32.2
14,32.2
14.6,34
14,30
14.2,32.4
18.4,37.4
18,38
14,34
17.4,34.2
19,33
19,36.4
15,33.2
14.6,18
14.6,22
14.6,27.4
10.6,31.8
9.6,14.8
14,22.2
16,24.8
16.2,28
16.4,31.4
16.6,22.2
18,26.6
17.6,30
15.4,35
15,22
13,30
11.2,15.4
14,23.2
18,29
18.6,24.4
19,33
19.2,34.2
17,37.2
17.8,23
18,27.4
19.6,32
20,29.6
20,33
20,31
18,34.6
18.4,35
18.6,30.8
19,32.2
17.2,35.6
17.2,22.2
18,26
18.2,26.6
19,24
20,27
18.4,26.6
18,24
20,30.6
18,37.6
19,23.2
18.6,28
19,24.2
20,26
20.6,29
21,32
19,33
21.2,36
19.4,37
18,24
20.6,26
21.8,36
18,26.2
20,35.2
22.2,32
20.6,36
21,33
17.2,33.2
17,28.4
21,32
17.8,34
18,25
18,32
16.4,25
17.2,22.2
16.8,30.6
17.6,32
17.4,28
21,35.6
17.2,38.4
18,25
18,24.6
18,24
20.2,33
15.4,25.2
13,28
13,31
18.4,30.2
18.4,30.8
19,32.8
19.2,32
19,34
20,34.4
20.2,32.2
20.4,33
20,35
20.4,34
20.2,36
16.8,33.2
16.8,20.2
17,22.4
15.4,20
17.6,25
20,30.8
18,28.4
19.4,31
20,31
16,28
15.8,20.2
17,24
17.4,28
17.2,31.2
17.8,30
20.6,31.4
17.6,31
18,27.2
18.6,30
19.2,31
18,29.4
17.8,22
18,27.6
18.4,31
18.4,31.2
18.2,31
18,26.8
20,29
19,28.2
20,33
18,29.4
18,24
17,26.6
18,28
18.4,30
20.2,31.2
16.6,32.2
20,31
19,28
19,30
19,32
16,24
16,22.6
16.6,25.2
17.4,26.6
18,28
15.4,24
14,18.4
14.2,18.8
15,21.4
15.4,22.6
16,21
16,24.4
17,25.4
17.2,29
14.4,21.2
13.6,21.4
12,24
14.4,26.8
16.4,24
16.4,22.8
16.2,21.6
17,22
17.2,24
18,26
17.6,27
18,30
18.4,24
19,25.2
18.4,29
14,22
11,21
16.2,23
16.2,25
15.6,22.8
17.6,28
18,28.6
18,24.6
17,28
14.4,26
15.4,27
16.2,29
15,20
14.4,23
13.6,24
14,23
14.4,22
14.2,23.2
12.2,24
9.6,23.4
13.6,22.2
14,24
14,25
13,28
5.4,15
5.2,12
7.8,21
6,21
9,23
11,18.8
10,18
5.6,15
7.2,20
8.6,20.2
7,23
7.4,23.2
10,24.4
13.6,23.4
14,22.4
14.4,24
10,23
9.2,21.2
1.8,16
2,20.2
1,20
3.6,23.2
4.4,22.4
6,22.6
7.2,26
8,18
2,20.6
4.4,22.2
2.6,24
4.4,24
5,23.8
10,25.6
8,20
8.2,18.4
6.6,19
7,20.4
1.8,21
7.2,22.6
4.4,21.2
4,22
3.4,22.4
8,23.8
3.8,11.2
3.4,7.4
3.2,7
1.8,7.2
4,9
-1,10.2
2,17.2
2,16.8
-1,17
-1.2,19
4.2,18
4.6,12
-1.6,10.4
-4.4,13.8
-4.6,14.4
-3.6,16
-3,17.6
-2.6,20.4
-1,20.6
0,19
1.6,21.6
4,23.4
4,24
4.2,25.2
3,25.4
8.8,23
4,19
7.2,22
9.4,20.2
3.2,21.4
-1,20.6
6.2,20.2
4.4,17
-3,16
-3.2,15.6
-2.6,20.4
0.4,24.2
0,23.4
4.8,26.4
4,25.6
4.4,24.6
5,19.6
5.2,13.2
-4.6,15.2
-3.2,16
-3,18.4
-1.6,20.6
-2.8,20.8
0,22.6
4,22.8
1,22
0,22.2
3.2,24
4.6,26
7,23.6
5.6,14.2
-1.6,13.8
3.2,16.8
-1.6,17.4
-2.8,18.2
-1.6,20.6
-1,24
1.8,27
3.6,30.6
5,30.6
8,33
9,21.4
8,24
3.8,28
3.8,20
1.6,19
-2,22
-2,24.2
0.6,25.6
5,25.6
6.4,29.6
9,30
10,30
11.2,34
12,23.4
13.6,18.6
14,27.8
13.2,17.6
13.2,22.2
9,23
2.8,20
3.2,24
4.4,26
7.6,28.2
8,33
9,24
6,19.8
4,24.6
5,26.2
6,29.4
8,30
14,31
11.6,21
11.2,18
8.6,18.4
8.6,27
9,28.4
10,32.2
13,33
14,31.4
12.6,28.6
12.6,20.4
14,33.6
10.6,22.6
9,30
8,17.6
7,25
10,28
10.4,28.2
10,23.6
13,26
11.6,20.4
13,25.2
14.4,28.8
16,32
16.2,33.2
9.2,32.2
8,19
7,24
13,27.6
10.4,25.2
12,31
13,32.2
14,32.2
14.6,34
14,30
14.2,32.4
18.4,37.4
18,38
14,34
17.4,34.2
19,33
19,36.4
15,33.2
14.6,18
14.6,22
14.6,27.4
10.6,31.8
9.6,14.8
14,22.2
16,24.8
16.2,28
16.4,31.4
16.6,22.2
18,26.6
17.6,30
15.4,35
15,22
13,30
11.2,15.4
14,23.2
18,29
18.6,24.4
19,33
19.2,34.2
17,37.2
17.8,23
18,27.4
19.6,32
20,29.6
20,33
20,31
18,34.6
18.4,35
18.6,30.8
19,32.2
17.2,35.6
17.2,22.2
18,26
18.2,26.6
19,24
20,27
18.4,26.6
18,24
20,30.6
18,37.6
19,23.2
18.6,28
19,24.2
20,26
20.6,29
21,32
19,33
21.2,36
19.4,37
18,24
20.6,26
21.8,36
18,26.2
20,35.2
22.2,32
20.6,36
21,33
17.2,33.2
17,28.4
21,32
17.8,34
18,25
18,32
16.4,25
17.2,22.2
16.8,30.6
17.6,32
17.4,28
21,35.6
17.2,38.4
18,25
18,24.6
18,24
20.2,33
15.4,25.2
13,28
13,31
18.4,30.2
18.4,30.8
19,32.8
19.2,32
19,34
20,34.4
20.2,32.2
20.4,33
20,35
20.4,34
20.2,36
16.8,33.2
16.8,20.2
17,22.4
15.4,20
17.6,25
20,30.8
18,28.4
19.4,31
20,31
16,28
15.8,20.2
17,24
17.4,28
17.2,31.2
17.8,30
20.6,31.4
17.6,31
18,27.2
18.6,30
19.2,31
18,29.4
17.8,22
18,27.6
18.4,31
18.4,31.2
18.2,31
18,26.8
20,29
19,28.2
20,33
18,29.4
18,24
17,26.6
18,28
18.4,30
20.2,31.2
16.6,32.2
20,31
19,28
19,30
19,32
16,24
16,22.6
16.6,25.2
17.4,26.6
18,28
15.4,24
14,18.4
14.2,18.8
15,21.4
15.4,22.6
16,21
16,24.4
17,25.4
17.2,29
14.4,21.2
13.6,21.4
12,24
14.4,26.8
16.4,24
16.4,22.8
16.2,21.6
17,22
17.2,24
18,26
17.6,27
18,30
18.4,24
19,25.2
18.4,29
14,22
11,21
16.2,23
16.2,25
15.6,22.8
17.6,28
18,28.6
18,24.6
17,28
14.4,26
15.4,27
16.2,29
15,20
14.4,23
13.6,24
14,23
14.4,22
14.2,23.2
12.2,24
9.6,23.4
13.6,22.2
14,24
14,25
13,28
5.4,15
5.2,12
7.8,21
6,21
9,23
11,18.8
10,18
5.6,15
7.2,20
8.6,20.2
7,23
7.4,23.2
10,24.4
13.6,23.4
14,22.4
14.4,24
10,23
9.2,21.2
1.8,16
2,20.2
1,20
3.6,23.2
4.4,22.4
6,22.6
7.2,26
8,18
2,20.6
4.4,22.2
2.6,24
4.4,24
5,23.8
10,25.6
8,20
8.2,18.4
6.6,19
7,20.4
1.8,21
7.2,22.6
4.4,21.2
4,22
3.4,22.4
8,23.8
3.8,11.2
3.4,7.4
3.2,7
1.8,7.2
4,9
-1,10.2
2,17.2
2,16.8
-1,17
-1.2,19
4.2,18
4.6,12
-1.6,10.4
-4.4,13.8
-4.6,14.4
-3.6,16
-3,17.6
-2.6,20.4
-1,20.6
0,19
1.6,21.6
4,23.4
4,24
4.2,25.2
3,25.4
8.8,23
4,19
7.2,22
9.4,20.2
3.2,21.4
-1,20.6
6.2,20.2
4.4,17
-3,16
-3.2,15.6
-2.6,20.4
0.4,24.2
0,23.4
4.8,26.4
4,25.6
4.4,24.6
5,19.6
5.2,13.2
-4.6,15.2
-3.2,16
-3,18.4
-1.6,20.6
-2.8,20.8
0,22.6
4,22.8
1,22
0,22.2
3.2,24
4.6,26
7,23.6
5.6,14.2
-1.6,13.8
3.2,16.8
-1.6,17.4
-2.8,18.2
-1.6,20.6
-1,24
1.8,27
3.6,30.6
5,30.6
8,33
9,21.4
8,24
3.8,28
3.8,20
1.6,19
-2,22
-2,24.2
0.6,25.6
5,25.6
6.4,29.6
9,30
10,30
11.2,34
12,23.4
13.6,18.6
14,27.8
13.2,17.6
13.2,22.2
9,23
2.8,20
3.2,24
4.4,26
7.6,28.2
8,33
9,24
6,19.8
4,24.6
5,26.2
6,29.4
8,30
14,31
11.6,21
11.2,18
8.6,18.4
8.6,27
9,28.4
10,32.2
13,33
14,31.4
12.6,28.6
12.6,20.4
14,33.6
10.6,22.6
9,30
8,17.6
7,25
10,28
10.4,28.2
10,23.6
13,26
11.6,20.4
13,25.2
14.4,28.8
16,32
16.2,33.2
9.2,32.2
8,19
7,24
13,27.6
10.4,25.2
12,31
13,32.2
14,32.2
14.6,34
14,30
14.2,32.4
18.4,37.4
18,38
14,34
17.4,34.2
19,33
19,36.4
15,33.2
14.6,18
14.6,22
14.6,27.4
10.6,31.8
9.6,14.8
14,22.2
16,24.8
16.2,28
16.4,31.4
16.6,22.2
18,26.6
17.6,30
15.4,35
15,22
13,30
11.2,15.4
14,23.2
18,29
18.6,24.4
19,33
19.2,34.2
17,37.2
17.8,23
18,27.4
19.6,32
20,29.6
20,33
20,31
18,34.6
18.4,35
18.6,30.8
19,32.2
17.2,35.6
17.2,22.2
18,26
18.2,26.6
19,24
20,27
18.4,26.6
18,24
20,30.6
18,37.6
19,23.2
18.6,28
19,24.2
20,26
20.6,29
21,32
19,33
21.2,36
19.4,37
18,24
20.6,26
21.8,36
18,26.2
20,35.2
22.2,32
20.6,36
21,33
17.2,33.2
17,28.4
21,32
17.8,34
18,25
18,32
16.4,25
17.2,22.2
16.8,30.6
17.6,32
17.4,28
21,35.6
17.2,38.4
18,25
18,24.6
18,24
20.2,33
15.4,25.2
13,28
13,31
18.4,30.2
18.4,30.8
19,32.8
19.2,32
19,34
20,34.4
20.2,32.2
20.4,33
20,35
20.4,34
20.2,36
16.8,33.2
16.8,20.2
17,22.4
15.4,20
17.6,25
20,30.8
18,28.4
19.4,31
20,31
16,28
15.8,20.2
17,24
17.4,28
17.2,31.2
17.8,30
20.6,31.4
17.6,31
18,27.2
18.6,30
19.2,31
18,29.4
17.8,22
18,27.6
18.4,31
18.4,31.2
18.2,31
18,26.8
20,29
19,28.2
20,33
18,29.4
18,24
17,26.6
18,28
18.4,30
20.2,31.2
16.6,32.2
20,31
19,28
19,30
19,32
16,24
16,22.6
16.6,25.2
17.4,26.6
18,28
15.4,24
14,18.4
14.2,18.8
15,21.4
15.4,22.6
16,21
16,24.4
17,25.4
17.2,29
14.4,21.2
13.6,21.4
12,24
14.4,26.8
16.4,24
16.4,22.8
16.2,21.6
17,22
17.2,24
18,26
17.6,27
18,30
18.4,24
19,25.2
18.4,29
14,22
11,21
16.2,23
16.2,25
15.6,22.8
17.6,28
18,28.6
18,24.6
17,28
14.4,26
15.4,27
16.2,29
15,20
14.4,23
13.6,24
14,23
14.4,22
14.2,23.2
12.2,24
9.6,23.4
13.6,22.2
14,24
14,25
13,28
5.4,15
5.2,12
7.8,21
6,21
9,23
11,18.8
10,18
5.6,15
7.2,20
8.6,20.2
7,23
7.4,23.2
10,24.4
13.6,23.4
14,22.4
14.4,24
10,23
9.2,21.2
1.8,16
2,20.2
1,20
3.6,23.2
4.4,22.4
6,22.6
7.2,26
8,18
2,20.6
4.4,22.2
2.6,24
4.4,24
5,23.8
10,25.6
8,20
8.2,18.4
6.6,19
7,20.4
1.8,21
7.2,22.6
4.4,21.2
4,22
3.4,22.4
8,23.8
3.8,11.2
3.4,7.4
3.2,7
1.8,7.2
4,9
-1,10.2
2,17.2
2,16.8
-1,17
-1.2,19
4.2,18
4.6,12
-1.6,10.4
-4.4,13.8
-4.6,14.4
-3.6,16
-3,17.6
-2.6,20.4
-1,20.6
0,19
1.6,21.6
4,23.4
4,24
4.2,25.2
3,25.4
8.8,23
4,19
7.2,22
9.4,20.2
3.2,21.4
-1,20.6
6.2,20.2
4.4,17
-3,16
-3.2,15.6
-2.6,20.4
0.4,24.2
0,23.4
4.8,26.4
4,25.6
4.4,24.6
5,19.6
5.2,13.2
-4.6,15.2
-3.2,16
-3,18.4
-1.6,20.6
-2.8,20.8
0,22.6
4,22.8
1,22
0,22.2
3.2,24
4.6,26
7,23.6
5.6,14.2
-1.6,13.8
3.2,16.8
-1.6,17.4
-2.8,18.2
-1.6,20.6
-1,24
1.8,27
3.6,30.6
5,30.6
8,33
9,21.4
8,24
3.8,28
3.8,20
1.6,19
-2,22
-2,24.2
0.6,25.6
5,25.6
6.4,29.6
9,30
10,30
11.2,34
12,23.4
13.6,18.6
14,27.8
13.2,17.6
13.2,22.2
9,23
2.8,20
3.2,24
4.4,26
7.6,28.2
8,33
9,24
6,19.8
4,24.6
5,26.2
6,29.4
8,30
14,31
11.6,21
11.2,18
8.6,18.4
8.6,27
9,28.4
10,32.2
13,33
14,31.4
12.6,28.6
12.6,20.4
14,33.6
10.6,22.6
9,30
8,17.6
7,25
10,28
10.4,28.2
10,23.6
13,26
11.6,20.4
13,25.2
14.4,28.8
16,32
16.2,33.2
9.2,32.2
8,19
7,24
13,27.6
10.4,25.2
12,31
13,32.2
14,32.2
14.6,34
14,30
14.2,32.4
18.4,37.4
18,38
14,34
17.4,34.2
19,33
19,36.4
15,33.2
14.6,18
14.6,22
14.6,27.4
10.6,31.8
9.6,14.8
14,22.2
16,24.8
16.2,28
16.4,31.4
16.6,22.2
18,26.6
17.6,30
15.4,35
15,22
13,30
11.2,15.4
14,23.2
18,29
18.6,24.4
19,33
19.2,34.2
17,37.2
17.8,23
18,27.4
19.6,32
20,29.6
20,33
20,31
18,34.6
18.4,35
18.6,30.8
19,32.2
17.2,35.6
17.2,22.2
18,26
18.2,26.6
19,24
20,27
18.4,26.6
18,24
20,30.6
18,37.6
19,23.2
18.6,28
19,24.2
20,26
20.6,29
21,32
19,33
21.2,36
19.4,37
18,24
20.6,26
21.8,36
18,26.2
20,35.2
22.2,32
20.6,36
21,33
17.2,33.2
17,28.4
21,32
17.8,34
18,25
18,32
16.4,25
17.2,22.2
16.8,30.6
17.6,32
17.4,28
21,35.6
17.2,38.4
18,25
18,24.6
18,24
20.2,33
15.4,25.2
13,28
13,31
18.4,30.2
18.4,30.8
19,32.8
19.2,32
19,34
20,34.4
20.2,32.2
20.4,33
20,35
20.4,34
20.2,36
16.8,33.2
16.8,20.2
17,22.4
15.4,20
17.6,25
20,30.8
18,28.4
19.4,31
20,31
16,28
15.8,20.2
17,24
17.4,28
17.2,31.2
17.8,30
20.6,31.4
17.6,31
18,27.2
18.6,30
19.2,31
18,29.4
17.8,22
18,27.6
18.4,31
18.4,31.2
18.2,31
18,26.8
20,29
19,28.2
20,33
18,29.4
18,24
17,26.6
18,28
18.4,30
20.2,31.2
16.6,32.2
20,31
19,28
19,30
19,32
16,24
16,22.6
16.6,25.2
17.4,26.6
18,28
15.4,24
14,18.4
14.2,18.8
15,21.4
15.4,22.6
16,21
16,24.4
17,25.4
17.2,29
14.4,21.2
13.6,21.4
12,24
14.4,26.8
16.4,24
16.4,22.8
16.2,21.6
17,22
17.2,24
18,26
17.6,27
18,30
18.4,24
19,25.2
18.4,29
14,22
11,21
16.2,23
16.2,25
15.6,22.8
17.6,28
18,28.6
18,24.6
17,28
14.4,26
15.4,27
16.2,29
15,20
14.4,23
13.6,24
14,23
14.4,22
14.2,23.2
12.2,24
9.6,23.4
13.6,22.2
14,24
14,25
13,28
5.4,15
5.2,12
7.8,21
6,21
9,23
11,18.8
10,18
5.6,15
7.2,20
8.6,20.2
7,23
7.4,23.2
10,24.4
13.6,23.4
14,22.4
14.4,24
10,23
9.2,21.2
1.8,16
2,20.2
1,20
3.6,23.2
4.4,22.4
6,22.6
7.2,26
8,18
2,20.6
4.4,22.2
2.6,24
4.4,24
5,23.8
10,25.6
8,20
8.2,18.4
6.6,19
7,20.4
1.8,21
7.2,22.6
4.4,21.2
4,22
3.4,22.4
8,23.8
3.8,11.2
3.4,7.4
3.2,7
1.8,7.2
4,9
-1,10.2
2,17.2
2,16.8
-1,17
-1.2,19
4.2,18
4.6,12
-1.6,10.4
-4.4,13.8
-4.6,14.4
-3.6,16
-3,17.6
-2.6,20.4
-1,20.6
0,19
1.6,21.6
4,23.4
4,24
4.2,25.2
3,25.4
8.8,23
4,19
7.2,22
9.4,20.2
3.2,21.4
-1,20.6
6.2,20.2
4.4,17
-3,16
-3.2,15.6
-2.6,20.4
0.4,24.2
0,23.4
4.8,26.4
4,25.6
4.4,24.6
5,19.6
5.2,13.2
-4.6,15.2
-3.2,16
-3,18.4
-1.6,20.6
-2.8,20.8
0,22.6
4,22.8
1,22
0,22.2
3.2,24
4.6,26
7,23.6
5.6,14.2
-1.6,13.8
3.2,16.8
-1.6,17.4
-2.8,18.2
-1.6,20.6
-1,24
1.8,27
3.6,30.6
5,30.6
8,33
9,21.4
8,24
3.8,28
3.8,20
1.6,19
-2,22
-2,24.2
0.6,25.6
5,25.6
6.4,29.6
9,30
10,30
11.2,34
12,23.4
13.6,18.6
14,27.8
13.2,17.6
13.2,22.2
9,23
2.8,20
3.2,24
4.4,26
7.6,28.2
8,33
9,24
6,19.8
4,24.6
5,26.2
6,29.4
8,30
14,31
11.6,21
11.2,18
8.6,18.4
8.6,27
9,28.4
10,32.2
13,33
14,31.4
12.6,28.6
12.6,20.4
14,33.6
10.6,22.6
9,30
8,17.6
7,25
10,28
10.4,28.2
10,23.6
13,26
11.6,20.4
13,25.2
14.4,28.8
16,32
16.2,33.2
9.2,32.2
8,19
7,24
13,27.6
10.4,25.2
12,31
13,32.2
14,32.2
14.6,34
14,30
14.2,32.4
18.4,37.4
18,38
14,34
17.4,34.2
19,33
19,36.4
15,33.2
14.6,18
14.6,22
14.6,27.4
10.6,31.8
9.6,14.8
14,22.2
16,24.8
16.2,28
16.4,31.4
16.6,22.2
18,26.6
17.6,30
15.4,35
15,22
13,30
11.2,15.4
14,23.2
18,29
18.6,24.4
19,33
19.2,34.2
17,37.2
17.8,23
18,27.4
19.6,32
20,29.6
20,33
20,31
18,34.6
18.4,35
18.6,30.8
19,32.2
17.2,35.6
17.2,22.2
18,26
18.2,26.6
19,24
20,27
18.4,26.6
18,24
20,30.6
18,37.6
19,23.2
18.6,28
19,24.2
20,26
20.6,29
21,32
19,33
21.2,36
19.4,37
18,24
20.6,26
21.8,36
18,26.2
20,35.2
22.2,32
20.6,36
21,33
17.2,33.2
17,28.4
21,32
17.8,34
18,25
18,32
16.4,25
17.2,22.2
16.8,30.6
17.6,32
17.4,28
21,35.6
17.2,38.4
18,25
18,24.6
18,24
20.2,33
15.4,25.2
13,28
13,31
18.4,30.2
18.4,30.8
19,32.8
19.2,32
19,34
20,34.4
20.2,32.2
20.4,33
20,35
20.4,34
20.2,36
16.8,33.2
16.8,20.2
17,22.4
15.4,20
17.6,25
20,30.8
18,28.4
19.4,31
20,31
16,28
15.8,20.2
17,24
17.4,28
17.2,31.2
17.8,30
20.6,31.4
17.6,31
18,27.2
18.6,30
19.2,31
18,29.4
17.8,22
18,27.6
18.4,31
18.4,31.2
18.2,31
18,26.8
20,29
19,28.2
20,33
18,29.4
18,24
17,26.6
18,28
18.4,30
20.2,31.2
16.6,32.2
20,31
19,28
19,30
19,32
16,24
16,22.6
16.6,25.2
17.4,26.6
18,28
15.4,24
14,18.4
14.2,18.8
15,21.4
15.4,22.6
16,21
16,24.4
17,25.4
17.2,29
14.4,21.2
13.6,21.4
12,24
14.4,26.8
16.4,24
16.4,22.8
16.2,21.6
17,22
17.2,24
18,26
17.6,27
18,30
18.4,24
19,25.2
18.4,29
14,22
11,21
16.2,23
16.2,25
15.6,22.8
17.6,28
18,28.6
18,24.6
17,28
14.4,26
15.4,27
16.2,29
15,20
14.4,23
13.6,24
14,23
14.4,22
14.2,23.2
12.2,24
9.6,23.4
13.6,22.2
14,24
14,25
13,28
5.4,15
5.2,12
7.8,21
6,21
9,23
11,18.8
10,18
5.6,15
7.2,20
8.6,20.2
7,23
7.4,23.2
10,24.4
13.6,23.4
14,22.4
14.4,24
10,23
9.2,21.2
1.8,16
2,20.2
1,20
3.6,23.2
4.4,22.4
6,22.6
7.2,26
8,18
2,20.6
4.4,22.2
2.6,24
4.4,24
5,23.8
10,25.6
8,20
8.2,18.4
6.6,19
7,20.4
1.8,21
7.2,22.6
4.4,21.2
4,22
3.4,22.4
8,23.8
3.8,11.2
3.4,7.4
3.2,7
1.8,7.2
4,9
-1,10.2
2,17.2
2,16.8
-1,17
-1.2,19
4.2,18
4.6,12
-1.6,10.4
-4.4,13.8
-4.6,14.4
-3.6,16
-3,17.6
-2.6,20.4
-1,20.6
0,19
1.6,21.6
4,23.4
4,24
4.2,25.2
3,25.4
8.8,23
4,19
7.2,22
9.4,20.2
3.2,21.4
-1,20.6
6.2,20.2
4.4,17
-3,16
-3.2,15.6
-2.6,20.4
0.4,24.2
0,23.4
4.8,26.4
4,25.6
4.4,24.6
5,19.6
5.2,13.2
-4.6,15.2
-3.2,16
-3,18.4
-1.6,20.6
-2.8,20.8
0,22.6
4,22.8
1,22
0,22.2
3.2,24
4.6,26
7,23.6
5.6,14.2
-1.6,13.8
3.2,16.8
-1.6,17.4
-2.8,18.2
-1.6,20.6
-1,24
1.8,27
3.6,30.6
5,30.6
8,33
9,21.4
8,24
3.8,28
3.8,20
1.6,19
-2,22
-2,24.2
0.6,25.6
5,25.6
6.4,29.6
9,30
10,30
11.2,34
12,23.4
13.6,18.6
14,27.8
13.2,17.6
13.2,22.2
9,23
2.8,20
3.2,24
4.4,26
7.6,28.2
8,33
9,24
6,19.8
4,24.6
5,26.2
6,29.4
8,30
14,31
11.6,21
11.2,18
8.6,18.4
8.6,27
9,28.4
10,32.2
13,33
14,31.4
12.6,28.6
12.6,20.4
14,33.6
10.6,22.6
9,30
8,17.6
7,25
10,28
10.4,28.2
10,23.6
13,26
11.6,20.4
13,25.2
14.4,28.8
16,32
16.2,33.2
9.2,32.2
8,19
7,24
13,27.6
10.4,25.2
12,31
13,32.2
14,32.2
14.6,34
14,30
14.2,32.4
18.4,37.4
18,38
14,34
17.4,34.2
19,33
19,36.4
15,33.2
14.6,18
14.6,22
14.6,27.4
10.6,31.8
9.6,14.8
14,22.2
16,24.8
16.2,28
16.4,31.4
16.6,22.2
18,26.6
17.6,30
15.4,35
15,22
13,30
11.2,15.4
14,23.2
18,29
18.6,24.4
19,33
19.2,34.2
17,37.2
17.8,23
18,27.4
19.6,32
20,29.6
20,33
20,31
18,34.6
18.4,35
18.6,30.8
19,32.2
17.2,35.6
17.2,22.2
18,26
18.2,26.6
19,24
20,27
18.4,26.6
18,24
20,30.6
18,37.6
19,23.2
18.6,28
19,24.2
20,26
20.6,29
21,32
19,33
21.2,36
19.4,37
18,24
20.6,26
21.8,36
18,26.2
20,35.2
22.2,32
20.6,36
21,33
17.2,33.2
17,28.4
21,32
17.8,34
18,25
18,32
16.4,25
17.2,22.2
16.8,30.6
17.6,32
17.4,28
21,35.6
17.2,38.4
18,25
18,24.6
18,24
20.2,33
15.4,25.2
13,28
13,31
18.4,30.2
18.4,30.8
19,32.8
19.2,32
19,34
20,34.4
20.2,32.2
20.4,33
20,35
20.4,34
20.2,36
16.8,33.2
16.8,20.2
17,22.4
15.4,20
17.6,25
20,30.8
18,28.4
19.4,31
20,31
16,28
15.8,20.2
17,24
17.4,28
17.2,31.2
17.8,30
20.6,31.4
17.6,31
18,27.2
18.6,30
19.2,31
18,29.4
17.8,22
18,27.6
18.4,31
18.4,31.2
18.2,31
18,26.8
20,29
19,28.2
20,33
18,29.4
18,24
17,26.6
18,28
18.4,30
20.2,31.2
16.6,32.2
20,31
19,28
19,30
19,32
16,24
16,22.6
16.6,25.2
17.4,26.6
18,28
15.4,24
14,18.4
14.2,18.8
15,21.4
15.4,22.6
16,21
16,24.4
17,25.4
17.2,29
14.4,21.2
13.6,21.4
12,24
14.4,26.8
16.4,24
16.4,22.8
16.2,21.6
17,22
17.2,24
18,26
17.6,27
18,30
18.4,24
19,25.2
18.4,29
14,22
11,21
16.2,23
16.2,25
15.6,22.8
17.6,28
18,28.6
18,24.6
17,28
14.4,26
15.4,27
16.2,29
15,20
14.4,23
13.6,24
14,23
14.4,22
14.2,23.2
12.2,24
9.6,23.4
13.6,22.2
14,24
14,25
13,28
5.4,15
5.2,12
7.8,21
6,21
9,23
11,18.8
10,18
5.6,15
7.2,20
8.6,20.2
7,23
7.4,23.2
10,24.4
13.6,23.4
14,22.4
14.4,24
10,23
9.2,21.2
1.8,16
2,20.2
1,20
3.6,23.2
4.4,22.4
6,22.6
7.2,26
8,18
2,20.6
4.4,22.2
2.6,24
4.4,24
5,23.8
10,25.6
8,20
8.2,18.4
6.6,19
7,20.4
1.8,21
7.2,22.6
4.4,21.2
4,22
3.4,22.4
8,23.8
3.8,11.2
3.4,7.4
3.2,7
1.8,7.2
4,9
-1,10.2
2,17.2
2,16.8
-1,17
-1.2,19
4.2,18
4.6,12
-1.6,10.4
-4.4,13.8
-4.6,14.4
-3.6,16
-3,17.6
-2.6,20.4
-1,20.6
0,19
1.6,21.6
4,23.4
4,24
4.2,25.2
3,25.4
8.8,23
4,19
7.2,22
9.4,20.2
3.2,21.4
-1,20.6
6.2,20.2
4.4,17
-3,16
-3.2,15.6
-2.6,20.4
0.4,24.2
0,23.4
4.8,26.4
4,25.6
4.4,24.6
5,19.6
5.2,13.2
-4.6,15.2
-3.2,16
-3,18.4
-1.6,20.6
-2.8,20.8
0,22.6
4,22.8
1,22
0,22.2
3.2,24
4.6,26
7,23.6
5.6,14.2
-1.6,13.8
3.2,16.8
-1.6,17.4
-2.8,18.2
-1.6,20.6
-1,24
1.8,27
3.6,30.6
5,30.6
8,33
9,21.4
8,24
3.8,28
3.8,20
1.6,19
-2,22
-2,24.2
0.6,25.6
5,25.6
6.4,29.6
9,30
10,30
11.2,34
12,23.4
13.6,18.6
14,27.8
13.2,17.6
13.2,22.2
9,23
2.8,20
3.2,24
4.4,26
7.6,28.2
8,33
9,24
6,19.8
4,24.6
5,26.2
6,29.4
8,30
14,31
11.6,21
11.2,18
8.6,18.4
8.6,27
9,28.4
10,32.2
13,33
14,31.4
12.6,28.6
12.6,20.4
14,33.6
10.6,22.6
9,30
8,17.6
7,25
10,28
10.4,28.2
10,23.6
13,26
11.6,20.4
13,25.2
14.4,28.8
16,32
16.2,33.2
9.2,32.2
8,19
7,24
13,27.6
10.4,25.2
12,31
13,32.2
14,32.2
14.6,34
14,30
14.2,32.4
18.4,37.4
18,38
14,34
17.4,34.2
19,33
19,36.4
15,33.2
14.6,18
14.6,22
14.6,27.4
10.6,31.8
9.6,14.8
14,22.2
16,24.8
16.2,28
16.4,31.4
16.6,22.2
18,26.6
17.6,30
15.4,35
15,22
13,30
11.2,15.4
14,23.2
18,29
18.6,24.4
19,33
19.2,34.2
17,37.2
17.8,23
18,27.4
19.6,32
20,29.6
20,33
20,31
18,34.6
18.4,35
18.6,30.8
19,32.2
17.2,35.6
17.2,22.2
18,26
18.2,26.6
19,24
20,27
18.4,26.6
18,24
20,30.6
18,37.6
19,23.2
18.6,28
19,24.2
20,26
20.6,29
21,32
19,33
21.2,36
19.4,37
18,24
20.6,26
21.8,36
18,26.2
20,35.2
22.2,32
20.6,36
21,33
17.2,33.2
17,28.4
21,32
17.8,34
18,25
18,32
16.4,25
17.2,22.2
16.8,30.6
17.6,32
17.4,28
21,35.6
17.2,38.4
18,25
18,24.6
18,24
20.2,33
15.4,25.2
13,28
13,31
18.4,30.2
18.4,30.8
19,32.8
19.2,32
19,34
20,34.4
20.2,32.2
20.4,33
20,35
20.4,34
20.2,36
16.8,33.2
16.8,20.2
17,22.4
15.4,20
17.6,25
20,30.8
18,28.4
19.4,31
20,31
16,28
15.8,20.2
17,24
17.4,28
17.2,31.2
17.8,30
20.6,31.4
17.6,31
18,27.2
18.6,30
19.2,31
18,29.4
17.8,22
18,27.6
18.4,31
18.4,31.2
18.2,31
18,26.8
20,29
19,28.2
20,33
18,29.4
18,24
17,26.6
18,28
18.4,30
20.2,31.2
16.6,32.2
20,31
19,28
19,30
19,32
16,24
16,22.6
16.6,25.2
17.4,26.6
18,28
15.4,24
14,18.4
14.2,18.8
15,21.4
15.4,22.6
16,21
16,24.4
17,25.4
17.2,29
14.4,21.2
13.6,21.4
12,24
14.4,26.8
16.4,24
16.4,22.8
16.2,21.6
17,22
17.2,24
18,26
17.6,27
18,30
18.4,24
19,25.2
18.4,29
14,22
11,21
16.2,23
16.2,25
15.6,22.8
17.6,28
18,28.6
18,24.6
17,28
14.4,26
15.4,27
16.2,29
15,20
14.4,23
13.6,24
14,23
14.4,22
14.2,23.2
12.2,24
9.6,23.4
13.6,22.2
14,24
14,25
13,28
5.4,15
5.2,12
7.8,21
6,21
9,23
11,18.8
10,18
5.6,15
7.2,20
8.6,20.2
7,23
7.4,23.2
10,24.4
13.6,23.4
14,22.4
14.4,24
10,23
9.2,21.2
1.8,16
2,20.2
1,20
3.6,23.2
4.4,22.4
6,22.6
7.2,26
8,18
2,20.6
4.4,22.2
2.6,24
4.4,24
5,23.8
10,25.6
8,20
8.2,18.4
6.6,19
7,20.4
1.8,21
7.2,22.6
4.4,21.2
4,22
3.4,22.4
8,23.8
3.8,11.2
3.4,7.4
3.2,7
1.8,7.2
4,9
-1,10.2
2,17.2
2,16.8
-1,17
-1.2,19
4.2,18
4.6,12
-1.6,10.4
-4.4,13.8
-4.6,14.4
-3.6,16
-3,17.6
-2.6,20.4
-1,20.6
0,19
1.6,21.6
4,23.4
4,24
4.2,25.2
3,25.4
8.8,23
4,19
7.2,22
9.4,20.2
3.2,21.4
-1,20.6
6.2,20.2
4.4,17
-3,16
-3.2,15.6
-2.6,20.4
0.4,24.2
0,23.4
4.8,26.4
4,25.6
4.4,24.6
5,19.6
5.2,13.2
-4.6,15.2
-3.2,16
-3,18.4
-1.6,20.6
-2.8,20.8
0,22.6
4,22.8
1,22
0,22.2
3.2,24
4.6,26
7,23.6
5.6,14.2
-1.6,13.8
3.2,16.8
-1.6,17.4
-2.8,18.2
-1.6,20.6
-1,24
1.8,27
3.6,30.6
5,30.6
8,33
9,21.4
8,24
3.8,28
3.8,20
1.6,19
-2,22
-2,24.2
0.6,25.6
5,25.6
6.4,29.6
9,30
10,30
11.2,34
12,23.4
13.6,18.6
14,27.8
13.2,17.6
13.2,22.2
9,23
2.8,20
3.2,24
4.4,26
7.6,28.2
8,33
9,24
6,19.8
4,24.6
5,26.2
6,29.4
8,30
14,31
11.6,21
11.2,18
8.6,18.4
8.6,27
9,28.4
10,32.2
13,33
14,31.4
12.6,28.6
12.6,20.4
14,33.6
10.6,22.6
9,30
8,17.6
7,25
10,28
10.4,28.2
10,23.6
13,26
11.6,20.4
13,25.2
14.4,28.8
16,32
16.2,33.2
9.2,32.2
8,19
7,24
13,27.6
10.4,25.2
12,31
13,32.2
14,32.2
14.6,34
14,30
14.2,32.4
18.4,37.4
18,38
14,34
17.4,34.2
19,33
19,36.4
15,33.2
14.6,18
14.6,22
14.6,27.4
10.6,31.8
9.6,14.8
14,22.2
16,24.8
16.2,28
16.4,31.4
16.6,22.2
18,26.6
17.6,30
15.4,35
15,22
13,30
11.2,15.4
14,23.2
18,29
18.6,24.4
19,33
19.2,34.2
17,37.2
17.8,23
18,27.4
19.6,32
20,29.6
20,33
20,31
18,34.6
18.4,35
18.6,30.8
19,32.2
17.2,35.6
17.2,22.2
18,26
18.2,26.6
19,24
20,27
18.4,26.6
18,24
20,30.6
18,37.6
19,23.2
18.6,28
19,24.2
20,26
20.6,29
21,32
19,33
21.2,36
19.4,37
18,24
20.6,26
21.8,36
18,26.2
20,35.2
22.2,32
20.6,36
21,33
17.2,33.2
17,28.4
21,32
17.8,34
18,25
18,32
16.4,25
17.2,22.2
16.8,30.6
17.6,32
17.4,28
21,35.6
17.2,38.4
18,25
18,24.6
18,24
20.2,33
15.4,25.2
13,28
13,31
18.4,30.2
18.4,30.8
19,32.8
19.2,32
19,34
20,34.4
20.2,32.2
20.4,33
20,35
20.4,34
20.2,36
16.8,33.2
16.8,20.2
17,22.4
15.4,20
17.6,25
20,30.8
18,28.4
19.4,31
20,31
16,28
15.8,20.2
17,24
17.4,28
17.2,31.2
17.8,30
20.6,31.4
17.6,31
18,27.2
18.6,30
19.2,31
18,29.4
17.8,22
18,27.6
18.4,31
18.4,31.2
18.2,31
18,26.8
20,29
19,28.2
20,33
18,29.4
18,24
17,26.6
18,28
18.4,30
20.2,31.2
16.6,32.2
20,31
19,28
19,30
19,32
16,24
16,22.6
16.6,25.2
17.4,26.6
18,28
15.4,24
14,18.4
14.2,18.8
15,21.4
15.4,22.6
16,21
16,24.4
17,25.4
17.2,29
14.4,21.2
13.6,21.4
12,24
14.4,26.8
16.4,24
16.4,22.8
16.2,21.6
17,22
17.2,24
18,26
17.6,27
18,30
18.4,24
19,25.2
18.4,29
14,22
11,21
16.2,23
16.2,25
15.6,22.8
17.6,28
18,28.6
18,24.6
17,28
14.4,26
15.4,27
16.2,29
15,20
14.4,23
13.6,24
14,23
14.4,22
14.2,23.2
12.2,24
9.6,23.4
13.6,22.2
14,24
14,25
13,28
5.4,15
5.2,12
7.8,21
6,21
9,23
11,18.8
10,18
5.6,15
7.2,20
8.6,20.2
7,23
7.4,23.2
10,24.4
13.6,23.4
14,22.4
14.4,24
10,23
9.2,21.2
1.8,16
2,20.2
1,20
3.6,23.2
4.4,22.4
6,22.6
7.2,26
8,18
2,20.6
4.4,22.2
2.6,24
4.4,24
5,23.8
10,25.6
8,20
8.2,18.4
6.6,19
7,20.4
1.8,21
7.2,22.6
4.4,21.2
4,22
3.4,22.4
8,23.8
3.8,11.2
3.4,7.4
3.2,7
1.8,7.2
4,9
-1,10.2
2,17.2
2,16.8
-1,17
-1.2,19
4.2,18
4.6,12
-1.6,10.4
-4.4,13.8
-4.6,14.4
-3.6,16
-3,17.6
-2.6,20.4
-1,20.6
0,19
1.6,21.6
4,23.4
4,24
4.2,25.2
3,25.4
8.8,23
4,19
7.2,22
9.4,20.2
3.2,21.4
-1,20.6
6.2,20.2
4.4,17
-3,16
-3.2,15.6
-2.6,20.4
0.4,24.2
0,23.4
4.8,26.4
4,25.6
4.4,24.6
5,19.6
5.2,13.2
-4.6,15.2
-3.2,16
-3,18.4
-1.6,20.6
-2.8,20.8
0,22.6
4,22.8
1,22
0,22.2
3.2,24
4.6,26
7,23.6
5.6,14.2
-1.6,13.8
3.2,16.8
-1.6,17.4
-2.8,18.2
-1.6,20.6
-1,24
1.8,27
3.6,30.6
5,30.6
8,33
9,21.4
8,24
3.8,28
3.8,20
1.6,19
-2,22
-2,24.2
0.6,25.6
5,25.6
6.4,29.6
9,30
10,30
11.2,34
12,23.4
13.6,18.6
14,27.8
13.2,17.6
13.2,22.2
9,23
2.8,20
3.2,24
4.4,26
7.6,28.2
8,33
9,24
6,19.8
4,24.6
5,26.2
6,29.4
8,30
14,31
11.6,21
11.2,18
8.6,18.4
8.6,27
9,28.4
10,32.2
13,33
14,31.4
12.6,28.6
12.6,20.4
14,33.6
10.6,22.6
9,30
8,17.6
7,25
10,28
10.4,28.2
10,23.6
13,26
11.6,20.4
13,25.2
14.4,28.8
16,32
16.2,33.2
9.2,32.2
8,19
7,24
13,27.6
10.4,25.2
12,31
13,32.2
14,32.2
14.6,34
14,30
14.2,32.4
18.4,37.4
18,38
14,34
17.4,34.2
19,33
19,36.4
15,33.2
14.6,18
14.6,22
14.6,27.4
10.6,31.8
9.6,14.8
14,22.2
16,24.8
16.2,28
16.4,31.4
16.6,22.2
18,26.6
17.6,30
15.4,35
15,22
13,30
11.2,15.4
14,23.2
18,29
18.6,24.4
19,33
19.2,34.2
17,37.2
17.8,23
18,27.4
19.6,32
20,29.6
20,33
20,31
18,34.6
18.4,35
18.6,30.8
19,32.2
17.2,35.6
17.2,22.2
18,26
18.2,26.6
19,24
20,27
18.4,26.6
18,24
20,30.6
18,37.6
19,23.2
18.6,28
19,24.2
20,26
20.6,29
21,32
19,33
21.2,36
19.4,37
18,24
20.6,26
21.8,36
18,26.2
20,35.2
22.2,32
20.6,36
21,33
17.2,33.2
17,28.4
21,32
17.8,34
18,25
18,32
16.4,25
17.2,22.2
16.8,30.6
17.6,32
17.4,28
21,35.6
17.2,38.4
18,25
18,24.6
18,24
20.2,33
15.4,25.2
13,28
13,31
18.4,30.2
18.4,30.8
19,32.8
19.2,32
19,34
20,34.4
20.2,32.2
20.4,33
20,35
20.4,34
20.2,36
16.8,33.2
16.8,20.2
17,22.4
15.4,20
17.6,25
20,30.8
18,28.4
19.4,31
20,31
16,28
15.8,20.2
17,24
17.4,28
17.2,31.2
17.8,30
20.6,31.4
17.6,31
18,27.2
18.6,30
19.2,31
18,29.4
17.8,22
18,27.6
18.4,31
18.4,31.2
18.2,31
18,26.8
20,29
19,28.2
20,33
18,29.4
18,24
17,26.6
18,28
18.4,30
20.2,31.2
16.6,32.2
20,31
19,28
19,30
19,32
16,24
16,22.6
16.6,25.2
17.4,26.6
18,28
15.4,24
14,18.4
14.2,18.8
15,21.4
15.4,22.6
16,21
16,24.4
17,25.4
17.2,29
14.4,21.2
13.6,21.4
12,24
14.4,26.8
16.4,24
16.4,22.8
16.2,21.6
17,22
17.2,24
18,26
17.6,27
18,30
18.4,24
19,25.2
18.4,29
14,22
11,21
16.2,23
16.2,25
15.6,22.8
17.6,28
18,28.6
18,24.6
17,28
14.4,26
15.4,27
16.2,29
15,20
14.4,23
13.6,24
14,23
14.4,22
14.2,23.2
12.2,24
9.6,23.4
13.6,22.2
14,24
14,25
13,28
5.4,15
5.2,12
7.8,21
6,21
9,23
11,18.8
10,18
5.6,15
7.2,20
8.6,20.2
7,23
7.4,23.2
10,24.4
13.6,23.4
14,22.4
14.4,24
10,23
9.2,21.2
1.8,16
2,20.2
1,20
3.6,23.2
4.4,22.4
6,22.6
7.2,26
8,18
2,20.6
4.4,22.2
2.6,24
4.4,24
5,23.8
10,25.6
8,20
8.2,18.4
6.6,19
7,20.4
1.8,21
7.2,22.6
4.4,21.2
4,22
3.4,22.4
8,23.8
3.8,11.2
3.4,7.4
3.2,7
1.8,7.2
4,9
-1,10.2
2,17.2
2,16.8
-1,17
-1.2,19
4.2,18
4.6,12
-1.6,10.4
-4.4,13.8
-4.6,14.4
-3.6,16
-3,17.6
-2.6,20.4
-1,20.6
0,19
1.6,21.6
4,23.4
4,24
4.2,25.2
3,25.4
8.8,23
4,19
7.2,22
9.4,20.2
3.2,21.4
-1,20.6
6.2,20.2
4.4,17
-3,16
-3.2,15.6
-2.6,20.4
0.4,24.2
0,23.4
4.8,26.4
4,25.6
4.4,24.6
5,19.6
5.2,13.2
-4.6,15.2
-3.2,16
-3,18.4
-1.6,20.6
-2.8,20.8
0,22.6
4,22.8
1,22
0,22.2
3.2,24
4.6,26
7,23.6
5.6,14.2
-1.6,13.8
3.2,16.8
-1.6,17.4
-2.8,18.2
-1.6,20.6
-1,24
1.8,27
3.6,30.6
5,30.6
8,33
9,21.4
8,24
3.8,28
3.8,20
1.6,19
-2,22
-2,24.2
0.6,25.6
5,25.6
6.4,29.6
9,30
10,30
11.2,34
12,23.4
13.6,18.6
14,27.8
13.2,17.6
13.2,22.2
9,23
2.8,20
3.2,24
4.4,26
7.6,28.2
8,33
9,24
6,19.8
4,24.6
5,26.2
6,29.4
8,30
14,31
11.6,21
11.2,18
8.6,18.4
8.6,27
9,28.4
10,32.2
13,33
14,31.4
12.6,28.6
12.6,20.4
14,33.6
10.6,22.6
9,30
8,17.6
7,25
10,28
10.4,28.2
10,23.6
13,26
11.6,20.4
13,25.2
14.4,28.8
16,32
16.2,33.2
9.2,32.2
8,19
7,24
13,27.6
10.4,25.2
12,31
13,32.2
14,32.2
14.6,34
14,30
14.2,32.4
18.4,37.4
18,38
14,34
17.4,34.2
19,33
19,36.4
15,33.2
14.6,18
14.6,22
14.6,27.4
10.6,31.8
9.6,14.8
14,22.2
16,24.8
16.2,28
16.4,31.4
16.6,22.2
18,26.6
17.6,30
15.4,35
15,22
13,30
11.2,15.4
14,23.2
18,29
18.6,24.4
19,33
19.2,34.2
17,37.2
17.8,23
18,27.4
19.6,32
20,29.6
20,33
20,31
18,34.6
18.4,35
18.6,30.8
19,32.2
17.2,35.6
17.2,22.2
18,26
18.2,26.6
19,24
20,27
18.4,26.6
18,24
20,30.6
18,37.6
19,23.2
18.6,28
19,24.2
20,26
20.6,29
21,32
19,33
21.2,36
19.4,37
18,24
20.6,26
21.8,36
18,26.2
20,35.2
22.2,32
20.6,36
21,33
17.2,33.2
17,28.4
21,32
17.8,34
18,25
18,32
16.4,25
17.2,22.2
16.8,30.6
17.6,32
17.4,28
21,35.6
17.2,38.4
18,25
18,24.6
18,24
20.2,33
15.4,25.2
13,28
13,31
18.4,30.2
18.4,30.8
19,32.8
19.2,32
19,34
20,34.4
20.2,32.2
20.4,33
20,35
20.4,34
20.2,36
16.8,33.2
16.8,20.2
17,22.4
15.4,20
17.6,25
20,30.8
18,28.4
19.4,31
20,31
16,28
15.8,20.2
17,24
17.4,28
17.2,31.2
17.8,30
20.6,31.4
17.6,31
18,27.2
18.6,30
19.2,31
18,29.4
17.8,22
18,27.6
18.4,31
18.4,31.2
18.2,31
18,26.8
20,29
19,28.2
20,33
18,29.4
18,24
17,26.6
18,28
18.4,30
20.2,31.2
16.6,32.2
20,31
19,28
19,30
19,32
16,24
16,22.6
16.6,25.2
17.4,26.6
18,28
15.4,24
14,18.4
14.2,18.8
15,21.4
15.4,22.6
16,21
16,24.4
17,25.4
17.2,29
14.4,21.2
13.6,21.4
12,24
14.4,26.8
16.4,24
16.4,22.8
16.2,21.6
17,22
17.2,24
18,26
17.6,27
18,30
18.4,24
19,25.2
18.4,29
14,22
11,21
16.2,23
16.2,25
15.6,22.8
17.6,28
18,28.6
18,24.6
17,28
14.4,26
15.4,27
16.2,29
15,20
14.4,23
13.6,24
14,23
14.4,22
14.2,23.2
12.2,24
9.6,23.4
13.6,22.2
14,24
14,25
13,28
5.4,15
5.2,12
7.8,21
6,21
9,23
11,18.8
10,18
5.6,15
7.2,20
8.6,20.2
7,23
7.4,23.2
10,24.4
13.6,23.4
14,22.4
14.4,24
10,23
9.2,21.2
1.8,16
2,20.2
1,20
3.6,23.2
4.4,22.4
6,22.6
7.2,26
8,18
2,20.6
4.4,22.2
2.6,24
4.4,24
5,23.8
10,25.6
8,20
8.2,18.4
6.6,19
7,20.4
1.8,21
7.2,22.6
4.4,21.2
4,22
3.4,22.4
8,23.8
3.8,11.2
3.4,7.4
3.2,7
1.8,7.2
4,9
-1,10.2
2,17.2
2,16.8
-1,17
-1.2,19
4.2,18
4.6,12
-1.6,10.4
-4.4,13.8
-4.6,14.4
-3.6,16
-3,17.6
-2.6,20.4
-1,20.6
0,19
1.6,21.6
4,23.4
4,24
4.2,25.2
3,25.4
8.8,23
4,19
7.2,22
9.4,20.2
3.2,21.4
-1,20.6
6.2,20.2
4.4,17
-3,16
-3.2,15.6
-2.6,20.4
0.4,24.2
0,23.4
4.8,26.4
4,25.6
4.4,24.6
5,19.6
5.2,13.2
-4.6,15.2
-3.2,16
-3,18.4
-1.6,20.6
-2.8,20.8
0,22.6
4,22.8
1,22
0,22.2
3.2,24
4.6,26
7,23.6
5.6,14.2
-1.6,13.8
3.2,16.8
-1.6,17.4
-2.8,18.2
-1.6,20.6
-1,24
1.8,27
3.6,30.6
5,30.6
8,33
9,21.4
8,24
3.8,28
3.8,20
1.6,19
-2,22
-2,24.2
0.6,25.6
5,25.6
6.4,29.6
9,30
10,30
11.2,34
12,23.4
13.6,18.6
14,27.8
13.2,17.6
13.2,22.2
9,23
2.8,20
3.2,24
4.4,26
7.6,28.2
8,33
9,24
6,19.8
4,24.6
5,26.2
6,29.4
8,30
14,31
11.6,21
11.2,18
8.6,18.4
8.6,27
9,28.4
10,32.2
13,33
14,31.4
12.6,28.6
12.6,20.4
14,33.6
10.6,22.6
9,30
8,17.6
7,25
10,28
10.4,28.2
10,23.6
13,26
11.6,20.4
13,25.2
14.4,28.8
16,32
16.2,33.2
9.2,32.2
8,19
7,24
13,27.6
10.4,25.2
12,31
13,32.2
14,32.2
14.6,34
14,30
14.2,32.4
18.4,37.4
18,38
14,34
17.4,34.2
19,33
19,36.4
15,33.2
14.6,18
14.6,22
14.6,27.4
10.6,31.8
9.6,14.8
14,22.2
16,24.8
16.2,28
16.4,31.4
16.6,22.2
18,26.6
17.6,30
15.4,35
15,22
13,30
11.2,15.4
14,23.2
18,29
18.6,24.4
19,33
19.2,34.2
17,37.2
17.8,23
18,27.4
19.6,32
20,29.6
20,33
20,31
18,34.6
18.4,35
18.6,30.8
19,32.2
17.2,35.6
17.2,22.2
18,26
18.2,26.6
19,24
20,27
18.4,26.6
18,24
20,30.6
18,37.6
19,23.2
18.6,28
19,24.2
20,26
20.6,29
21,32
19,33
21.2,36
19.4,37
18,24
20.6,26
21.8,36
18,26.2
20,35.2
22.2,32
20.6,36
21,33
17.2,33.2
17,28.4
21,32
17.8,34
18,25
18,32
16.4,25
17.2,22.2
16.8,30.6
17.6,32
17.4,28
21,35.6
17.2,38.4
18,25
18,24.6
18,24
20.2,33
15.4,25.2
13,28
13,31
18.4,30.2
18.4,30.8
19,32.8
19.2,32
19,34
20,34.4
20.2,32.2
20.4,33
20,35
20.4,34
20.2,36
16.8,33.2
16.8,20.2
17,22.4
15.4,20
17.6,25
20,30.8
18,28.4
19.4,31
20,31
16,28
15.8,20.2
17,24
17.4,28
17.2,31.2
17.8,30
20.6,31.4
17.6,31
18,27.2
18.6,30
19.2,31
18,29.4
17.8,22
18,27.6
18.4,31
18.4,31.2
18.2,31
18,26.8
20,29
19,28.2
20,33
18,29.4
18,24
17,26.6
18,28
18.4,30
20.2,31.2
16.6,32.2
20,31
19,28
19,30
19,32
16,24
16,22.6
16.6,25.2
17.4,26.6
18,28
15.4,24
14,18.4
14.2,18.8
15,21.4
15.4,22.6
16,21
16,24.4
17,25.4
17.2,29
14.4,21.2
13.6,21.4
12,24
14.4,26.8
16.4,24
16.4,22.8
16.2,21.6
17,22
17.2,24
18,26
17.6,27
18,30
18.4,24
19,25.2
18.4,29
14,22
11,21
16.2,23
16.2,25
15.6,22.8
17.6,28
18,28.6
18,24.6
17,28
14.4,26
15.4,27
16.2,29
15,20
14.4,23
13.6,24
14,23
14.4,22
14.2,23.2
12.2,24
9.6,23.4
13.6,22.2
14,24
14,25
13,28
5.4,15
5.2,12
7.8,21
6,21
9,23
11,18.8
10,18
5.6,15
7.2,20
8.6,20.2
7,23
7.4,23.2
10,24.4
13.6,23.4
14,22.4
14.4,24
10,23
9.2,21.2
1.8,16
2,20.2
1,20
3.6,23.2
4.4,22.4
6,22.6
7.2,26
8,18
2,20.6
4.4,22.2
2.6,24
4.4,24
5,23.8
10,25.6
8,20
8.2,18.4
6.6,19
7,20.4
1.8,21
7.2,22.6
4.4,21.2
4,22
3.4,22.4
8,23.8
3.8,11.2
3.4,7.4
3.2,7
1.8,7.2
4,9
-1,10.2
2,17.2
2,16.8
-1,17
-1.2,19
4.2,18
4.6,12
-1.6,10.4
-4.4,13.8
-4.6,14.4
-3.6,16
-3,17.6
-2.6,20.4
-1,20.6
0,19
1.6,21.6
4,23.4
4,24
4.2,25.2
3,25.4
8.8,23
4,19
7.2,22
9.4,20.2
3.2,21.4
-1,20.6
6.2,20.2
4.4,17
-3,16
-3.2,15.6
-2.6,20.4
0.4,24.2
0,23.4
4.8,26.4
4,25.6
4.4,24.6
5,19.6
5.2,13.2
-4.6,15.2
-3.2,16
-3,18.4
-1.6,20.6
-2.8,20.8
0,22.6
4,22.8
1,22
0,22.2
3.2,24
4.6,26
7,23.6
5.6,14.2
-1.6,13.8
3.2,16.8
-1.6,17.4
-2.8,18.2
-1.6,20.6
-1,24
1.8,27
3.6,30.6
5,30.6
8,33
9,21.4
8,24
3.8,28
3.8,20
1.6,19
-2,22
-2,24.2
0.6,25.6
5,25.6
6.4,29.6
9,30
10,30
11.2,34
12,23.4
13.6,18.6
14,27.8
13.2,17.6
13.2,22.2
9,23
2.8,20
3.2,24
4.4,26
7.6,28.2
8,33
9,24
6,19.8
4,24.6
5,26.2
6,29.4
8,30
14,31
11.6,21
11.2,18
8.6,18.4
8.6,27
9,28.4
10,32.2
13,33
14,31.4
12.6,28.6
12.6,20.4
14,33.6
10.6,22.6
9,30
8,17.6
7,25
10,28
10.4,28.2
10,23.6
13,26
11.6,20.4
13,25.2
14.4,28.8
16,32
16.2,33.2
9.2,32.2
8,19
7,24
13,27.6
10.4,25.2
12,31
13,32.2
14,32.2
14.6,34
14,30
14.2,32.4
18.4,37.4
18,38
14,34
17.4,34.2
19,33
19,36.4
15,33.2
14.6,18
14.6,22
14.6,27.4
10.6,31.8
9.6,14.8
14,22.2
16,24.8
16.2,28
16.4,31.4
16.6,22.2
18,26.6
17.6,30
15.4,35
15,22
13,30
11.2,15.4
14,23.2
18,29
18.6,24.4
19,33
19.2,34.2
17,37.2
17.8,23
18,27.4
19.6,32
20,29.6
20,33
20,31
18,34.6
18.4,35
18.6,30.8
19,32.2
17.2,35.6
17.2,22.2
18,26
18.2,26.6
19,24
20,27
18.4,26.6
18,24
20,30.6
18,37.6
19,23.2
18.6,28
19,24.2
20,26
20.6,29
21,32
19,33
21.2,36
19.4,37
18,24
20.6,26
21.8,36
18,26.2
20,35.2
22.2,32
20.6,36
21,33
17.2,33.2
17,28.4
21,32
17.8,34
18,25
18,32
16.4,25
17.2,22.2
16.8,30.6
17.6,32
17.4,28
21,35.6
17.2,38.4
18,25
18,24.6
18,24
20.2,33
15.4,25.2
13,28
13,31
18.4,30.2
18.4,30.8
19,32.8
19.2,32
19,34
20,34.4
20.2,32.2
20.4,33
20,35
20.4,34
20.2,36
16.8,33.2
16.8,20.2
17,22.4
15.4,20
17.6,25
20,30.8
18,28.4
19.4,31
20,31
16,28
15.8,20.2
17,24
17.4,28
17.2,31.2
17.8,30
20.6,31.4
17.6,31
18,27.2
18.6,30
19.2,31
18,29.4
17.8,22
18,27.6
18.4,31
18.4,31.2
18.2,31
18,26.8
20,29
19,28.2
20,33
18,29.4
18,24
17,26.6
18,28
18.4,30
20.2,31.2
16.6,32.2
20,31
19,28
19,30
19,32
16,24
16,22.6
16.6,25.2
17.4,26.6
18,28
15.4,24
14,18.4
14.2,18.8
15,21.4
15.4,22.6
16,21
16,24.4
17,25.4
17.2,29
14.4,21.2
13.6,21.4
12,24
14.4,26.8
16.4,24
16.4,22.8
16.2,21.6
17,22
17.2,24
18,26
17.6,27
18,30
18.4,24
19,25.2
18.4,29
14,22
11,21
16.2,23
16.2,25
15.6,22.8
17.6,28
18,28.6
18,24.6
17,28
14.4,26
15.4,27
16.2,29
15,20
14.4,23
13.6,24
14,23
14.4,22
14.2,23.2
12.2,24
9.6,23.4
13.6,22.2
14,24
14,25
13,28
5.4,15
5.2,12
7.8,21
6,21
9,23
11,18.8
10,18
5.6,15
7.2,20
8.6,20.2
7,23
7.4,23.2
10,24.4
13.6,23.4
14,22.4
14.4,24
10,23
9.2,21.2
1.8,16
2,20.2
1,20
3.6,23.2
4.4,22.4
6,22.6
7.2,26
8,18
2,20.6
4.4,22.2
2.6,24
4.4,24
5,23.8
10,25.6
8,20
8.2,18.4
6.6,19
7,20.4
1.8,21
7.2,22.6
4.4,21.2
4,22
3.4,22.4
8,23.8
3.8,11.2
3.4,7.4
3.2,7
1.8,7.2
4,9
-1,10.2
2,17.2
2,16.8
-1,17
-1.2,19
4.2,18
4.6,12
-1.6,10.4
-4.4,13.8
-4.6,14.4
-3.6,16
-3,17.6
-2.6,20.4
-1,20.6
0,19
1.6,21.6
4,23.4
4,24
4.2,25.2
3,25.4
8.8,23
4,19
7.2,22
9.4,20.2
3.2,21.4
-1,20.6
6.2,20.2
4.4,17
-3,16
-3.2,15.6
-2.6,20.4
0.4,24.2
0,23.4
4.8,26.4
4,25.6
4.4,24.6
5,19.6
5.2,13.2
-4.6,15.2
-3.2,16
-3,18.4
-1.6,20.6
-2.8,20.8
0,22.6
4,22.8
1,22
0,22.2
3.2,24
4.6,26
7,23.6
5.6,14.2
-1.6,13.8
3.2,16.8
-1.6,17.4
-2.8,18.2
-1.6,20.6
-1,24
1.8,27
3.6,30.6
5,30.6
8,33
9,21.4
8,24
3.8,28
3.8,20
1.6,19
-2,22
-2,24.2
0.6,25.6
5,25.6
6.4,29.6
9,30
10,30
11.2,34
12,23.4
13.6,18.6
14,27.8
13.2,17.6
13.2,22.2
9,23
2.8,20
3.2,24
4.4,26
7.6,28.2
8,33
9,24
6,19.8
4,24.6
5,26.2
6,29.4
8,30
14,31
11.6,21
11.2,18
8.6,18.4
8.6,27
9,28.4
10,32.2
13,33
14,31.4
12.6,28.6
12.6,20.4
14,33.6
10.6,22.6
9,30
8,17.6
7,25
10,28
10.4,28.2
10,23.6
13,26
11.6,20.4
13,25.2
14.4,28.8
16,32
16.2,33.2
9.2,32.2
8,19
7,24
13,27.6
10.4,25.2
12,31
13,32.2
14,32.2
14.6,34
14,30
14.2,32.4
18.4,37.4
18,38
14,34
17.4,34.2
19,33
19,36.4
15,33.2
14.6,18
14.6,22
14.6,27.4
10.6,31.8
9.6,14.8
14,22.2
16,24.8
16.2,28
16.4,31.4
16.6,22.2
18,26.6
17.6,30
15.4,35
15,22
13,30
11.2,15.4
14,23.2
18,29
18.6,24.4
19,33
19.2,34.2
17,37.2
17.8,23
18,27.4
19.6,32
20,29.6
20,33
20,31
18,34.6
18.4,35
18.6,30.8
19,32.2
17.2,35.6
17.2,22.2
18,26
18.2,26.6
19,24
20,27
18.4,26.6
18,24
20,30.6
18,37.6
19,23.2
18.6,28
19,24.2
20,26
20.6,29
21,32
19,33
21.2,36
19.4,37
18,24
20.6,26
21.8,36
18,26.2
20,35.2
22.2,32
20.6,36
21,33
17.2,33.2
17,28.4
21,32
17.8,34
18,25
18,32
16.4,25
17.2,22.2
16.8,30.6
17.6,32
17.4,28
21,35.6
17.2,38.4
18,25
18,24.6
18,24
20.2,33
15.4,25.2
13,28
13,31
18.4,30.2
18.4,30.8
19,32.8
19.2,32
19,34
20,34.4
20.2,32.2
20.4,33
20,35
20.4,34
20.2,36
16.8,33.2
16.8,20.2
17,22.4
15.4,20
17.6,25
20,30.8
18,28.4
19.4,31
20,31
16,28
15.8,20.2
17,24
17.4,28
17.2,31.2
17.8,30
20.6,31.4
17.6,31
18,27.2
18.6,30
19.2,31
18,29.4
17.8,22
18,27.6
18.4,31
18.4,31.2
18.2,31
18,26.8
20,29
19,28.2
20,33
18,29.4
18,24
17,26.6
18,28
18.4,30
20.2,31.2
16.6,32.2
20,31
19,28
19,30
19,32
16,24
16,22.6
16.6,25.2
17.4,26.6
18,28
15.4,24
14,18.4
14.2,18.8
15,21.4
15.4,22.6
16,21
16,24.4
17,25.4
17.2,29
14.4,21.2
13.6,21.4
12,24
14.4,26.8
16.4,24
16.4,22.8
16.2,21.6
17,22
17.2,24
18,26
17.6,27
18,30
18.4,24
19,25.2
18.4,29
14,22
11,21
16.2,23
16.2,25
15.6,22.8
17.6,28
18,28.6
18,24.6
17,28
14.4,26
15.4,27
16.2,29
15,20
14.4,23
13.6,24
14,23
14.4,22
14.2,23.2
12.2,24
9.6,23.4
13.6,22.2
14,24
14,25
13,28
5.4,15
5.2,12
7.8,21
6,21
9,23
11,18.8
10,18
5.6,15
7.2,20
8.6,20.2
7,23
7.4,23.2
10,24.4
13.6,23.4
14,22.4
14.4,24
10,23
9.2,21.2
1.8,16
2,20.2
1,20
3.6,23.2
4.4,22.4
6,22.6
7.2,26
8,18
2,20.6
4.4,22.2
2.6,24
4.4,24
5,23.8
10,25.6
8,20
8.2,18.4
6.6,19
7,20.4
1.8,21
7.2,22.6
4.4,21.2
4,22
3.4,22.4
8,23.8
3.8,11.2
3.4,7.4
3.2,7
1.8,7.2
4,9
-1,10.2
2,17.2
2,16.8
-1,17
-1.2,19
4.2,18
4.6,12
-1.6,10.4
-4.4,13.8
-4.6,14.4
-3.6,16
-3,17.6
-2.6,20.4
-1,20.6
0,19
1.6,21.6
4,23.4
4,24
4.2,25.2
3,25.4
8.8,23
4,19
7.2,22
9.4,20.2
3.2,21.4
-1,20.6
6.2,20.2
4.4,17
-3,16
-3.2,15.6
-2.6,20.4
0.4,24.2
0,23.4
4.8,26.4
4,25.6
4.4,24.6
5,19.6
5.2,13.2
-4.6,15.2
-3.2,16
-3,18.4
-1.6,20.6
-2.8,20.8
0,22.6
4,22.8
1,22
0,22.2
3.2,24
4.6,26
7,23.6
5.6,14.2
-1.6,13.8
3.2,16.8
-1.6,17.4
-2.8,18.2
-1.6,20.6
-1,24
1.8,27
3.6,30.6
5,30.6
8,33
9,21.4
8,24
3.8,28
3.8,20
1.6,19
-2,22
-2,24.2
0.6,25.6
5,25.6
6.4,29.6
9,30
10,30
11.2,34
12,23.4
13.6,18.6
14,27.8
13.2,17.6
13.2,22.2
9,23
2.8,20
3.2,24
4.4,26
7.6,28.2
8,33
9,24
6,19.8
4,24.6
5,26.2
6,29.4
8,30
14,31
11.6,21
11.2,18
8.6,18.4
8.6,27
9,28.4
10,32.2
13,33
14,31.4
12.6,28.6
12.6,20.4
14,33.6
10.6,22.6
9,30
8,17.6
7,25
10,28
10.4,28.2
10,23.6
13,26
11.6,20.4
13,25.2
14.4,28.8
16,32
16.2,33.2
9.2,32.2
8,19
7,24
13,27.6
10.4,25.2
12,31
13,32.2
14,32.2
14.6,34
14,30
14.2,32.4
18.4,37.4
18,38
14,34
17.4,34.2
19,33
19,36.4
15,33.2
14.6,18
14.6,22
14.6,27.4
10.6,31.8
9.6,14.8
14,22.2
16,24.8
16.2,28
16.4,31.4
16.6,22.2
18,26.6
17.6,30
15.4,35
15,22
13,30
11.2,15.4
14,23.2
18,29
18.6,24.4
19,33
19.2,34.2
17,37.2
17.8,23
18,27.4
19.6,32
20,29.6
20,33
15,22
15,23
16,27
16,29
18,22
18,23
18,21
18,29
15,22
15,24
16,21
17,29
18,31
17,21
17,22
18,29
18,29
19,30
19,30
18,26
20,27
19,30
18,22
17,21
19,28
20,28
20,30
21,30
17,22
17,28
17,24
19,26
19,26
19,28
19,29
18,28
19,32
17,30
14,26
13,26
16,28
17,31
18,31
18,31
18,31
19,30
18,31
17,21
18,22
18,28
19,28
19,30
20,27
19,29
18,31
18,26
18,26
19,29
17,30
18,27
19,31
17,33
16,22
18,25
16,28
15,29
15,29
15,26
11,19
9,20
9,26
11,28
15,29
17,29
19,28
16,29
15,29
14,29
13,29
14,28
15,29
15,29
15,20
15,21
13,26
13,27
14,30
16,30
17,29
17,28
16,21
14,20
14,19
15,20
14,19
14,20
12,25
12,25
13,23
16,27
19,30
19,30
18,31
19,31
19,35
19,28
19,27
19,29
15,25
15,19
15,19
15,28
15,29
15,29
16,30
16,29
16,29
15,29
15,21
15,18
16,23
15,26
15,25
14,21
12,16
11,19
8,16
8,24
9,23
14,25
18,28
11,28
11,27
11,27
12,22
12,22
13,24
13,26
14,24
12,22
10,20
10,12
10,12
6,17
6,21
8,22
11,19
12,17
13,19
12,20
12,22
12,22
15,22
15,25
3,17
3,18
3,18
10,19
11,18
12,16
14,22
12,18
11,14
5,13
-1,11
-1,16
1,15
3,19
3,19
7,21
7,22
11,24
10,23
10,20
7,19
5,10
3,11
0,10
-1,16
-1,16
3,17
2,11
1,13
1,15
0,19
-1,24
-1,22
-1,19
5,20
7,13
5,10
5,7
5,8
5,10
5,18
4,19
4,10
0,10
-1,13
-3,18
-3,18
-2,19
0,21
1,20
4,12
5,12
-1,14
-1,19
0,19
5,19
1,19
1,20
6,19
6,12
6,10
6,11
5,11
1,16
1,18
2,17
1,17
1,17
0,16
-4,10
-5,14
-5,13
-5,16
-5,17
-5,19
-2,22
-2,24
-1,25
6,19
6,19
7,18
7,24
-2,12
-3,18
-5,20
-6,11
-5,21
-6,12
-5,10
-4,13
-3,16
-3,19
0,17
0,21
1,19
2,20
0,11
-2,15
-2,17
-2,20
2,20
1,17
2,20
-2,21
3,12
-2,10
-2,18
-2,22
0,22
1,20
0,21
0,21
0,22
3,25
10,29
11,33
8,34
7,22
4,12
-2,10
-2,13
-2,19
0,19
0,23
3,28
3,36
0,16
0,16
3,19
6,22
6,21
7,22
8,22
10,23
11,24
10,23
10,22
12,21
12,20
8,16
7,10
5,9
7,17
7,11
7,12
7,18
8,22
7,20
6,21
6,20
5,11
5,10
5,10
6,18
5,19
5,15
6,26
6,29
7,30
12,30
13,31
16,26
15,26
13,27
13,30
15,35
14,22
10,22
10,24
15,24
15,18
13,18
12,17
11,17
11,15
11,14
10,17
10,29
14,32
18,22
14,23
18,27
18,30
17,31
15,31
15,32
18,30
17,31
16,30
15,32
17,33
12,28
11,20
11,19
12,20
11,24
13,18
11,25
12,26
17,28
18,24
18,31
17,23
17,24
19,31
15,24
15,26
18,29
19,30
19,32
12,29
11,20
11,29
15,31
16,32
14,23
12,28
17,29
18,31
17,30
17,31
17,32
17,33
16,28
15,24
15,24
16,23
17,30
18,31
18,32
16,26
17,28
18,31
18,32
17,33
19,27
17,24
16,30
18,25
15,26
14,27
19,27
19,31
18,30
18,31
19,32
20,32
17,33
18,32
17,30
14,28
13,28
15,30
18,30
17,29
17,31
18,32
18,28
19,26
17,28
17,32
15,33
15,19
15,22
19,28
17,30
16,25
13,25
14,29
17,30
18,31
16,23
17,30
18,31
19,30
19,22
14,27
13,17
12,19
14,22
14,28
17,26
16,21
16,20
17,22
16,20
17,27
17,26
16,29
10,27
10,26
12,28
16,28
17,29
13,30
13,30
15,28
17,22
17,22
17,20
16,27
16,28
15,28
14,28
14,28
14,29
13,28
13,27
14,27
14,28
13,30
13,30
13,29
16,30
16,30
14,21
10,22
10,25
10,27
14,29
15,29
14,25
13,26
13,27
13,28
13,20
13,26
14,26
15,27
11,17
11,16
13,16
14,21
14,25
14,26
17,23
12,18
11,18
10,20
10,19
14,24
13,20
12,22
12,22
10,23
9,25
9,22
15,26
8,24
7,14
8,12
9,16
13,22
15,23
14,22
14,20
13,25
13,26
14,26
12,19
13,21
10,27
10,26
14,24
17,24
16,22
15,21
15,21
15,23
13,19
11,17
9,13
6,12
5,17
6,19
5,21
5,24
5,22
6,23
7,23
9,24
9,23
10,25
10,24
10,24
12,22
11,14
11,15
10,13
10,13
10,12
10,17
7,17
6,18
5,19
6,19
6,20
8,21
10,14
10,15
10,16
11,20
10,19
9,18
8,18
9,18
10,17
10,19
9,18
7,22
8,21
10,20
10,20
8,20
9,15
8,15
-4,12
-4,18
-4,19
-3,18
-2,17
-1,18
-2,19
-4,16
-4,17
-4,14
-4,16
-4,17
-4,19
-1,13
-5,7
-5,15
-6,15
-6,17
-5,17
-5,21
-1,22
-2,20
-2,21
-1,23
-1,23
1,23
0,24
0,14
-3,8
-3,18
-3,19
-2,20
-1,20
-1,21
8,17
6,11
5,10
1,8
-1,16
-2,16
-2,18
-2,17
-1,19
0,18
1,23
3,21
0,21
-1,22
-1,24
-1,24
-1,22
1,17
3,15
0,16
0,19
-1,20
1,21
1,16
2,19
2,20
1,20
2,21
3,21
2,18
1,21
2,21
3,22
3,12
2,12
1,16
0,18
1,19
1,22
4,26
4,29
4,14
3,15
2,17
1,21
1,22
5,27
6,28
6,27
6,16
9,26
10,27
12,32
14,37
13,35
11,27
12,29
12,34
11,31
7,28
6,19
6,25
7,25
9,26
9,15
14,18
13,28
14,28
14,30
15,30
15,30
15,33
16,33
16,32
16,20
14,20
14,18
13,26
15,30
15,31
14,33
13,19
11,26
10,28
14,19
12,18
12,15
12,16
13,18
13,17
13,27
14,21
10,16
9,13
9,16
13.0642857142857,26.9714285714286
10,27
10,28
14,32
14,33
15,28
13,21
14,24
13,31
11,24
12,29
18,28
15,23
17,27
19,31
18,22
14,23
15,18
16,19
15,18
15,21
16,26
14,26
15,28
17,31
20,32
18,32
16,23
16,26
15,27
15,31
18,33
19,36
17,36
14,28
12,29
16,32
22,35
24,33
24,33
20.5,37
20,35
20,34
22,35.5
20,30
21,30
21,32
21,28
21.5,30
20,28
18.5,29
18,30.5
18.5,32
19,35
19.5,33
20,31
19,31.5
19,33
17,26
17,29
18,34
19,35.5
20,36
21,33
20,32
20,31
19,32
20,32
20,33
18,35
16,22
16,20
15,19
15,20
15,23
17,29
18,30
18,31
18,26.5
18,25.5
19,31
19,25
22,29
22,33
19.5,33
18,21
17,20
18,24
18,31
18,24.5
18,22
16,21
16,23
15,25
16,22
16,25
16,29.5
16.5,27
15,24
15,30
17,32
17,31
13.5,30.5
17,29.5
16,31
16,31
18,30
18,28
16,28
14.5,24
14,28.5
15.5,30
17.5,31
16,31
16,19.5
17,25
17,24.5
15,23.5
19,27
17,30
16.5,22
16,27
16,27
16,23
17,22
17,23
17,24
17,30
15,24.5
16,25
15,24
16.5,28
18,30.5
17,27
16.5,29
17,30
16,23
17,25
16,29
16,29
19,30
17,29
15,30
17,29
15,29
17,29
17,29
16.5,27
16,30
17,23
17,27
9,20
9,24
12,25.5
12,26
14.5,28
15,29
17,30
18,31
16.5,31
12,19.5
6,16
5,20
5,22
7,19.5
7,24
9,26.5
10,27.5
12,26.5
12,27
11,19
7,14
4,19.5
4,21
5,25
6,25
7,27
7.5,28
9.5,29
14,30
13,24
12,28
15,26
13,21.5
12,22
12,28
10.5,28
7,18
5,22
4,25
4.5,24.5
5.5,25
6,24
9,23.5
12,23
12,23
7,22
6,22
12,17
10,15
10,13
3,18.5
3,21
4,22
8,22
9,22
11,15
9.5,15
7,16
6,19
5,21
5,21
6,23
6,25
13,18
12,20
8,23
7,25.5
7,23
9,15
7,14
5,24
4,19
5,20
5,23.5
9,18
8,11
8,11
3,18
2,11
2,13
0,14
0,16
-1.5,18
0,21
2,21
1,13
-2,13
-3,20
-1,21.5
-2,18
-1,10
-2,16
0,18
2,20
2,13
1,18
2,18
1,17
0,18
-1,20
-1,26
0,24
0,26
8,22
8,15
7,11
6,11
4,11
5,9
5,12
-3,12
-4,17
-4,18
-3,18
-1,18.5
-2,22
2,21
2,21
5,21
5,19
6,23
6,10
5,13
2,16
3,17.5
5,11
-2,14.5
-3,16
-1,19
-1,20
-1,23
2,19
5,10
2,17
2,21
4,21
4,23
6,13
5,9
2,14
1,15
1,16
1,17
3,25.5
4,27
7,30
8,31
8,32
9,26
8,27
8,24
8,29
9,21
8,26
7,26
9,28
5,28
4,21
10,32
10,32
10,31
12,24.5
7,23
10,25
12,24
9,22
5,23
7,29
8,28
7,31
5,30
2,17
-1,19
-2,22
2,21
4,26
5,27.5
6,29
6,32
13,24
8,14
8,11
7,15
8,17
8,25
11,24.5
8.5,30
6,22
5,23
9.5,29
11,19
11,22.5
11,20
12,28
10,32
10,32
8,27
8,29
6.5,31
10,29
11,27
10,25
10,29
11,27
11,27
15,32
15,30
16,37
16,37
15,38.5
13,17
13,18
13,30
9,25.5
9,31
11,32
12,33
15,34
15,37.5
17,38
16,35
20,38
17.5,38
17,26
17,25
17,23
15,22
16,27
16,28
18,30
17,30.5
15,25
15,22
15,29
15,27
16,30
15,28
17,31
16,30
15,23
15,22
15,23
12,26
15,29.5
15,33
14,30
16,28
16,33
15,32
17,31
18,33
16.5,27
17,27
17,30
18,29
16,22
15,29.5
15,29
15,33
17,34
16,35
17,34
19,35
18,37
19,37.5
16,33
14,34
14,35
18,32.5
17,32
16,33
18,32.5
16,33
14,32
18,36
18,34
18,35
19,37
18,36
16,26
17,28
16,32
16.5,33
17,33.5
15,25
17,30
16,28
17,30
17,29
16,24
19,30
17,25
17,30
19,28
17,22
18,25
17,30
18,32.5
16,22.5
15,25
17,29
18,31
14,26
14,29
16,29
17,33
18,32
17,28
18,27
19,29
18,27
17,24
17,23
19,30
20,33
18,26
13,19
13,19
12,26
13,24
13,28
18,30
19,30
19,32
19,26
15,32
17,32
18,27
18,30
16,29
17,26
18,28
19,29
19,30
19,28
18,26
17,25
19,23
17,27
17,25
13,27
12,28
12,29
18,30
17,25
15,27
16,30
17,31
18,28
19,27
18,29
16,28
13,30
13,29
17,30
19,29
17,29
16,26
15,27
12,24
12,29
13,29
17,26
14,23
14,30
17,26
16,27
15,30
16,29
13,19
13,21
9,18
10,25
9,24
10,25
12,27
11,27
15,26
18,28
16,22
17,26
12,20
10,19
8,18
9,21
11,24
12,23
11,25
14,25
14,24
14,26
13,18
12,17
14,18
14,21
13,23
12,24
14,24
18,24
13,26
14,24
13,23
10,26
11,26
15,19
14,21
14,24
11,20
11,27
12,28
12,27
14,19
14,24
14,21
13,19
10,18
9,13
9,14
10,16
11,19
11,22
8,20
7,19
7,20
7,20
7,22
6,10
7,11
-2,16
-1,17
0,16
0,18
2,19
3,19
5,20
8,15
4,19
4,22
7,18
9,22
8,17
5,17
6,10
7,14
6,11
6,9
5,12
0,12
-2,16
-2,16
4,17
7,13
5,14
3,9
2,7
-3,14
-4,16
-4,12
1,16
2,11
1,13
1,15
2,16
2,17
2,16
2,17
1,18
0,18
1,19
-2,21
2,21
1,11
0,15
0,16.5
2,19
3,18.5
2,21
5,23
0,15
0,15
-1,18
0,19
0,18
-2,19
0,20
2,21
1,22
2,22
4,23
4,23
6,24
5,24
6,19
3,16.5
5,14
2.5,17
4,20
3,20
2.5,21
3,23
5,23
5,27
6,27
4,21
5,26
5,26
6,28
7,28
6,26
6,26
7,30
8,31
8,32
5,18
2,14
2,17
1,20
4,21
3,23
2,26
4,27
4,20
3,21
3,22
3,22
4,24
3,24
3,25
1,20
2,24
2,25
5,27
7,29
10,32
9,24
7,20
8,23
10,25
11,26
12,32
15,33
14,19
8,16
6,9
6,13
8,15
6,17
7,20
8,24
8,26
8,26
10,29
12,30
9,32
8,27
7,27
9,29
14,30
16,31
16,27
14,19
7,18
7,26
9,29
9,29
10,32
14,34
15,27
14,27
12,16
11,16
11,17
12,16
11,18
10.5,26
11,30
10,31
14,32
17,34
15,28
16,27
18,29
16,22
15,22
15,23
19,29
15,32
15,19
15,20
16,20
15,21
14,29
17,29
20,32.5
19,33
18,28
16,25.5
18,27.5
16,27
17,25
15,28
15,32
14,31
15,27
15,28
12,28
13,30
17,32
16,35
20,36
18,29
17,30
17,31
18,32
19,29
17,25
15,22
16,23
15,29.5
16,25
16,23
16,25
16,23
16,26
12,31
18,33
20,31
18,28
19,33
20,34
19,26
18,28
20,32
22,32
19,31
20,34
18,28
19,32
20,32
20,33
20,34
21,31
19,24
19,27
20,32
19,31
19,32
19,33
21,35
21,28
19,28
20,31
20,35
21,37
18,31
20,29
19,31
20,30
20,29
19,32
18,31
17,31
19,30
19,28
20,31
21,32
21,33
20,32
19,32
20,33
17,24
15,22
18,31
16,32
15,24
15.5,27
16,31
13,18
12,15.5
13,23
16,29
19,30
16,27
16,19
16,21
17,24
20,29
20,26
20,31
19,31.5
18,26.5
15,19
11,18
15,23
17,28
17,30
17.5,31
20,31
19,33
17,27
19,29
18,30
17,24.5
15,21
14,27
14,28
15,30
17,30.5
19,31
19,29
19,30
19,26
19,26
20,30
18,29
17,28
17,29
19,29
18,25
17,26
18,28
16,22
15,24
15,22
15,19
16,21
17,27
18,26
17,28
16,29
16,29
17,28
17,29
17,28
13,29
11,21
13,21
14,22
15,26
16,28
17,28
15,28
16,28
16,29
18,31
16,30.5
16,30
15,29.5
17,27.5
17,22.5
14,26
12,25
11,24.5
10,26
10,27.5
13,27
8,25
10,25
8,27
7,23
8,24
9,26
8,29
11,20
10,21
10,27
10,27
10,28
9,29
10,29
12,28
15,25
14,25
12,21
9,24
9,22
10,23.5
10,24
11,24
12,25
14,27
12,19
7,22
7,12
8,12
5,16
3.5,15
7,17
7,17
9,18
10,16
10,16
10,17
6,16
10,20
10,21
7,19
7,18
7,12
1,18
2,18
5,20
7,20
5,19.5
6,23
6,17.5
4,16
5,18
3,19
2,20
7,22
9,20
9,22
2,35
12,18
11,15
11,13
7,13
5,11
5,10
2,14
0,16
0,19
3,19
-1,18
-1,15
0,17
2,19
8,20
10,13
8,12
10,19.5
10,15
10,14
6,15
4,21
3,19
3,22
4,18.5
8,12
5,13.5
2,16
1,16
0,20
2,22
5,22
6,26
6,26
8,30
8,30
9,31
10,31
11,29
10,18.5
7,16
7,15
5,12
2,9
1,9
4,13
4,16
2,15
1,17
1,19
1,25
2,26
3,27
6,29.5
7,25
8,19.5
8,27
9,24
7,17
7,13
6,11
5,13
2,16
2,23
2,29
7,30
6,31
8,32
9,32
9,33
9,23
6,21.5
6,23
7,24
9,28
10,30
12,31
13,37.5
12,22
11,19
10,15
6,20
6,24
6.5,22
6,23
7,26
7,27
8,27
9,25
9,28
6,25
7,24
8,28.5
10,32
12,26.5
8,15
10,26
10,25
12,27
12,25
12,26
6,25
7.5,23
8,26
9,30.5
9,25
9,20
7,23.5
8,29
10,34
14,35
15,33
18,30
17,22
12,22
12,19
10,19.5
9,21
10,22
10,23
10,28.5
12,33
14,32
9,19
10,29
15,33
15.5,33.5
18,38
13,22
12,16
11,16
11,15
10,16
13,29
13,22
16,27
16,25
18,23
17,28
18,36
17,25
17,29
20,30
15,25
13,26
10,28
14,30
15,27
15,25
16,23
17,30
18,30
16,29
18,31
19,35
18,27
18,29
17,25
17,30
17,30
18,30
14,22
13,28
16,29
15,23
17,29.5
16,30
19,35
22,34
18,30
19,32
20,33
19,29.5
18,26
12,26
17,30
17,31
20,29.5
18,30
19,33
22,36
22,36
19,23
17,23
14,25
17,30
20,35
21,28
19,30
17,29
20,34
20,34.5
18,32
16,21
17,22
18,25
20,27
21,34
18,31
17,23
17,26
18,30
19,31
20,32
20,26
20,30
20,30
21,27
22,31
19,32
17,24
20,32
21,33
20,36
16,22
16,23
20,29
19,29
21,33
16,35
14,22
15,24
17,26
15,31
19,31
17,30
15,19
16,25
15,22
18,30
19,24
19,25
16,28
17,26
16.5,22
16,26
16,24
16.5,25
17,28
18,32
18,31
17,25
17,23
16,20
16,21
16,20.5
16,21.5
16,25
17,29
17,28
14,28
15,29
16,30
16,31
17,31
17,33
18,34
19,23
19,23
18,23
18,23
10,20
10,16
12,19
13,28
14,27
13,23
14,25
17,22
17,23
18,25
17,22.5
16,23
17,24
16,23.5
12,25
11,22
11,18
12,24
14,22.5
12,23
13,26
13,26
15,23
14,23
11,23
13,26
15,25
14,20
14,20
12,22
12,22
13,24
17,26
15,21
16,21
17,20
15,20
13,17
7.5,21.5
7,22
8,23
12,24
12,25
12,21
15,22
14,18
14,18
13,18
12,17
11,19
11,20
10,21
10,17
10,17
10,20
8,20
8,20
9,23
9,24
9,24
11,26
11,25
11,26
12,19
11,18
9,15
5,14
2.5,14
2.5,16
2.5,19
3,21
3,21
7,22
8,26
9,27
9,21
8,21
9,19
10,18
11,16
7,18
6,19
6,18
6,20
5,20
5,20
5,19.5
5,20
6,19
8,22
9,19
11,18
8,16
7,12
7,13
8,13
8,12
4,12
3,17
3,17.5
4,18
3,19
4,18
4,19
4,17
8,16.5
3,17
2,18
2.5,20
3,19
4,19
4,20
5,15
6,18
7,17.5
7,19
8,18
9,18
10,21
10,19
4,16
4,18
3,19
3,18
4,19
3,20
3,20
4,22
5,21
6,16
5,21.5
5,23
5,24
6,18
9,15
9,14
6,14
3,20.5
2.5,20.5
4,24
8,22
6,17
8,18
4,21
4,23
5,22
8,24
7,23
7,18
7,19
6,18
7,25
6,15
9,24
9,13
9,13.5
6,17
5,20
5,20
6,25
6,24
6,19
7,23
5,10
5,9
4.5,12
5,20
5,19
3,11
1,18
1,21
2,23
4,21
3,20
4,24
6,25
6,23
7,21
7,15
8,15
7,20
5,25
6,26
5,16
7,23
7,23
8,26
7,15
7,17.5
9,26
9,25
7,26
4,9
3,9
2.5,13
2,17
3,21
3,25
6,24
8,26
5,28
5,21
4,21
7,22
7,26
8,25
9,25
7,29
8,33
5,22
6,24
6,26
7,28
9,28
9,31
9,30
12,25
14,21.5
14,20
11,19
14,28
14,29
13,31
14,31
15,32.5
15,32
16,34
13,19.5
12,17
10,22
11,29
12,32
13,31
13,22
14,26
15,25
15,20
12,25
14,28
16,30.5
17,29
16,32
16,22.5
17,23
16,20
14,23
15,28
15,28
17,31
18,35
20,32
13,23
10,22
10,22.5
14,29
15,30
16,32
17,33
18,35
14,22
14,23
13,25
16,33
16,23
17,23
14,28
15,25
17,31
13,34
18,32
14,29
15,28
16,31
16,35
12,27
14,29
16,31
17,30
18,34
18,24
18,27
12,28
14,28
16,30
16,31
14,32
12,25
10,27
12,30
14,31
14,32
16,35
18,36
18,29
17,30
18,31
15,29
16,28
17,30
17,33
17,30
17,28
15,28
16,30
16,31
11,19
12,19
12,23
14,29
14,24
14,27
14,28
16,28
17,28
17,27
14,30
17,30
17,27
17,23
17,27
18,25
18,29
18,28
18,28
17,26
17,30
16,31
17,31
17,28
17,21
18,30
20,26
19,30
19,29
14,20
12,25
13,28
15,29
18,28
17,29
13,28
13,29
12,30
17,29
18,30
17,31
18,32
18,30
20,30
18,27
18,31
18,34
18,33
18,31
19,30
19,29
18,33
18,26
18,27
18,30
19,33
20,29
17,22
17,23
17,22
17,23
16,24
16,24
17,23
18,28
18,27
18,29
18,22
18,22
18,21
18,23
18,23
18,26
18,27
18,31
19,27
20,26
18,26
16,25
16,22
16,23
15,22
12,16
11,16
12,18
9,22
7,26
8,19
13,20
13,18
13,20
11,21
10,21
10,20
10,21
12,26
4,20
2.5,19
3,18
4,20
6,22
6,24
10,27
10,28
10,28
10,22
10,20
9,20
7,18
10,23
9,21
10,19
9,24
10,26
10,28
11,27
10,18
9,24
10,25
10,24
8,22
8,22
8,19
9,19
10,22
8,18
9,19
9,22
9,17
9,16
9,17
9,22
8,13
8,14
10,14
10,14
5,13
7,19
7,15
5,15
7,16
8,20
7,19
10,17
10,15
7,14
7,11
7,12
7,13
6,13
7,14
4,15
2,17
3,17
3,15
4,16
5,17
6,18
7,20
7,18
9,18
7,16
5,20
3,18
2,18
2,18
3,15
8,15
9,18
9,18
10,17
9,14
7,13
6,12
6,12
-2,10
-4,16
-3,19
-3,20
1,21
0,20
0,21
1,22
0,22
4,19
5,11
5,9
5,10
6,11
5,10
5,9
3,11
-2,17
-3.5,18
-3,20
-2.5,20
0,22
0,22
-1,22
2,23
4,20
7,26
3,26.5
1,19
2,20
2,21
2,22
1,21
0,22
0,20
0,19
0,19
1,20
2,22
1,21
2,18
2,11
-5,7
-6,15
-5,16
-4,19
-4,21
2,26
2,29
3,25
6,17
8,14
8,15
6,16
4,21
4,23
5,26
5,28
8,34
9,27
9,26
10,26
10,21
12,18
9,25
9,27
5,21
4,23
5,19
4,20
5,27
4,27
3,25
3,23
4,26
4,32
5,30
6,32
9,30
11,29
12,30
12,30
14,29
14,32
14,31
11,18
11,22
13,26
11,16
11,24
9,18
8,12
8,12
8,11
4,18
4,20
5,25
9,25
10,26
12,27
13,27
14,31
10,20
10,23
12,28
12,23
12,27
13,29
13,30
13,31
14,30
13,25
11,21
11,28
13,31
15,32
16,32
16,23
16,23
14,26
14,24
16,24
10,24
12,22
8,18
9,27
14,31
14,30
14,21
12,20
10,21
10,30
13,30
16,29
15,32
17,32
16,31
16,30
16,32
15,22
16,25
16,29
15,26
14,29
15,30
15,26
15,30
15,32
16,33
14,34
17,34
16,21
16,31
18,34
18,33
17,22
12,20
14,28
14,32
17,30
16,29
17,30
15,27
17,32
18,32
17,33
18,34
16,36
17,35
18,33
18,33
18,34
16,26
17,27
17,31
18,28
18,33
20,34
20,30
19,35
17,29
18,26
19,30
18,29
16,31
16,30
17,33
18,31
20,32
19,32
19,28
19,32
20,33
19,23
19,27
19,30
20,32
19,28
18,24
18,30
18,30
19,33
19,34
15,23
16,28
18,30
18,23
18,25
17,26
18,28
17,29
17,29
18,30
19,29
17,31
14,28
17,29
18,30
18,30
19,29
18,26
19,28
19,31
19,33
18,33
15,19
14,18
14,19
15,22
16,26
16,28
18,27
17,20
16,23
17,28
18,29
18,27
18,25
18,27
16,30
14,25
15,25
16,22
16,22
18,27
18,27
17,25
18,26
18,25
17,22
15,22
16,24
18,28
18,26
18,29
18,27
16,26
16,30
16,23
16,23
16,22
16,23
17,27
17,21
17,25
16,22
17,24
16,27
12,19
10,21
9,22
11,24
12,26
15,23
16,22
15,23
15,23
17,22
17,23
18,24
18,26
16,28
17,31
13,19
13,20
14,19
14,21
14,20
15,19
10,19
10,21
10,22
10,23
13,21
13,25
13,27
11,27
12,27
11,27
15,26
16,24
17,24
15,26
13,27
12,16
9,15
6,11
4,18
4,20
5,21
5,18
9,19
9,18
11,15
11,18
12,19
11,17
7,19
7,21
7,19
4,12
6,16
6,17
4,19
4,20
4,21
10,24
11,25
10,20
9,20
9,19
10,21
9,16
9,12
8,12
8,12
4,18
4,17
5,19
5,16
4,15
4,18
4,18
9,20
8,18
6,21
6,21
6,24
8,12
5,10
4,10
4,8
4,7
0,10
-1,16
1,17
5,19
3,20
3,21
4,18
3,19
6,20
4,18
4,20
5,21
3,17
2,17
2,19
2,19
3,24
4,25
6,13
2,8
1,6
1,6
-2,6
-3,11
-3,12
-4,13
-4,13
-3,14
-1,16
-1,17
-1,18
1,20
1,16
1,20
1,21
1,22
2,21
3,22
3,20
4,18
3,22
2,22
2,24
2,15
4,16
4,14
3,23
3,27
4,27
5,27
6,15
5,10
5,11
2,18
-1,17
0,20
3,20
3,22
5,26
7,26
9,29
13,32
15,22
13.5,17
11,21
12,15
3,14
1,18
2,22
3,19
3,23
3,23
1.5,13
1,19
0,20
1,20
2,23
2,25
5,28
7,32
10,32
11,34
9,39
6.5,22
6,17
6,13
5,11
5,9
4,16
2,22
2,27
7,24
10,32
4,23
5,26
6,29.5
1,25
1,24
3,25
4,27
6,29
6,32
10,35
13,34
13,36
7,25
9,31
10,35
11,33
10,29
11,32
11,26
6,26
8,33
12,35
13,26
12,19
12,19
12,18
13,22
13,23
15,33
16,35
17,35
14,31
13,19
13,18
13,17.5
12,19
11,27.5
13,28
12,29
12,29
14,32
13,22
14,25
14,30
14,28
13,20
15,20
15,30
15,19
17,24
17,25
16,30
11,28
8,19
7,14
8,20
8,27
10,30
11,31
13,33
11,20
14,29
17,32
17,33
16,20
15,27
16,31
16,34
17,30
15,20
15,19
13,26
16,30
15,28
14,23
14,28
10,30
16,31
16,32
17,31
17,32
18,31
18,30
16,28
17,31
17,27
16,29
17,32
18,33
17,30
17,29
17,30
17,30
15,25
15,28
17,30
19,33
18,31
18,30
16,28
16,32
18,33
10,32
17,31
19,31
19,34
17,31
18,35
17,33
18,30
17,31
13,25
12,26
13,27
17,28
18,31
17,32
17,32
19,33
19,30
17,23
17,25
18,28
19,29
18,28
18,28
19,30
18,32
19,29
18,24
17,29
17,26
18,31
18,29
18,32
18,29
18,26
18,30
20,33
19,33
18,34
18,35
18,29
18,31
17,21
17,23
17,30
16,34
17,28
17,30
17,33
19,34
18,32
17,32
19,35
19,32
18,31
18,31
19,30
18,30
19,32
19,32
18,26
19,31
19,33
19,30
20,27
19,26
18,32
19,33
19,30
20,27
20,29
20,30
20,28
19,31
20,32
19,33
18,34
17,20
17,23
18,27
15,20
14,21
12,22
10,22
11,26
11,27
13,26
13,27
13,27
12,26
14,26
14,26
14,19
13,18
14,18
14,19
13,18
13,26
11,27
11,26
11,27
15,27
16,27
16,29
16,20
16,21
16,26
16,27
16,21
16,24
11,20
12,24
11,24
7,14
5,19
6,22
8,25
6,24
6,10
6,10
2,10
3,20
3,20
3,12
8,12
6,11
4,13
4,20
7,15
10,16
8,11
7,12
7,11
7,11
6,10
4,15
2,17
3,17
6,15
8,17
10,21
10,19
9,20
9,21
10,25
9,26
9,26
9,25
8,25
8,23
8,15
9,17
10,18
10,17
9,17
8,18
8,17
9,20
9,20
9,20
10,21
9,21
9,23
10,24
10,25
8,16
6,9
4,8
2,5
-3,13
-3,14
-3,15
-3,16
-1,17
2,10
-1,16
-1,19
-1,19
0,20
0,19
1,22
2,23
2,18
2,18
2,17
0,16
-1,17
-1,17
0,19
2,25
0,11
2,17
1,16
1,19
2,20
1,20
2,24
3,27
5,28
7,28
5,24
5,20
5,11
5,10
5,9
5,11
4,8
1,11
0,14
1,18
2,21
3,25
5,25
5,28
7,28
9,26
9,26
2,19
3,20
3,19
3,24
3,23
7,25
7,27
6,24
7,21
4,16
4,20
3,19
2,19
2,20
2,22
3,23
5,25
6,24
6,25
7,27
8,27
6,20
3,22
4,25
7,27
7,13
10,13
9,14
10,14
9,14
9,13
9,13
9,15
9,16
10,15
9,21
6,24
5,23
5,23
6,22
3,23
3,23
4,20
4,25
5,27
8,28
11,28
12,28
13,29
13,26
10,18
10,13
9,17
11,18
12,21
12,20
9,25
10,24
10,18
11,19
10,19
10,24
12,23
11,21
11,28
11,29
10,28
10,28
13,20
15,23
15,24
13,24
13,19
13,23
14,28
12,23
11,17
11,24
12,28
14,31
15,35
19,34
19,30
17,27
12,21
15,28
15,28
16,24
12,22
12,26
15,29
15,33
16,23
16,24
14,23
14,22
15,24
16,33
16,32
16,33
15,23
14,23
14,22
14,24
15,29
16,28
17,34
18,24
17,25
11,32
11,19
12,21
13,27
15,26
15,26
12,21
11,25
12,28
12,28
11,19
11,27
12,29
13,30
13,30
11,20
12,22
14,27
15,31
18,26
16,29
12,28
17,30
18,32
18,33
17,32
18,33
17,33
17,28
17,26
16,29
16,28
17,29
15,31
16,31
17,31
17,32
16,25
16,32
17,30
17,29
18,30
17,29
17,28
14,24
15,30
17,32
17,30
17,32
18,34
18,35
17,35
15,21
15,21
15,24
16,24
16,27
17,30
16,27
16,27
17,30
18,32
19,29
18,30
17,27
17,28
18,28
18,32
18,30
19,32
18,24
18,25
17,27
16,28
15,19
13,23
14,26
15,31
16,31
16,31
14,22
15,23
14,28
17,31
18,25
18,27
18,23
17,21
17,21
17,24
16,24
14,31
18,32
17,26
18,31
18,33
18,33
18,33
18,33
14,20
14,25
16,26
18,32
18,23
18,26
18,30
18,31
19,31.8
19.4,31.4
19.2,23.8
17.4,24
11,30.4
15,30
14.6,30.8
18,31.8
18.2,27
18.8,25.4
17,24.2
17,23.4
14,20.8
16.2,26.2
16.2,28.4
16.6,30
19,31.4
18,22.4
18,21.8
18.2,23.2
14.2,26.8
11.8,21
11.6,19.8
9,19.6
11.2,22.8
11.4,23
15,24.2
16,24
16.4,24.2
17.6,28.8
18,24.6
18.2,23.4
15.6,22.2
13.2,22.6
12,18
11.8,16
10.8,16
11,16
10,23
7.8,26.2
9.8,26.8
12,24.8
11.8,20.6
11.6,14.2
10.2,14
6.8,18.2
7,22.2
10,21.2
3.6,18.4
6,20
5.6,21
10.2,22.8
10,16.6
6,20.8
6.8,24
9,23.4
9,20.2
10.2,18.4
7.4,18.6
8,22.4
9.2,24.6
8,24.6
8.8,23.2
10.2,24.6
10.2,26.4
10.4,26.6
11.6,26.2
11,19.2
11.4,16.8
11,17
9.8,14.2
9.4,14
3.8,15
3.6,14.8
2,14
2.8,17.4
3.8,20.4
4,20.8
6.4,21.8
7.2,25.4
9,18
7,11
7,12
4.6,13
4.2,17.6
4.8,20.2
5.8,21.8
6.6,21.8
7.6,17.6
7,13
0.8,17.8
1.8,17.6
3,20.4
1.6,10.2
3.6,10.4
-2.2,10
-2.4,15.8
-2.2,16.4
-1.4,15.2
-1,15.4
-1.6,17.8
-1.2,18.4
-1.2,18.8
0,19
3,9.2
3,5
3.4,6.8
4,7
0.4,12.4
0.4,13.8
3.4,21
4,20.6
5.2,10.6
4,7
5,6.4
4,6.6
6.2,9.8
1.8,9.8
1.6,12.6
0.8,17.4
1,17.6
0.6,18
6.6,10.6
6.2,10.2
6.4,11.6
-1,18.6
0,20.4
0,22
2,22.4
2.2,22.6
8,15
8.2,12.8
7.4,16.6
7.4,22.6
6.6,23.2
2.8,17
2.6,19
6.4,14.6
0,12.8
-1.4,15.2
-2,19.4
1.6,18
1.6,17.8
-1,23.6
3.8,12
-3,10
-3,16.8
-2.4,17
-2,17.4
-1.6,17.2
1,17.2
6.2,22
4.8,21.8
1,13.8
2,21.8
3.8,25.8
5,22.4
5,23.6
9.4,13.6
3.6,17.4
4.6,21.2
7.4,25
8,27.4
9.4,15.8
1,13.2
0.6,18
1,21.4
4.8,26
6.2,32.2
7.2,32.6
12,29.8
13,30
5.4,22.8
0,20.6
2.6,15.2
0.6,16.4
-1.2,16.6
0.4,20.6
1.4,23.6
4.4,25.2
7.2,26.8
2.2,16.4
3,13
1,20.4
4.4,23
5,25.8
8,29.4
5.4,17
6.6,24
9,18
10,21
10.2,26.4
12.4,30.2
11.6,22.6
2.2,16
1,19.6
2.6,23.6
5.4,26.6
3.2,26.2
4.8,27.8
6.2,30.4
8,27.8
9.2,30.8
12,31
10,26
9.4,26.4
11,25
9.4,32.8
7.4,27
13,30.6
15,28
14.6,36.4
10.6,27.4
14,28.6
14.4,31.8
14,25
15.4,31.6
16.2,33.4
18.6,33.8
20,33.4
11.6,31.2
9.4,21.4
8.8,21.8
13.8,28
15.2,30.6
9.8,17.2
3.2,15.4
6,22.4
9.8,23.8
10,28
14.2,30
19,35.6
19,21.6
12,21
9,15
7.6,22.2
10.8,26.8
14.8,28.2
12,30.6
9.2,18.4
11,22
8.2,21.4
10.4,27
11.8,29
14.2,31.4
12,23
11.2,25.4
9,28.2
8.4,29.6
12,31.8
16.2,34.6
15,26
17,28.4
15.8,34
16,24.6
16,30.8
16.2,27
16,24.6
18.2,26
18.4,26.2
18,31.6
15.8,31.8
15,31.8
13,24.6
10.8,20
15.6,25
16,26
15.8,19
16,19.6
16.4,22.8
18,26
19.4,26.2
18,22
15.8,23.6
12.2,18
13,21.4
13.2,26
16,28.8
18.8,30
17,29
14.2,26
18.2,27.2
19.2,27.8
20.8,27.8
19,29
17,28.8
15.4,28
17,24.6
14.4,29.4
8.2,18.4
10.6,26.2
15,29.2
16.6,31.8
19,32.8
20.8,34.6
19,22
17.2,24.8
17,20.6
18,21
18,26
19.4,27.4
19,26.4
18.4,29.2
16,28.2
17.2,30
20,31.4
20.2,32
16.6,32.4
16.2,25
14,26.4
17,29
18,31.4
18.2,31.8
19,32.8
19,33.8
18.2,24.2
13.4,30.8
18,32
17.8,30.6
15.4,28
11.6,22.8
13.8,24.4
14.8,28
16.6,31
18,32
17.4,30.6
14,32.4
17.2,34.8
16.4,35
16.4,35.4
16.4,35.4
19.8,34.8
19.2,32.6
19,32.6
20,33.4
18.2,25.4
19.4,29.2
19.6,30
19.6,29.8
19.2,27.2
18.8,26.8
14.6,30.6
16,31.4
10.6,31.2
10.4,27
13.8,27.6
14,29.4
11,27
10.2,19.8
7.8,20.4
8.6,23.8
10,27.8
12.4,30.2
14.8,32.6
18,34.6
20,34.8
20,31
16.4,26
17.6,25.8
15.8,27
17.4,29
19.4,29
16.6,28.2
18,28.2
15.6,28.4
15,28.2
16,31.8
15,27.2
15.2,22
15.6,19
16.2,21
16,23.8
14.8,22.6
13.8,27
15.2,28.4
14.8,29.6
14,19
12.2,20.2
12,24.8
12.6,24.6
14,23.4
15.2,24.8
11.2,28
15.6,28.8
17.8,29.6
16.4,28.6
13.2,20
12.8,19.8
12.8,17.2
13,16.6
13.2,19.6
13.6,20
12,23.2
10,23.6
10,24
13.2,24.6
13.4,26
14.2,17.8
12.8,24.8
12,17.8
10,19.6
10.4,23.8
12,25.6
12.6,25.4
9.4,24.2
8.2,24.2
5.6,23.6
6.6,24
8,23.6
9.6,25.4
15,26.4
16,27.4
18,21.2
16,21
15,19.6
15.2,18.8
15.6,19.8
13.2,18.2
12.8,17.8
13,18.4
12.2,18.6
10.6,22.4
10.6,22.6
6.4,18
7,21
6,21.6
6.2,20.8
6.4,21.8
7.6,22
10.8,22.6
10.6,22.4
11,25.6
11,20.6
11.2,15.8
10,14.2
9,12
9,12
9.2,14.2
6.4,14
7.4,20.6
6,19
4.2,21.8
4,22.4
3.2,19.8
3.4,18.8
3.8,20.8
4.6,21.6
6.6,23.4
9,24.8
8,22.8
8,22.4
2.8,11.8
1,15
1.8,18.8
3.2,19.6
3.6,10
5.2,8.4
2.6,10
2,18.6
2.4,19
5,19
5,21
8.2,20
6,22.8
7,22.6
4.2,19.2
2,19
1.8,20.8
3,21.2
6.2,22.8
4.6,20.6
4.8,22.6
12,20
12.8,18.8
11,21
12.6,22
12,16
11.8,15.6
7.6,19
9,18.6
12.2,16.8
13,18.4
11,21
11.2,16
5,12.8
6.4,16.2
5,23.6
-2.2,11.4
-1.8,14.8
-3,11.4
-3.2,15
-3.4,15.4
-3.2,18
-1,15.8
-3,13.8
-2.6,16
-1,21.8
0,22.2
0,29.8
-3,15.8
-3,14.8
-3,15
-3.6,13.2
-3.6,12.8
-5,13
-4.2,13
-3.6,16.8
-2.4,19.8
0.8,20.4
1.4,21
6,24.8
8,13
1,16.8
2.2,17.8
6.4,14.6
-2.4,16
-2,20
1,19.8
-3,18
-2.8,18.2
-1.2,19.2
0.4,22
2.2,25
2.8,19
3,15.2
0.8,16.8
1.2,22
2,24
4,32.8
6,27.2
8,23.8
3.4,13
-2.2,13.8
-2,17.8
-3,19.6
2.6,20.2
2.2,8
2.4,7.2
-2.6,9
-2.6,17
-2.4,17.2
0,22
3.6,23.4
7.2,26.8
9.2,31.8
9,33.6
12,33
7.2,17.4
6.2,14
-2.2,11.6
-3.2,20.6
2.2,22.6
0,27.2
0.2,21.4
1.8,21.4
2,23
2,21.4
4,24.2
7.8,30.2
8,31.4
3.4,20.6
7,24.8
11.4,32.8
13,28
5.4,24
8,25.6
10.2,26
9,30.4
4.4,18.4
5,21.8
9,26.8
11.6,30.2
12.2,19.8
14,20.4
15,23
16.2,23.2
13.4,24.8
13.4,31.8
14.4,34.8
11,24
5.2,12.8
3,19.2
7,25.8
13,27.6
9.2,30.4
9.8,35.8
10.4,33
10.2,32.2
13,36.4
8,25.4
11.8,30.4
14.4,21.6
14,27.8
12.8,32.6
13.8,35.6
13,36.6
12,25.8
12,17.6
12,25.8
13,30
11.6,31
11,21
5,21.4
8.2,21.8
9.4,21.4
8.8,25.8
10.2,28
11,30.4
13.8,33.4
13.4,35.8
13,22
15,27.4
14.8,36.8
8.8,23.8
9.6,27.4
10.6,26.6
13.8,32.6
15.8,33.4
14.2,33.4
10,27.8
10.2,34.8
12,30
14.6,33.2
14,37
13.8,37.4
16.8,26.8
16.8,28.4
17,30.2
19,27.6
19,29.4
16,28
15.2,27.4
16.8,28.6
20.4,32.6
14.8,22.6
18,28.6
13.8,20
12.2,22.4
17,30.4
16,28
10.8,24
16.2,31.2
16.2,33.8
15,21.4
15.2,28.4
20,28.8
13,22
8.4,22
11.8,27.4
11.4,29.4
17.4,32
16,34
17,33.2
14,19.6
14.2,22.6
16,28.6
16.6,29.6
18.8,33.2
12,28.8
12,24.8
10.4,25.4
14.6,28.4
14.6,28.4
14,21
15,26.8
16.6,30.2
19.2,32
18.2,29
19,30
18,31
17.8,31.8
18,31.8
18.6,33.8
17.8,27
18.8,30
16.8,30.8
16.2,30.6
17.6,32.8
17.4,26.4
17,26
15.4,30
15.2,28.2
17.4,31.4
17.8,32.8
18,29.2
16.2,27
18,29
18,30.8
18.8,31
21,29.8
19,29.6
19.4,32.4
18.8,32.4
18.4,32.2
18,22
18,22.6
18,23
17.2,21.2
16.2,18.6
17,21
16,23
18,24.8
18.2,27
15.8,29.2
16,29
14.4,29.6
17.8,29.6
18,25.8
14,26
16.2,31.2
15.8,21.2
11.2,18.8
12,25.2
10,25.6
10.6,25.8
13.4,25.8
12.8,27.8
13,27.8
14.4,30
15.2,30
16.8,31.8
16.6,31.8
16,25.2
18,31.4
18.2,31.6
11.6,28
12,29.4
15.2,31
16,33
14,19.8
14.2,23.6
15.6,25.6
17.4,26
17,21
16.2,20.4
16.4,20.6
17.2,23.6
18,26
19,29
18,25
18,21.4
17.4,20
18,22
18,24
14.6,23.4
14,27
15.4,28.6
15.4,28.4
18,28.2
15,29
14.6,29.2
16,30
18.8,25.8
16.6,29.8
16.2,26.6
17,25.4
18,26.8
18.2,27
16.6,28
17.6,30.6
20,32
17,26
17,19
17,22
16,22.4
13.8,25.8
14.2,28.6
13.6,26.8
13.6,18.2
14,19.8
10,23.8
11.6,24
12,14.8
11.2,15.6
12,20.8
12,21.8
11.4,26.4
11,16
10.8,14
5.4,17.8
6.6,21.2
8.6,18.2
9.2,24.8
4,19
6.2,22.4
5,22.2
7.2,14.2
7.2,12
4,18.8
2,18.8
0.8,18.8
2,20
2.2,20.6
9.8,22
9,22
8.8,18.2
6.8,9.6
2.4,11
2.8,15.4
6.2,15.8
9.8,15.8
9,10.4
9,11
7,11.4
7,11
7,9.4
4.2,13.8
0.8,13.8
0,16
0.2,18
0,13.6
0.4,16
3,17
7,14.2
9,13.4
4,17.8
6,18
1.8,16
1.2,16.8
3.8,15.2
5,12.2
0.4,13.2
0,18
1.8,20.8
5,17
-2.2,10.8
-3,16.4
-3.4,17
-2.8,17.2
0.8,17.6
-1,22.8
1.4,19
1.4,17.8
1.8,22
2.2,22.4
4,12.4
2.8,16.8
7.6,18
7.8,17.2
5,17.4
1.2,17.6
1.4,18.8
3.6,20
3.8,20.4
8.8,12.4
5,15.2
6.2,24
7,14
1,17
2,20.6
3.4,20.8
3.6,20.6
-1.2,19
-1,16.4
-2.2,15.2
-2,14.2
0.8,16.2
1.4,21.4
2,19
4.6,11
4.6,10.8
5,10
-2.8,12.6
-3,14
1,15.6
3.6,17
6,20.6
6,22
5.2,21
7,23.8
9,24.6
10,23.8
4.4,12
-1.2,16
-1.6,17.4
-1.8,17.6
0,17.8
0,19
4.4,23.6
6.4,20.4
6,11.4
5.4,9.2
4.4,11.8
0.8,13.8
0.8,14
0.4,19.6
2,21.4
4,26.6
4.2,26.4
6.6,27.2
6.2,23.4
6,11.2
5,12
4.2,7.4
4.4,6.8
4.6,11.6
4,13
0,14.6
2.6,18
4.4,17.8
3.6,22.4
3.6,22.2
3.6,26
4,27.8
4,28.2
8.2,30.6
9,31
9.4,32
10.2,32
10,26.8
12,26.6
11,27
9,27.4
14,32
9,14.8
7.4,13
0.6,16.2
5,19.6
5,10
1,17.8
0.8,20.2
2,23.2
5,22.4
5.6,27.2
5,31
5.2,22.6
0.6,19.8
2,21
2.2,23
2.8,25.4
5.8,29
5.8,29.2
5.8,29.6
12,31.6
10.6,21.8
9.6,15.8
5,20
7.2,26.2
7.4,30
8,30.6
12,29.2
16,29
11.6,31.6
11.6,30.8
6.8,28.8
5.8,26.6
6,27.4
10,28.4
11,18
11,26.6
2.8,26.8
12.2,31
12.4,29.6
9.8,28.6
13,25
9.4,26.2
7.8,29.8
8.4,30.8
13.2,33
12,25.4
3,15
6.6,27.2
12,32
7,26
10.4,29.2
17,33.8
9.4,29
9.6,28
12,34
15,37
16.2,33.2
9.4,27.4
8.8,16.6
5.4,20.8
7.4,27.4
12,30.8
13,33
12,19.8
12.4,20.2
12,22.4
12,26
11.8,25.8
14.8,29
14,19
13.8,21
10.2,22.4
12.6,28.8
13.6,29.8
13.8,30
16,31.5
16,31
16.8,22.2
16.8,23.8
16.8,22
13,28
13.2,29.8
16.6,30.8
14,28.2
16.8,31.8
18,31.2
16.8,33
16,25.6
16.4,26
17.6,28
18.6,24.8
16.8,26
16,24
16.8,27.2
17,27.6
15.8,27
17,28.6
18.2,31.8
18,34.6
17.2,25
18,28.6
15.2,29.8
18,30.6
18.2,24.2
16.4,19.8
15.4,25
15.6,29.6
15.4,29.8
15.8,30
15,29
16.4,30.2
16.6,30.6
14.4,26
14,27.2
16.6,30.4
16,30
15.8,30.4
16.2,33.6
19.6,35.2
20,34
20,31
19.6,33.4
21,35
20.8,34.6
18,26.6
20,30
20,32.8
20.4,30
16,32.4
14,23.6
14,32
13.6,32.6
15.8,29.4
15.8,30.8
17.2,24.8
18.2,28.2
19,30.2
16.6,29.2
17.2,30
16.4,23
16,24.8
15,28
14.8,32
18,33.4
13,21
11.4,18.2
11.6,18
11.4,20.6
10.8,23.8
14,27.6
16.2,28.8
17.4,29
17.4,30.8
16.4,28.4
17.2,32
17,29
17,28.6
17.4,22
17.2,24
18.2,26
18,25.2
17.4,29.4
18,28
17.2,29.2
18.2,29.6
19,30
18.6,28.8
17.4,28.2
19,29.2
19,29.8
16.4,29.6
17.4,31
18.4,32
16,24.4
17,21.2
15.8,25
16,27.4
16.4,28.4
17.8,31
17.8,31.6
17.2,32.8
14,20.8
14.2,20.4
14.2,27
14.8,27.6
15,27
12.6,25.6
11,26.8
14,29.2
14.6,28.8
17.8,29.6
16.6,20
13.4,18.6
16,27.8
10,27.4
6.2,17.2
8,24
12,24.4
14,25.2
14.2,27.8
14,29.6
15.4,24
15.2,21
15.2,18.4
15.4,22.8
12.2,19.2
10.4,18.8
7.2,15.6
10,19
12,24.2
13,25.2
13.6,27.6
10,21
11.6,22.6
12,24.4
12.6,26.2
11.2,14.2
11,14.6
7.8,21.8
8.2,24
10,25.4
8,25.6
12,26
15,27.6
16,23
11.4,20.8
11.6,23
11,26
4,13.8
5.2,8.4
6.2,9.8
3.6,17
5,17.4
4.8,22.4
6,24.8
8.2,25.2
7.2,23
10,23.2
9.6,25.4
8.4,18.2
8.2,12
7.4,14.2
4.8,14.8
6.2,18.4
5.8,22.6
10,19
10.8,22.2
13,25.8
9.2,19
8,12.4
5.6,13.8
5.6,15.8
4,21.6
4,21
3.6,20.2
1.6,13.2
2.6,17.2
4.2,20.4
1.8,23.6
2.2,21.6
3,21.4
4.6,21
6,23.2
6.4,24.6
10,20
4.8,20
6.4,19.8
6.6,23.6
8.2,24.4
10,15.4
11.6,15
8,15
8.4,22
8,15.4
4.4,14.8
7.2,13.6
6,13.6
10,14
5.4,12.4
5.4,11.8
5.6,11.4
8,10.4
8.2,10.2
8.4,11.4
8,11.6
8,11.2
7.2,11.4
2,14.8
2.8,16
4,16
3.6,17
2.2,19.8
2.4,20
11.2,16
9.2,16.4
7,21
6.4,22.8
8,23
7,18.4
2.5,13.4
2,11.2
7.2,9.2
1,10.2
1.6,17.6
0,17.2
0.6,19.2
4.4,20.6
5,21.2
5,22.6
6,21.6
4,11
0,16.4
-1,17.2
-2.4,15.2
-2.2,14.8
-2.4,16.2
-4,17.6
-3.8,14
-1.4,14.8
-2,18.4
-0.4,17.4
-1,18.6
0.8,18.4
1.4,21.8
2.8,24
3.6,27.4
3.8,27.8
4.6,20.4
6,25.8
8,22.8
7.8,27
8,13
9,12.6
0,12.8
-2,11
-3.2,13
-2.2,17
-1.8,20
3.6,25
3.4,25.2
5,25.8
3.8,17
3.4,20
2,21.4
2.4,20.8
3.6,21.2
5,24.2
7,27.8
10.2,25
10,17.6
1,16
2,21.4
3.6,23.4
5.4,31
5,20
6,14
2.2,10.4
-2.6,8.8
0.4,11
0,16.4
2,17
-2,19.2
1.6,20.2
2,22
2.2,23.2
6,24.2
6,27.4
4,9.6
4.2,9.2
3.6,8.4
2.8,9.2
1.8,14.4
2.8,15.4
1.6,15.6
1,21.8
0.6,23
3.4,24.8
4.6,25.4
5.8,25.2
6.2,26.6
11.2,27.6
10.4,14
5.4,20
6.6,21.2
7,23.4
8.6,25.4
8,27.4
6.6,22
7.4,26.2
8,26.6
11,29
9.2,16
8,16
5.8,21.6
5.8,24.4
5.4,26.2
6,28.2
6.4,29
9.4,31.8
11,35
11.2,29.2
11.6,20
12,23.4
6.8,23.6
13,27
10.4,18.8
8.6,28.6
8.6,31
11,32.2
11.2,34.2
10,15
12,14.8
12.4,17.2
11,22
12,28.2
10,16.2
10,16
10,15.8
10.4,21.8
11.8,26.4
14,29
12.6,32.6
14.2,27.2
13,18.2
12,17.4
13.2,20
11.4,23
13.6,27.6
14.4,30.6
15,32.8
15,33.6
15.4,34
16,27.4
17,26.8
17.2,26
16.6,25
10.4,25.4
10.6,29.8
11.8,32
19.4,34
18.8,33
15,34.6
10.4,28.2
15,27.4
13.4,31
14,32
12.8,34.6
13,32.4
12.6,18.6
12.4,18
14,18.2
14.2,29.4
13,26.2
12.4,16
13,15.8
11,23
11,30.8
11.4,23
12,27
11.6,29
12.8,27.4
16,30.8
16.6,31
17,33.2
16,34
16.6,31.8
17.2,32.4
16,30.8
17,27.2
19,30.6
19.2,32
18.6,30.6
18.2,24.2
18,26
18.2,26
18,31.2
19.2,28
16.4,28.4
14.2,24.6
16,30
18.4,29
18,29.4
14.4,29
17,30.2
17,31.8
18,33.4
17,34.6
18,34.2
18.4,35.2
19.8,34
18,28.8
18,31.2
18,23.6
19,27
18,31.8
14,19.8
14.2,24.4
15,27.2
15.4,27
18,31.6
17.2,23.2
15,25
16,25.6
18,30.2
16.8,32
17.6,28.4
18.8,30.4
18.2,32
19,33.6
20,32
18,32
19,31.6
19,32.2
20.8,33.6
18.4,34.6
18.4,30.6
19.4,30
17.2,28.8
17.2,26
18.2,28.4
18,23.4
18,22.8
16.6,22.2
13.6,24
13,27.8
15.6,29
14.4,29.2
17.2,31.4
16.4,32
16,31.8
17.4,32
19.8,33
19.8,34
14,19.8
14,22.8
12,27
11.4,27.6
16,23.8
18,26.4
17.4,21.8
16.2,18.4
15.4,20.6
16,22
14,26.2
16.2,30
17.2,31.4
18,31.8
17.2,29
17,20
18.2,27
16,26
16.2,26
16.4,29
17,19.8
16.6,26.8
13.8,24.2
12.2,25
13.4,26.4
16.2,28.4
19,22.8
18.2,26.4
18.6,28
13,32
12,19.2
12.4,19
13.2,24
14,22
15,17
15.4,21
16,22
16,21
15.4,20
13.8,20
14,24.6
16,26.6
17,24.6
16,26
10.2,25
9,24
10,24.8
10.2,25
11,26
13,26.6
11.4,17.6
10.8,16.6
9,16.6
6,17.4
6.8,21
7.4,22
10.8,26.4
7,20.2
8,23.2
9.2,26
12.4,25.6
14.6,28.6
15,21.8
15.2,23.6
14.4,26
14,28.6
10,14.4
12,16.6
11.6,15
9.6,15.6
10,17
10,22
10,14
10.4,13.8
11,14
2.4,19.6
2.4,20.6
5,20.8
7.6,20.4
5,20.8
5,21
4.4,21.6
5.2,23
7.2,22.6
7.6,23
7.4,14.6
7,12
6.4,14.6
7,14
2.8,14
1.4,16
2,18.8
3,23.4
4.6,24
5.6,14
4,16
7,14.8
7,14.8
8,13.8
7.4,14.4
7.4,21
1.6,13
1.6,18.2
2.8,19.6
4,19.6
6.6,23.4
8,14.4
7.8,10.8
0,15
-1,16
0,20
3,20.2
9,14.4
9,12
6.6,11.8
6.8,12.8
6.6,23
9.6,21
8.6,14
6.6,18
5,22
8.2,21.6
4,19.8
6,17
7,11.2
9,13
2,14
2.4,18
2.2,19.6
2.2,22.2
2.4,23
6.6,23.6
7,23
7,23
7,28.6
7.4,28
0,16
1.6,17
3,21
5.6,30
8,15
6,12
0,14.4
0,15.4
2.6,19.4
2.4,22.8
4,23
5,23.6
7,26.4
8.4,23
2.6,13
4,18.8
4.2,22.2
3.6,27.2
-1,18.2
-1,15
3.2,13.4
3,6.2
-2.2,5
-3.2,11.6
-2.2,15.2
-1.8,17
-1.4,18.4
3.4,18.8
3,18.4
4,22
8,18.4
8,23
4.2,12.2
4.6,22.2
7,27
6.6,26
8,26
6.2,9.8
0,16
-2.2,11
-1,17.8
0,22
1,21
-0.6,17
-0.8,25.6
1.4,26.8
4.8,26.6
3.4,25.8
2,25.6
3,16.6
0.6,20.6
4.2,21.2
3.4,20.4
5,26
5.6,24
-3.4,16.8
-3,16.6
3,15.6
3.6,18.2
4,20.6
2.8,26.6
2,25.4
4,29
4,29.6
4.4,33.4
5,25.4
4.8,22.8
2.2,22.6
2.2,24.8
2,25.6
5,26
6,27.4
6,29.8
2.4,25.2
4,28
4.2,22
4.8,20
4.6,19.8
5.2,27.8
9.6,30.8
9,29.2
6.2,23.4
8.4,26
10,29
11.6,32
7.2,34.2
6.4,24.2
6.4,24.8
4,22.2
6,20.6
6,26
8.4,28.4
12.8,31
18,34
14.6,27
15.4,31.6
16.2,33
12.4,27
8,24
12,25.6
12.6,27.4
16,27
14,27
16.4,26.2
17,29.8
16.2,31.6
15.8,30.8
17,32.4
13,33
13,18.8
13.2,27
17,29.6
13.4,27
16,28.6
12,18.8
11.2,26.6
16.6,29.4
15.6,20
15,22.2
15,25
13,24
12,15
12,21.6
12,26
11.8,28
11.4,30
14,30.6
16,31.6
13.6,33.2
16,34.8
17,32
14,19.8
12.8,16.4
8.6,20
11.2,27
14,31.4
15,31
14.8,29
16.6,31.8
17.4,32
19.8,32
14.4,22
14,17
15,20
15,25.6
17.2,31.6
18,34
18,21.6
17,23.4
17,30
15,22.2
14.8,24.2
14.6,24.4
16.6,28
16,28
18,29.8
14,27.6
18,28.2
18,25.6
15.4,27.6
16,31
16.6,35.8
17,23.2
18,26
11.6,20
16,28.8
17,34
18.8,36.6
16,30
16,22
16.6,24
19.4,32
20,28
17.4,32
19,35.4
19,35
20,34.4
18.2,30
20,28.4
18,30
18.2,30
19,24.2
19,29
19.4,26.6
19.4,31
18,32
18,29
18.2,27
17.4,27
16,19
16,24
15,20.6
15.6,27.4
14.8,32
18.4,28
17.8,26.4
15.8,27.4
16,29
17.2,32.2
17.4,26
17.8,28.8
17.8,29
17.4,24
17.8,24.2
17,25.6
13.4,26.2
17.6,28
16.2,27
18.2,28.2
16.2,31
16,32
15.2,30.8
17,30.2
18,26
16.6,27.6
18,29.6
18,21.4
18,23.4
18,21.6
18.8,26.6
19.2,29
18.4,30
13,31.2
13.2,21.2
11.6,23.2
14.2,24.2
16.4,23.4
16.8,23.4
16.6,27.4
19.6,30
19.2,30.4
20,32.6
21.2,32.6
19,32.4
17,23
13.6,29
13.4,20.2
13.6,20.6
12.8,21.2
14.2,23.6
18,27.2
19.2,30.6
16.2,31
14.6,20.2
12.8,17.4
14,21
15,25.6
16.8,28
13,28.2
17.2,25.2
16,21
12.2,24
11.6,27.8
13.8,27.2
14.6,27
14.2,27.2
17,27.4
17,24
17,21
17.2,23
17.2,23.6
15.2,24.6
14.8,19
15.4,20.2
14.2,24
14,22.4
12.2,22.2
12.8,23.6
13.6,26.6
15,25
14.6,22.4
14,23.6
9.4,26
16,24
10,22.4
12.2,23.6
14,25
11.4,22
10,21.4
11,24.4
8.4,27.6
12.2,24.6
14,29
13.2,28.2
15,29
13,23
12.8,16
12.8,15.6
13,20
13.4,20.4
10.8,15.4
8.8,21
6,16
5,22
4.8,22.4
8,23
6.6,26.2
10.6,23.4
13,20
13.2,19.2
13.4,17
9.6,15.4
4.6,11
5,14.6
4.4,10.8
0,14.6
3,18
5.6,12.4
2,17.2
4.4,18
10,16
10,13.6
9.4,13.4
9,18
4,19
2.8,19.8
6,21.8
2.6,13
0,17.2
-1,16.6
0,16.4
0.6,19
2.2,6.6
1,6.8
1,2.2
1.4,3.6
-2.2,5.8
-1.6,17
0,19
-2,20.6
-1,20.4
-1,21
0.8,20.4
2,20
2,19
4.4,21
6.6,18.4
8.8,17.2
10,21
11,20
6,13.4
0.8,14.2
1.6,14.6
2.2,16
6,13
1.8,15.4
3,17
7,14
2.4,13
4,15
-1,11
-2,11.4
-3.4,15.4
-3,17
-2.2,17.2
-1.2,18.4
0,18.6
0.4,18
-1,17.8
-1,14.4
1,13.2
1,25
3.4,18.8
4,12.2
0,8.4
-3.4,4
-6.2,11
-5,10.6
-4.2,12.6
-3.8,15.4
-2.8,17
-2.4,17
-1,18
-2,22
-2,22
-1.6,22
0,22.4
1.6,22.2
-3.8,15.6
-3.6,15.4
-4,16
-2.6,21.2
-1.4,23.2
0,23.4
-5,17.6
-4.6,22
-4,18.2
-3,21
-1,16
2,6.6
-3.8,13.8
-4.6,15
-4.4,15
-3.8,16.6
-1.6,21
-1,21.6
-3.4,18
-2.8,13.6
-2,15
-1,21
2.4,25
3.6,31
-2,24
2.4,14.8
3,13.4
2.5,14
-3,14.2
-4,15
-1.6,17.4
-0.4,21.2
2.2,24
8,16.6
6,13.4
-3.8,15
-2.8,20
-2.4,22
4.4,18.2
-1.8,19.4
-1,21.2
2.8,23.2
2.8,25.4
3.6,28.4
7.6,32
9.8,25.4
8,26
10,29.6
11.6,31.2
12.8,34
13.4,29.6
12,24
12,21.6
13,25.2
12,17.2
10.4,16.4
9.8,17.8
5.4,16.6
3,24.4
5,22
7,26.2
11,21.8
10.6,15.2
3.8,15.4
3.2,15.2
3.2,19
0.2,21
2,27
4.4,27.8
7,28.6
11,31
13.2,32.2
10.2,29.2
10,28
15,27.4
13.2,31
11.8,14.8
12.4,19
8.6,17
13,27.2
11.8,20.4
10,14
11,17.4
6.6,22
13,19
9.6,20.2
12,26
11.4,28
11.6,28.2
12,30.2
13.6,35
13.2,24.8
17.2,26
16.2,25.2
14.8,28.8
14.6,32
13.6,34.8
14,22
9.8,29.4
18,26.2
16.6,23.4
11,25.6
11.8,18.4
12,26.4
12,30
12,30.2
13.2,26.8
12.6,29.4
15,31.4
17,29.4
14.2,27.4
13,19
7,17
9,25
11.2,30
11,17.2
6,19.2
9.8,27
12,29.8
11,33.6
17.2,29.4
17.8,29
17,29.6
15.2,32.2
12,19.6
8.8,17
10,28
13.8,31
17.4,30
14.8,32
14.4,33
16,33.6
16.4,33.6
16,28.8
16,26
16.2,32
13,21.6
13,25
14.8,26
15,31.6
17,33
16,33
13.6,23.4
16,31
17,32.8
13,29.2
12.2,16.6
12.6,20
16,24.8
14.6,31
14,33.8
16.4,34
18,35
15.4,35.4
16.8,32.6
14,31
16.4,28
14,23
14.6,24.6
16.4,31
16,32
17,32
17.8,29.6
18.4,31.6
20,32.4
21,32.4
18,29
18.2,30
18,34.2
19.6,33.2
18.2,34
18.4,33.2
12.8,35
13,20
17,25
16,26.6
19,30
22,34
18.2,33.2
18,25
17,29
16.4,22.6
14.6,26
15,26.2
15.6,22
16,19.6
18,22
18.2,23
18.6,23.4
18,26.6
18,29
17,27.4
17,27
15.6,26.8
14,30.4
14.2,30.4
13.8,32.6
15.4,32
14.8,31.2
18.6,31
18,27.6
17,27
13.8,30
11,25
13,25
12,23.6
14.6,29
17.2,30.8
17,32
15,31.2
14.8,31.6
18.8,35
19,27.4
18.2,27.8
17,27.4
16.6,28
16.6,29
16.2,24
16.8,21
16.6,24.2
15,26.6
15.4,29.4
15.8,30
14.2,32
15,29.4
14.2,28.6
15.6,27
15,29.2
16.4,24.4
16,22.2
15.8,21.6
16,25
15,19
16,20
16.2,24
16.4,25
16.6,24.6
13.4,24.6
16.2,27
17,27.6
15.6,27.4
15.8,29
13.2,30.6
16,30.4
15.4,23.2
15.6,23.2
12.8,24
15.6,26
17.2,28
16.4,30
16.6,19
16.2,19
16,20
15.6,18.8
12.6,18
12,23.8
10,24
11.2,26
11,26.4
12.4,27
14,26.4
9.8,22
8.8,24.2
12.2,26
12,27
11.8,15
8.2,14.2
8,13
3,13.2
3.6,21
8,25
6.8,26
8,24.2
11,25
3.4,26.6
11,26.6
12.4,27.4
12.2,28.2
12,28.6
4.6,28
11.6,29
11,25
8,14.4
7.8,13.6
1.8,16.8
1.4,18.6
2,19
3,18.8
1.6,20.6
6,22.6
11,21
11.2,13
11.4,13.6
11,19.6
7.8,17.6
7.6,21
5.6,22.4
4.6,22.6
4,23.4
6,23
6.2,24
6.2,26.4
6,26.6
9.8,27
10,28.6
8,26.4
9,28
6.4,15.4
3.8,17.8
4,18
4,18
2.4,10
-2.8,6
-1.6,9
-3.8,12.4
-3.8,13.2
-2,14
-2,14.8
0.6,13.8
2,20
3.4,17
6,18.6
6.4,19.6
7,19.2
0.6,14.8
0.6,15.4
1.6,18.6
1.6,20
2,21
-2.8,13.6
-2.8,14.8
0.6,18.8
-1,15.6
-1.8,16.6
-1.8,9
1.6,8.6
3.4,5.4
3.8,7.6
5.4,10
0,12.8
-2.2,14.2
-2.2,20
-2.2,21
0,21.4
1.6,20.4
2.6,21
1.8,19
2,18
2,18
3.2,18.6
5,16
4,22
2,19
5,20.6
6.2,21.2
6.6,23
6.8,22.8
6,22
6.2,21.6
4.8,26
5.6,25.6
9,27.4
6,20
4.2,17
1.8,19
5.6,20
5.4,14
3,14.6
0.6,14.8
1.6,18.2
1.6,20
6,17
8,18.6
1.8,19
1.2,19.2
3.8,20.2
5.2,23.8
4.6,16.6
2.6,10.6
3,19
0,17.4
0.6,21.6
3.8,22
6,15
4,20
3.6,23.6
4.2,24.6
-1.6,17
-1.2,17.6
0.8,21.6
1.8,23
6.6,32
6,15.4
-1.6,17
-1.6,17
-1.8,20
0,16.4
7,12
-1,15.2
0,23.2
5,26
7.8,29.2
5.2,31.6
0.6,21
1,21.4
0.8,23
2,24.6
4.8,30.2
5,32.8
5.4,19
3.6,11
-4.2,11
-3.4,16
-2.2,20
1,23.2
2.6,24
5.6,25.4
8,21
3.4,11.8
1.2,12
1.8,18.8
2,23
1.8,25
3.2,24.2
5.4,26
2.8,20.2
3,20.4
1,21.6
3.8,23.2
4,26
7.8,26.4
7.2,26.6
8,28
11,32.2
12.2,29
11,25.2
9,18.2
12,27.4
5.4,24.8
10,30
8,15.4
5.8,17.6
8.2,27.4
12,28
5,28
6,28
10,31
13,34.8
16.2,32
13.4,23.6
15.4,18.2
14,19
13.2,17
10,18
10,21
10.4,28.2
12.8,31
12,33
8,20
13,26
15.2,28.4
16,28.2
15,28.4
11.8,26.6
14,29.6
13.2,18.8
8.2,22
13.2,27.8
14,27
14.2,27
14.8,28
16.6,31
16.4,31
12,31
15,31.4
17,34
16,32
12.8,27
16,26.2
12.6,27
13,31
14,31
10,20.4
6.6,21.6
10.8,26
17,27
11,25
10.6,30
11,31
12,32
11.8,34
15.8,36
17,33.6
16.8,33.6
17,36
18,32
17.2,26
16,25.6
15,19
14.2,24
12.6,24.6
12.6,26
14,29
15,30
16,32
18,34.2
18,30
17.6,23
17.8,22.6
18,26.6
17,23
15,29
17,32
19,32.6
19,32
19.6,30
16.6,30.6
18,34
16.8,32
16,22
16,26
17,27
17.4,31
16.2,31.4
17.6,32
17,25.6
17,27.6
17.6,32
17.2,32
15.4,23.4
15,20.2
13.6,23.2
12.2,29
16.4,30.2
15.8,31
15,28
13.4,20
12,29
14,29.6
16.6,30.8
16.6,25.6
18.4,30
18,30
16,26
17,29
14.6,32.6
13.2,20
12,25.2
12,28
15.2,29.6
15.6,30
16,31
15.2,33.6
17,30
16.6,21.8
17,28
18,27
19,27
17,32
18,28
18.2,27.4
17,29
17.4,28
17.8,27
17.6,32.4
15,21
17,23
17.6,25.6
18,23.4
18,28.6
18.2,31.6
15,28
17.4,26.6
14,28
14.6,29.6
15,30.2
15,31
15.4,31
17.6,32
17,33.6
16,20
14.2,21.2
16,25
12.6,23
16,25.6
17,27.6
17.4,25.4
14,29.6
17,31.6
18,31
19,30.2
16,23
14,25
15.6,27
18,29.6
17,20
15.2,19.4
14,20
13.4,26.6
14,29.6
16,30.6
16.6,30
16,27
17.2,26.6
17.4,28
16.4,22.2
17,24.4
17.4,27
17.6,27.6
14.6,30
15,26.4
16.6,25
16,26
14,28
12.2,28.6
12,30
14,31
16,31
16.4,28.6
16.2,19.6
13.4,22
13.4,28
14,29
17,21.4
16.4,27.2
17,28.2
17,26
14,27.6
13.6,29
13.8,28
12,28
13.6,30.6
17,29
13.8,28
13.2,29.2
14,28.6
13.6,30.4
12.2,16
10.2,14
11.6,21
10,24.6
11.6,24.8
13,19.8
12.6,19.6
15,24
10,23
11.6,25.6
12,27
13,23
10,25
7.8,25
8,26
10,25
7,21
7.2,23.8
7.8,22.2
8,23.6
7,26
9.4,26.2
9.6,26.6
11,16
9.6,15
9.4,13
3.8,15
6.8,21.4
8,21
8,19.8
5,18
7,21.6
6.8,25.6
7.8,27
9,27
11.4,27.4
11.2,25.8
8.2,16
7,9.4
6.4,9.2
6,9.6
4,15
1.2,17.4
2,17.2
0.8,12.6
0.6,16.4
0.4,19.4
2,19.8
4,20
4,20.2
4.2,19
0,19
2.8,18.8
-1,16.6
-1,17.4
-1,17.6
0.8,18
0,19
0,18
0.6,17.6
2.4,19
4.4,22
4.2,21.6
7,12
6.2,11
6,16
-1.6,14
-1.4,16.4
0.4,16.6
0.6,17.2
0.2,23.4
-2,21.4
-1,18.4
0,24
0.6,17.4
0,21
2,21
4,23.2
0,26
2,26.2
-2.2,16
-3,14.4
-4.4,17
-4,16.6
-3,17.6
-3.5,13
-4.2,16.6
-3,17.2
0,17.6
0,18.4
0.6,19
2,18
5,14.4
3,19
0,7
-6,7
-7,12.8
-5.8,15
-4,17
-3,18
-3,18.6
-1.6,19
-1.6,17.6
-2,17
-1.4,18
0,18.2
-2.4,19.4
-2,21
1,25
3,16.4
6,19
-1.8,14.6
-2.2,20
-1.6,22
-1.2,22.2
-0.2,23.4
1,22.8
3.8,25.2
4.6,31.8
6,16.2
-2.2,15.8
-2.4,18.6
-1,19
-3,15.4
-2,18
-1,19
3,24
5,27.2
5.4,28.4
6.4,30.6
6,32
8,33
8.4,33.2
9,34
7,28.8
12,24
11,19
10,14.6
10,18.6
12,29
10.2,32
6.4,23
6,12
-2.2,15.2
-2,16.2
2,17
3,18.4
3,24.4
5,25
8.8,29.4
11,24
6,15.6
8,25.2
8.2,25
9,25
7,29
0,18.2
-2,19.8
0,22.2
2.2,25.6
6.6,29
4.6,16
4.4,10.6
4.6,11
-2,30
0,31
2.4,26
4.8,28.8
8,31
10,36
11.4,16.4
9,20.6
8,26
9.4,26.6
10,31
5,24.8
10,32
11,30
10,26
10,15.6
7,20
11,29
12,29
13,29
14,32
12,25
11,25.2
10,35.2
9.4,18
9,26
12.4,27
14,32.2
17,36.2
17.6,40
18,40.4
18,40.2
20,40.2
13.2,38.6
13,21.2
12.2,29.4
16.4,28
13,34
13,24
9.8,24.6
14,31
14,18.2
14.4,22.8
15.2,28.2
17,29.4
16.2,24
16,25
16.8,24.6
20,32
19,32
18,28.6
18,31
17,33
18.2,32
19,35.4
21,31
17,34.4
17,22
19,26
18.8,30
14,34.4
12.2,28
17,29.4
17.8,34
14.6,24.6
14,22
14,29.6
13.8,23.2
14.8,20.2
15,18.4
15.8,20.4
16,22.8
14,20
14,27
15,29.4
14.8,26
18.2,28.2
18,31
17,26
19,32
13,32
19,22.4
19.2,25.8
20,28.4
21,32
20.8,32
14,26
14,31.6
20,30.6
19.6,33.8
16.8,23.6
18,28
16,26
19,28
17,28.4
18,28.4
18.2,32
18,37.2
15.4,21
15.2,21.4
15,24
17,26.4
18.8,30
19.8,28
13,26
12.8,26
15,28.8
12,28
13,30
17.6,32.2
17,34
17,29.6
17.4,31
16,32.8
15,32.4
15,32.6
15,33
14,32.2
14,31
14.2,35
16.6,35
18,34.6
18,34.2
17.6,30
18,30.2
20,29
20,32.4
18,31
19,31.2
19,32.4
18.8,33.2
20.4,30
20,30.4
18,25
18,27
19,31
18,33
18,24.6
18,23.4
18,22
18,23
18.6,27.2
20.6,31.2
20,32.2
20,31.4
20,29
19.4,24
12,23.2
12.4,24
12.4,22
17.8,25.4
16,25.2
16,26.2
17,27.4
14.4,24
17,28.8
17.2,29.2
18,30.4
18.4,31
19,26
19,25
19,22
19,24
15,27
13,24
17,28.6
17,20.6
17,23
17.2,28
18,31
19.4,30.6
17.8,24
17,27
13,19
14,26
17,26
17.2,23
19,25
18,25.6
18,28
16,28
16.2,29
14.8,29
17.4,30
17,26.4
12,18.6
12,19
12,19.2
12,19.4
13,20.8
14.8,20
12,19.8
10.6,24
14,25
12,25.2
10,26.2
8,16.2
5.6,21.8
5.8,21.6
12,25
13,28
15,27.6
14.6,28
12,19
10,16
10,16.6
7.4,17
6.4,17
5.4,22.4
5.6,21.4
11,23.4
7.8,20.6
12,24.2
14,25.4
8,21
9,24.6
8,25
7.6,25
10,25
6,17.4
4.2,17.8
4,18
4,20.6
3.8,19.6
5,22
3.6,19
6,19.2
4.6,10.6
4.2,12
0,11.6
0,20
3.6,18.6
3.8,19.4
6,14
7,13.6
8,18
4,19
4.6,19
10,19.2
11,14
8,13.2
7,15
4,19
3.4,14.2
4,17
2.8,16
1,16.2
0.4,18.6
3,19
2,19.6
2.4,21
8.4,21
8,21
7.4,10
7.4,10.2
8,11.6
6.6,16.6
4,20
3.8,21
6,18.6
10,14
9.8,15
10,15.6
8,11.6
6.4,12.4
4.8,17
5,19
4,19.6
4,16
4.4,16.2
-1,15.6
-1.2,17.2
-1,18
-1.8,21
0,20.4
2,23
2,22.4
7,23.6
10,24
8,17
3,21
4,19
2,19.2
2,19
2.4,21.4
-5,10
-5,14
-4,13.6
-4,6.4
-1.6,2
-1.4,2
-4,10
-4.2,13.2
-4,12.4
-4,16.2
-3.2,13.4
-3,15.4
-2.8,14.4
-3,15.4
-3,17.8
-2.2,18
0,20.2
2,20
3,20.4
2.6,23
2,16
3.4,12.8
2.6,10
1.8,6
-3,12
-3.6,13.2
-4.4,13.4
-2.2,18
-1.4,17.4
4,15
2,20.2
1,18
-4,14.2
-4,12
-3,18
-3,18.2
1,22.6
2.8,27.2
3,23.6
3,22.8
3.6,28.2
7,28.4
10,28.4
10,15.4
6,21.4
3,23
4,28
8,29.2
7.4,16.2
4.6,18.6
1.8,20.2
6,10
0,8
0.4,19.2
0,20.6
0,23.6
1,24.6
2.6,26.2
4.6,26.8
6.8,28.2
7,31
7,29
7.4,29.2
0.6,18
0.6,24.8
1,25
6,26.2
7.8,20.4
8,20.6
8,27.6
5,30.4
5,30
13,22
13,18.2
12,16.4
10.2,19
10,24
7.8,26
7.8,21.8
7.4,23.2
5.2,18.6
3.6,17.2
4,19
4.4,21
5,27
10,28.8
12,29.4
10,20
6.2,21.2
10,25
13.8,24
10,26
11,27.6
13,27.4
14,27.6
12,23.4
10,23.2
7,20.6
8,25.4
10,29
12.4,30
12,25
7.4,20.4
7.4,20.6
12,20
7.6,23.4
7.8,25.6
7.6,30
5.4,29.2
7.4,34.4
4.6,33.8
13,29
8,29
8,31
8.4,32.2
11.4,24.4
10,29
11,32.6
15,34
6.4,23
4,23.4
3.4,27
4.8,27.2
4.8,29.4
5.4,29.6
5.6,30.2
5.8,30
5.6,29
6,30.2
7,32
8,29
10,29
7,29
8,29.2
10.4,25
10.4,29
13,30.4
13.8,32.4
14,33
12,20
11,32
11,31
11,31.8
12,34.4
17,20.2
17.2,23
17,26
14.2,28.6
17.4,32
16.4,24
17,30
19.6,37
13.4,34
4.8,18
5.4,24
7,29
9,30.2
10,31
14,32
14.6,32
13,19
14.2,24.8
16,28.6
15,32.2
18,34
16,29
16,30
17,31
18,30
18.4,26
18,27
15.4,25.6
18,29
17.2,29.2
16.2,29.4
15.6,30.6
15,32.6
16,25
16.6,25.2
18,27.6
19,25
16.4,23
13,20
15,28
14,32
17,33
17,29
18,30
15.2,33.8
14.6,19
15.8,24
17,32
16,27
15.8,27.2
16,29
17,29
18,28.4
19,31
19.8,29.4
20,26
19,28
20,27.6
19,28.4
18,28
17,22
18,26
19,28
18,23
19,27.4
18.2,27.2
18,29
16,27.4
17.2,25.4
16,24
15.6,24.2
17.6,26.6
16.6,27.4
16,26.4
18,27.2
18,28
17,28.4
17.4,24
18,24
17.4,22.2
17,23.6
18,26
18,29.2
16.8,20
16.8,23.4
14,26
16.2,26
17.4,26
13,25.6
14.8,26.6
15,28.6
18,29
18,25.6
15.8,25.4
16.6,25
15.4,27
17,28.2
17,28.4
18,30
11.8,31
10.2,19
12.8,21
14,19
15,20
13.4,23
13.6,24.6
13.8,24.6
11.8,24.2
11,27
14.2,27.6
14,28.6
14,17
14.6,21.4
11,21.8
8,21.6
10,21.6
10,22.2
12.2,26
15.8,26.8
16,27
15.2,25.4
13,26.4
13,26.6
14.2,28
14.8,26.8
14.6,27
15,23
16,25
13.8,25.4
8,21
10,23
11.8,25
13,19.4
12,15.2
11,17.2
10,18
10.2,20
11.4,17.4
10,24
8.8,26.4
9,25.8
6,19
5.8,21
11.4,25
11.4,23.4
12,24
12,28.2
6,15.4
3,21
5,20
4.8,12
1.8,13.4
1,20.4
2.2,25
4,24
4,24
6,24.4
8,21
10,23.2
11.4,23
13,22
14,23
12,21.8
12,15.6
12,16
5.6,16.6
4.8,21.4
4.6,21.6
6,21.8
7.2,22.6
7,22
8,17.4
9,16.8
2.4,20.6
2,20.2
4,16
7,13
6.6,12.4
9,13
9,16
10,16
11,20
9,15.2
9,13
7.8,15
1.4,16.6
1.6,17
0,17
2,20
1.6,20
3,20.6
4,22.4
0,17.4
0.2,18.2
-0.4,18.4
4.6,18.4
7.6,14.4
7,15.4
7,14.4
9,14.2
8.8,12.6
0,12
-1,17.4
-2,16.6
1,16.4
-5,11
-4.8,12
-4.2,14.4
-2.2,17.2
-3,14.2
-6.8,13.2
-6.6,12
-6.4,12.2
-3.4,12
-3.4,16
-3.2,14.6
-2,18.8
-2,19.2
-3,19.4
-1,22
1,21.4
5,25
5.2,17.2
5.6,21.8
5.4,24.2
6,23.4
5,20
5.4,13.6
4,10.2
-4.2,7
-3.4,12.6
-2.4,18
0,18.2
2,19
5,28
-2,18
-1.6,19
-2,23.2
5.4,16
5,9
-1.4,7
-4.4,12.2
-3,12.6
-4,17
-2.6,17
-2,22.2
1,23.8
1,24.2
4.6,22
3,21.8
4.6,23
7.6,27.8
7.4,30.2
7,15.4
3,16.2
3,18.4
6,24
3,18.2
5,23
-2.6,8.4
-2,11
4.6,14.2
-4.2,16
-2,17.2
-1,17.8
-1,21.4
1,20.2
1,25.4
1,25.6
4.2,21
4,21
0.6,21.4
1.4,22
3.4,23.2
3.2,30.4
4,25
-1,19.4
0.6,21.6
2,22
-1,22.2
-1,25.8
-1,30.2
1,29.4
6.8,29.2
5.2,27.2
5,26
5.2,28.2
5,31
5,15
5,20.4
6,21
5.4,25.4
5.6,26
12,28
3,19
3,23.2
4,26.4
9.8,30.6
10,30.2
9.6,30.4
10,31.2
10,27.2
11,27
10,21
12.6,15.6
12.2,19
12.4,22.4
13.2,28
13,29
11,20.6
7,21.6
7,26.4
11,25.2
10,28
10,20
8,16.6
7,26.4
7,29.4
8,27
14,28.2
9,28
9,28.6
11,29.8
11,28.6
11,18
10,18.2
12.4,24
12.4,23.4
11,24.6
14,29.6
13,28
11,27.6
10,27
8,28.8
10,30.4
10,32
17.4,33.6
16,29.4
14,31
15,34
17,35
13,36.2
12,20
14,24.2
15.6,24.6
14.8,24
15,23.6
16,26.8
15.2,23
14,22.8
15,29
13.4,31.4
15,26
10,28.2
10,29.6
10,30
13,33.6
19.8,34.4
18,32.6
17,34.4
17,33.6
14,34
10,20
11,25
11,28.4
11.4,30
11,30.8
17,20.6
16,23
15.8,23.4
14,26
13,28
14,32
13,32
15,21
14,24
12.6,28.4
15.6,28
15,27
15.2,32
15.4,34
16.4,36.4
16.4,36.4
16.6,37
20.6,35
10,26.8
11,16
10,23
11,27.2
10.8,28
10.8,28.2
18,29
16,26.8
15.2,32.6
16,33
14.4,32
15,33
18,30
18,31
16,26.2
17,30.6
17,35
18,36.6
18.2,33.6
18,26
17.6,27.4
17.8,28.2
16,30.2
15,31
19,31.4
18,31
18.4,26
18,30
17.2,32
17.4,32
18.8,26
17.8,31
17.6,22.8
14,27
16,27
15.8,26
16,32
18,32.4
20,34
19,28
17.8,27.8
19,27
19.4,27.4
19,33
20,34
19.6,33.4
20,34.6
17,30
16.6,21
16,25.2
16,29.2
18,30.4
17.4,31
17,30.6
17.4,31
20.2,31.6
21.6,32
20,32.2
20,32
18,27
17,24
17,29
17.4,24.2
15.6,23.6
20.2,29.6
18,25
17.2,28
18,32
16,31.4
16.2,24
14.6,24.4
17.6,29
19.2,31
19,30.4
18,25.4
15.4,25
15,31
15.6,30.4
14.6,32
17,34
17.6,32
17.4,31
17,22
13.8,26
14,24.4
15,26
14.6,29.2
14.6,30.4
18,27
18,22.4
17.6,20.4
13,22
16.4,26.2
15,27.2
9,24
8,17
8,24
11,26
11.4,26.4
13,27
16.2,28.2
17,28.4
14,23
13.2,27
10,22.6
10.6,24
14.6,26.4
12,27.2
12.2,24.2
15,24.4
14.6,22.4
15,23
15,23.4
15.2,23
15,23
16,24.6
16,25
17,21.4
15,25
10.6,22.6
13,24
11,15.8
12,17
12,14.4
11,14.2
9,14
9.6,12
9,13
2.4,15
2,18
4.2,19
4.2,19
5.6,20.8
6.8,22
10,25.4
10,23.2
10,23.4
10.4,24.6
11,26
12.4,23.4
12,16
10,15
10,18
10,19
5.8,19.6
6,22.2
7.6,22
11,22
11,19
11,19
12,15
10.4,15
10,18.6
8.8,19.4
8.8,16.4
9.6,18.4
8.8,20.4
10,23
11,24
7,16.4
4.2,19
4,20
4.2,23.6
8,18
0,10.4
0,15.2
-3.6,15
-4,12
-2.4,13
-2.8,14.2
-3.6,18
-3.2,18
-2.4,21
2,22.4
4.8,23
4.6,21.4
6.2,20.2
6.6,18.4
2.6,11
-2.4,12.6
-2,17.8
1,18.2
-1.8,19
-1,19.2
3.6,19.8
2,18.6
0,18.4
2,21
4,23.6
5,23.4
4.2,21.6
8,23.2
4.8,12.4
4,7.8
-3.4,10
-3,12.4
-2,10
-3.8,13.4
-3.6,15
-2.4,16
-2,16.4
-3,11
-2,15.4
-1.4,17.4
1,17.6
4,10.2
-3.4,16
-3.6,16.4
-3,19
-1,20.2
-1,21.4
0,22.4
-1,19
-1,20
5,16.2
-2.4,16
-1.4,18.2
-2,17
-1.4,19.2
2.2,13.2
-2.2,12
-3,14
-1,16.4
1,21
8,16
9,17
5,18
5,14.2
0.4,17.4
0,21
0,24.2
3,25
3,26.4
0,27.4
3,19
3,18
5.8,23.4
6,24.4
7,25
8,19.2
5,22
4.4,25
5,23.4
5.6,27.2
8,25
4,14
-4,9
-4,13.2
-4,14.2
-2.6,19
-1.6,21.4
2,24.8
2,25
4,28.4
3,28
7,30
7.2,30.2
8,14.8
4,16.4
4.6,24.2
5,24.6
10.6,14
8.4,15.6
9.4,23.4
9.6,27.4
10,27.4
11,28.6
8,35
12,31.2
14,28
6.4,16
2,18.6
2,23
5.6,25.4
7,26
8,26
4,29.6
8,18
1,18.4
1,21
2.6,22.4
3,28
2.4,29
6,26.8
6,25.2
12,20.6
8.2,27
13,29
13,29
11.8,18.6
13,16
10,17
8,23.4
5.6,21.6
6,23
11,29
11,29.4
5,27.4
5.8,26.2
7.8,28
13.4,28.2
13,33
13.2,33
13,21
11,24
8.6,23
10,25.6
10,28.6
14,30
18.4,34
18,26
17,31.6
12,25
15.2,26
17.6,21
15,23
14,29
16,27
15,27
15.2,32
16.6,29.2
17,33
16.4,35
14.4,23.2
14,24
15.6,21.4
16,22
15,25
15.2,28.6
13,29.6
15,31.4
16,32
17,28.8
18,35
18,32.4
17,29
16.6,29
16,23.4
14,25.8
13.8,28
17,32.8
16,31.6
14,26.4
16,25
18,27
18,28
20,32
16,24
17,26.4
12,35
10,22
13,25.4
16,30
19.4,33.4
13,29
16.8,33
14.8,27
18,30
19,30.2
18,32
18,31
18.5,24
20,33.2
16,23
15,25
16,27
17,33
17,34
15,33.4
13,25
9,24.6
12,29
14,31
16,34
14,38
12.2,24
12,23.6
15,28.4
19,31
19,32
15,23
17,31
19,32
19,28
19,30
20,30.6
16,31
17,30
18,30
19,29.6
19,32
19,28
18.2,27.4
18,27.6
14,25.4
18,23.2
16.4,27
19,28
19,36.4
15.4,26.4
15.4,26.4
16,31
17.4,31
18.2,30
15,31
18.4,32.4
18,35.4
18,27
18.4,27.6
18,31
18.6,31.2
18.4,29.2
14,30.2
16,32
17,29
16.6,32
14,32
16,32
18,33.2
18,30
18.2,30.2
17.4,34.2
15,34.4
13.8,17.2
13,19
13.4,20.2
17,27
16,21
17,32
16,31
12,23.2
10,21.4
13,27
14.6,29
17,26
16,22.2
16,22
10,21.6
11,26.4
14,28
17,28.4
18,30
18,33.2
17,33.6
15.2,24
15.6,23.2
12.6,23.6
12,23
11.6,14.4
12,15.2
12.6,15.6
12.6,15
9,20
9.2,25
13,26.6
15.2,25
10,25.4
13,25
15.4,26.2
16,22.2
16,23
13,26
11,26
14,26.2
13,28
13.2,19
13,17
8.8,21
6,24
8.8,26
8.4,28
15,20
13,21.4
10,22
13,25
14.6,28.2
12.8,17
8,24
10,24.2
8.8,25
9,26.6
8.8,26.6
8.2,26.6
8.2,26
8.4,26.6
8.6,27
8.6,27
7,26.4
9,26.2
10,26.2
11,27.2
12,25
13,24.6
14,20.2
10,23
11.6,23.6
12,25
14,26.4
12.6,25.2
7.8,25.4
10.4,24
3.6,18.6
6,22.6
6.4,24
8.6,24.4
9,25
9,24
14,21
8.6,21
7.2,11.6
5,11
7,10
2,10.6
1,17.4
2,17.4
3,16.6
0,17.4
0.6,18.2
1,20.4
1.2,21.6
1.6,22
4,23.2
6,26.2
7,20
4,21
2.2,20
2,21
3.6,24
3.4,20.4
2,22.6
2.4,25.2
0,21
2,21
2,20.2
3,20.4
3,21.6
4,22
5,23.2
6,23.6
10,20.4
9,17
7,16
7,10
6,14.2
3,8.4
-2,8
-1,15.2
-1.4,19.4
1.6,12
-1.2,15
-3,16.6
-1.6,16
-1,17
1,22
-1,19
0,19.6
0,19.6
-1,18.6
0,20
4.6,21
6,20.4
7,21.6
7,17.2
4,10.4
3,9.6
5.4,11
5,17.4
6,19.6
5,19.6
2,20
0,17.8
1,21.2
2,24
5,16.6
5,10
2,9
-5,8
-8,10
-7,11
-5,15
-3,16.6
-1,15
1,19.2
2,22
1,24
6,25.2
7.6,25.6
7.4,13.6
0,19.4
-1,19.6
-1,20
1,24
3,21.4
5.4,29
6,17.2
-6,10.2
-5,16
-4,21
-4,13.4
-4,14
-4.6,15.4
-4,18.4
-1,20
0,21
0,22.2
3.8,23
4,29
7,29
4.6,15.6
-4,15.2
-4,12
-3,9
-3.6,14.2
-3.4,19
-1,26
0,26.4
1,28.4
1.2,30
1,32
5,30
6,16.4
3.4,23
6,24.4
7,31.2
9,33.4
8,33.2
10,34
9,34
9,34.4
8,29.4
8,16.4
7,11
6,13
5,7.6
-2,9
-2.4,13
1,20.6
5,26.6
6,24
6,22
-2,16.2
-2,19.2
0,21
2.2,22.4
2,23
2,22
0,20
-1,21
0,23.6
3,26
10,25.4
2,22
2,25
4,27
6,27
8,30
10,32.6
10,27
15,26.6
14,21
13.4,22
16,25
13,23
14,29.2
11,29.4
12,30
10,32.6
11.4,36
6,28.4
10,29
16,32.6
13,19
11,25.2
10,28.4
9,28.6
13,31
16,33
13,35.2
18,35
13.6,23
7,25.4
8,28
8.6,29
10,30.6
11,31.4
12,33
14,34
13.6,22.2
14,18.4
6,28.4
8,33
14,33.2
15,36
14,27
10,32
6,32.6
17,34
12,24
10,29
10,32.2
10,33
13,34.4
16,36
16,33
14,23
16,25
15,28.2
13,24.2
15,31
15,34
18,37.2
14,25
17,34
19,35
18,34
19,30
19,36.4
18,36
18,30.4
18,28.4
17,28.4
18,28.6
18,30
14.6,27.4
17.4,33
18,32.6
17.6,30.4
18.2,32
16,30
18,32
17.6,33.2
18,33
18,36
18.4,37.2
18.4,37.2
20,35
20,38.4
17,28.4
18,34
17,34.2
18,33
14.6,37
10,22.4
11,29
13,31.4
16.6,33
20,35
18,29.4
19,34
18,34
16,26
15,25
17,28
19,29
16.6,32.6
16,33.6
17.4,33
18.2,33.2
18,34
20,34
22,37.2
23,38
23,37.2
12,28
12,21
16,24
17.4,23
17.2,28.2
15.4,25
15,29
17,32.4
19.4,33.2
20,34
20,30
21,32
17.6,32
18,27
18,32.2
18,31
17.6,31
19,30
19.6,30.2
18,28
16.2,27
16,27
17,20
17.4,22.6
17,24
15.2,23.6
13,26.6
18.2,27.2
18,29
17.6,24
18,21
15.4,22
13.4,19
13.4,19
16,24
17.6,24
15,23.6
12,21.4
10,23.8
11.6,27.4
13,30.4
17.4,28.6
16,22.4
15.6,24
15,29
10,24
12,25
13.6,25
14,28
17,29
13.6,24
14,28
13,27
11,18.2
12,17.4
9,25.6
12,26
10,23.4
8,22.4
14,24.4
16,24
14,23
13,23.2
14.2,27.2
15,27
11,27
15.4,20.2
16,20
18,21.4
19,26
19.4,26.4
19,27.2
19,28
15,29
16.6,24
17,23.6
14,22.2
7,18
9,24
8,18
3.6,20
5,22.2
5,23.4
11,22
12,21
14.6,24
15,23.2
15.4,26.2
13.6,18.2
14,19
14.2,23
15,20
11,20
15,21.4
13.6,18
12.4,15.6
12,17.4
10,19
13.6,20
10,24.4
11,23
10,22.2
14,22.4
12,23.6
13,23
9,18
11,18
12.6,17.2
13.6,18.6
14,17.6
9.6,18
10,20
11,23
10,18.4
10,18
12.4,16.2
12,17
9,18
6,12.2
5,14
4,15
2.4,16
4,18
8,17.4
7.4,18.4
7.4,18
6,17.6
6,18.6
5.6,18.4
3.8,19
3.8,18
5,22
2.2,14
3,15
1.4,16.4
1,12.2
2.4,19.4
5,19.2
8.2,20
9,23
8,21.2
5,21.4
-1,16.4
4,16.6
6,13.2
9,13
8.4,13
7.6,13
3,18
3,19
9,18.6
8,20
7,16
5.4,17
0,13
-1,15
-2,16
1,16
3,18.6
3,19.2
5,15.6
5.4,18
4,17.6
-2.6,17
0,17
-2,16
-1,16.4
0,15
0,16.2
-1.4,18.4
2.4,19.2
2.4,22.6
4,22
4,17
5.6,18.4
3,19.2
4,19
1.4,20
2,22.6
3,19.6
-2,13
-3,13.2
-3.2,14
-2,15
-2,16
-1,18
1,20.6
2,20.6
