19790101
1.744
2.634
2.931
2.820
2.992
2.590
2.137
2.045
2.227
2.317
2.978
2.672
2.775
2.165
2.119
3.529
3.842
2.298
1.992
2.484
2.638
2.736
3.180
2.955
1.468
3.426
4.488
3.015
1.766
2.292
2.046
2.487
2.216
2.473
2.476
3.588
1.907
2.056
2.273
2.377
1.689
1.994
3.262
2.274
2.304
4.572
3.102
2.422
2.105
3.509
4.823
3.308
2.209
2.474
2.663
1.899
1.590
2.321
2.956
3.810
3.753
1.981
1.798
2.230
2.090
2.803
1.971
2.856
2.119
1.932
1.843
1.918
2.040
1.887
1.819
2.554
2.594
2.036
3.119
2.043
2.129
2.152
1.901
2.837
2.007
1.863
1.699
2.192
2.188
2.316
3.136
2.516
2.984
3.064
3.111
2.075
2.257
1.984
2.616
3.209
2.079
2.076
2.184
1.818
3.039
2.915
3.230
2.478
2.705
1.942
2.386
1.545
1.766
1.668
1.685
1.599
2.337
2.850
2.446
2.073
2.630
3.524
3.814
3.703
2.959
2.045
2.246
1.907
2.281
2.931
2.696
2.357
1.998
2.500
2.288
2.966
3.035
2.731
2.382
2.887
3.302
2.535
2.199
2.993
4.108
2.945
3.253
4.246
3.419
2.283
3.386
3.329
3.283
3.198
2.516
2.131
2.068
2.468
2.373
2.642
2.978
2.871
2.209
2.614
2.174
2.174
2.162
3.068
3.216
2.991
1.967
1.858
2.764
3.644
3.112
3.039
2.966
2.521
2.529
2.736
3.426
2.635
2.439
2.740
2.702
2.679
2.420
2.291
2.382
2.430
2.117
1.390
2.997
3.676
1.913
3.319
2.837
3.566
5.041
3.025
2.941
3.075
3.021
3.398
3.080
3.621
4.313
4.335
3.963
4.149
4.058
3.387
3.844
3.068
2.689
3.222
3.089
2.969
2.565
2.546
2.902
3.080
3.032
1.870
2.573
1.977
2.785
3.058
2.675
3.545
3.944
3.621
3.308
3.443
2.637
3.142
4.356
4.366
3.637
3.400
3.087
3.385
4.233
2.363
3.314
3.267
2.838
4.532
3.521
2.670
2.687
3.293
3.400
3.422
2.979
3.586
3.035
4.251
2.083
2.271
3.279
3.676
3.452
3.494
3.447
4.144
4.254
3.792
4.077
3.120
2.961
3.330
2.859
2.771
2.725
2.803
3.547
2.854
3.434
3.592
3.344
3.830
3.368
1.985
2.862
2.906
2.250
3.059
3.577
3.768
3.542
3.398
4.910
3.075
2.940
3.310
3.819
2.738
3.173
3.809
3.890
3.702
3.336
3.134
3.538
3.020
2.342
1.961
2.525
3.338
3.942
3.584
2.765
2.541
2.979
3.101
4.084
3.234
2.809
2.696
4.038
3.490
4.768
2.934
2.555
2.251
2.388
3.256
2.539
3.923
2.948
2.880
3.415
3.298
3.047
2.684
3.285
3.023
3.460
3.662
2.880
2.993
3.336
4.123
3.036
2.225
2.340
3.410
3.473
4.600
3.343
2.656
1.935
2.429
2.632
1.806
1.457
1.814
2.694
3.076
3.079
1.886
2.905
5.907
2.427
2.640
2.711
2.737
2.342
2.408
3.456
3.014
2.129
2.133
2.244
2.178
2.713
2.483
1.921
2.494
3.176
2.527
2.357
2.837
2.837
3.909
2.739
3.118
3.718
3.512
2.599
2.664
2.507
3.261
1.922
2.231
3.239
3.473
2.991
2.312
2.336
3.303
3.003
3.854
3.936
2.877
4.202
4.042
2.125
3.836
2.934
4.024
2.464
2.528
1.746
2.376
1.713
2.282
2.637
2.334
2.680
2.144
2.747
3.124
2.991
3.228
1.949
2.844
3.021
2.720
1.713
1.990
2.091
1.967
2.902
2.779
1.836
2.394
2.552
2.412
1.792
2.688
3.478
3.357
4.459
4.172
2.411
2.179
2.165
2.071
2.255
3.136
2.639
2.003
2.956
1.637
2.260
2.420
2.702
3.106
2.201
2.076
2.704
3.578
3.807
3.749
3.533
2.373
2.503
2.027
2.628
2.935
3.566
2.446
1.974
2.215
4.292
2.929
3.534
3.159
3.058
3.680
3.595
3.102
2.859
3.465
1.655
2.138
2.559
3.072
3.251
2.236
2.938
2.147
3.878
4.168
3.878
4.063
3.587
3.168
2.516
1.581
2.570
2.900
3.145
2.669
3.098
3.923
3.645
3.425
2.370
3.026
3.588
3.317
2.639
2.954
3.210
2.473
2.550
2.588
2.955
2.914
2.554
2.706
3.321
3.070
2.588
1.726
1.932
2.627
3.725
4.108
3.400
2.670
3.359
2.519
1.536
2.186
2.703
3.247
3.090
2.523
4.077
3.274
3.452
3.478
2.358
2.224
1.951
2.515
2.572
2.243
3.027
3.283
2.209
2.582
3.149
3.044
3.452
4.071
3.198
3.635
3.604
3.086
3.538
4.051
3.815
3.214
3.831
3.985
3.619
5.305
3.597
4.256
3.760
3.746
2.969
2.805
3.436
3.363
3.393
3.861
3.314
3.923
3.909
3.347
3.780
3.909
2.943
2.683
3.201
4.146
4.077
3.055
2.448
2.982
2.283
2.852
4.216
3.240
2.798
3.340
3.636
2.691
4.573
3.503
4.443
3.552
2.833
2.985
3.283
3.911
3.068
3.606
4.776
4.472
4.298
3.369
3.780
3.695
4.233
3.911
4.724
3.850
3.986
3.609
3.769
3.350
3.141
2.966
4.363
4.258
3.972
3.670
3.385
4.342
4.120
3.871
4.676
3.078
3.019
2.743
3.596
3.914
4.421
3.595
2.873
3.328
3.229
3.643
2.969
3.268
3.728
3.632
3.973
3.455
2.917
3.089
3.310
3.621
3.385
2.634
2.662
3.007
3.135
2.710
2.657
3.171
2.970
3.522
3.828
3.963
4.004
2.763
3.390
3.204
3.960
4.145
2.733
3.299
3.642
3.891
4.945
4.069
3.620
2.618
3.895
3.421
3.263
3.601
3.287
3.084
2.900
2.994
3.379
2.997
2.381
3.156
1.627
3.917
3.991
4.130
2.839
2.784
2.456
2.558
3.085
3.223
2.842
2.905
3.992
2.628
3.363
3.078
2.621
3.234
3.798
2.827
3.474
3.508
2.774
2.782
2.892
2.344
2.507
2.767
2.601
2.580
2.732
2.516
2.153
3.340
3.491
2.916
2.753
3.916
3.013
2.876
2.596
2.561
2.832
2.278
3.126
4.059
2.852
3.873
2.750
2.279
2.928
2.750
2.601
3.837
2.920
1.818
2.695
1.913
2.160
1.508
3.708
2.358
2.534
2.724
2.578
2.206
2.651
3.205
1.619
3.032
2.399
2.800
2.233
2.228
1.836
2.089
2.289
1.926
2.014
2.972
2.499
1.676
1.204
1.808
1.534
1.882
2.649
3.930
3.656
3.213
2.840
2.337
2.404
2.610
2.877
2.627
1.634
1.859
2.180
1.695
2.235
1.572
3.119
2.865
2.030
3.782
3.347
2.197
3.115
1.836
2.009
2.814
3.016
3.014
3.242
2.274
3.463
3.583
3.306
2.478
2.102
2.590
3.035
2.322
2.604
1.828
2.676
3.548
3.368
2.733
2.420
2.878
2.222
1.956
1.695
1.617
2.212
2.204
1.975
1.982
2.001
2.128
2.901
3.188
3.029
3.072
1.698
2.459
2.610
2.655
2.137
2.238
2.751
2.125
3.439
3.400
3.476
3.627
3.325
4.130
3.961
2.326
2.882
3.177
3.145
2.548
3.262
2.912
2.954
2.395
3.343
3.972
3.264
2.502
3.714
4.132
3.445
2.371
2.545
2.775
2.970
3.251
3.483
3.729
2.680
3.092
2.191
2.115
2.110
2.242
2.762
3.410
3.038
2.932
2.201
3.038
3.475
2.613
3.077
2.808
2.295
2.631
3.059
3.904
4.001
3.082
2.932
3.980
4.137
2.364
2.724
2.765
3.564
3.824
2.991
2.602
2.704
3.317
4.654
3.679
3.153
4.058
4.126
2.817
3.065
3.337
3.087
3.705
2.914
2.773
2.125
1.738
2.646
3.559
3.058
2.608
2.029
3.443
3.511
3.221
3.492
3.457
3.150
2.867
3.531
4.021
4.385
3.812
3.329
2.608
2.236
2.128
2.557
2.779
4.164
4.076
2.439
3.165
3.442
3.632
3.987
3.075
3.543
5.138
3.217
3.151
3.643
3.522
2.987
3.039
2.470
2.366
3.288
3.923
2.751
2.187
2.279
1.965
2.541
3.020
3.997
4.809
4.310
3.905
2.853
2.326
2.808
3.054
3.433
3.164
2.813
4.059
3.948
3.282
3.724
2.792
3.073
3.420
2.714
2.792
3.655
3.994
3.681
4.513
3.227
3.862
4.205
3.963
4.120
3.338
3.093
3.541
3.273
3.571
4.122
3.451
3.928
3.640
3.805
4.016
4.490
4.007
4.502
2.975
3.380
3.497
2.458
3.470
4.108
3.880
3.521
3.543
2.876
5.075
4.797
3.951
2.049
1.950
2.871
3.951
2.678
2.861
3.865
3.639
3.864
2.591
2.543
3.372
2.922
2.457
2.813
2.042
3.449
3.003
3.209
2.847
4.007
3.411
2.143
2.479
2.661
2.752
3.389
2.689
3.587
2.751
3.155
3.347
3.350
5.320
3.975
4.263
3.008
3.634
3.498
4.008
3.118
2.400
3.512
3.221
3.682
5.118
7.177
3.811
1.862
2.381
2.485
3.002
3.620
3.519
5.060
2.560
2.286
3.467
2.435
2.619
2.282
2.774
1.525
2.129
2.706
2.972
2.743
2.342
2.304
2.645
2.981
2.883
3.709
4.053
3.178
3.691
4.834
3.435
2.946
2.541
3.188
2.598
3.757
3.754
3.916
3.853
2.655
2.961
3.150
3.580
3.538
3.447
2.640
2.868
3.005
2.192
3.389
3.026
2.794
2.523
2.428
2.845
3.754
3.175
3.682
3.686
3.101
3.060
1.440
1.758
2.313
2.086
2.459
2.673
2.226
2.149
2.361
2.914
2.719
3.170
3.197
1.831
1.763
1.688
2.173
2.118
2.262
1.744
2.067
2.669
2.599
4.928
3.862
3.104
2.119
3.630
3.967
3.254
3.204
3.021
3.253
3.013
1.771
3.592
4.299
3.280
3.176
2.112
2.284
3.011
3.080
2.671
2.939
3.897
2.105
2.100
2.542
3.748
1.958
1.681
1.693
2.079
3.006
3.989
3.471
2.494
2.713
3.096
3.836
3.407
3.112
2.105
2.464
2.204
2.593
2.689
2.996
2.919
4.353
3.069
1.826
2.053
2.663
2.708
2.461
2.424
3.502
3.733
3.618
3.899
3.605
3.332
3.797
4.490
3.933
2.265
2.922
3.074
3.456
2.998
3.738
3.270
3.100
2.508
2.322
3.209
3.189
2.054
2.660
3.929
3.951
3.869
3.813
3.369
2.930
3.350
3.473
3.289
3.268
3.201
3.710
3.481
3.860
3.876
2.900
3.447
3.156
2.293
3.568
2.512
2.546
2.500
1.936
1.909
2.369
2.399
3.488
3.135
2.801
2.836
3.100
3.235
3.302
4.262
3.621
3.471
3.127
3.192
2.548
2.036
2.284
3.282
2.998
3.087
3.270
2.950
3.753
3.628
3.658
4.467
3.280
3.845
3.833
2.944
2.139
2.292
2.222
3.024
3.120
2.677
2.824
2.955
3.870
3.179
3.383
2.523
3.302
3.774
3.649
2.928
2.543
2.842
3.594
5.407
4.380
4.268
3.904
2.775
2.565
2.805
2.218
2.833
3.684
3.594
3.856
3.116
3.724
4.136
4.021
3.623
3.747
4.088
3.669
2.579
2.105
2.806
4.252
4.489
3.619
3.362
4.051
5.320
4.418
4.612
4.430
2.916
4.678
4.897
4.900
4.880
3.319
3.543
3.304
3.723
3.107
3.575
3.859
3.781
4.038
2.884
2.395
3.619
3.660
3.809
3.479
3.269
3.727
3.908
4.292
3.575
3.001
3.970
4.046
3.679
4.255
4.242
4.551
3.766
3.982
4.145
4.384
5.114
4.515
4.468
4.386
4.419
3.954
4.354
3.100
3.345
3.021
2.581
2.958
3.355
3.593
5.039
4.664
3.928
3.797
4.513
3.515
4.534
3.339
5.065
5.184
4.121
3.779
4.175
4.200
3.218
3.652
4.586
4.082
3.377
2.414
4.074
4.367
2.498
2.412
2.972
3.122
3.713
3.908
4.148
3.445
2.023
2.621
2.572
4.372
3.199
2.802
2.940
4.020
3.543
3.936
4.031
3.772
3.671
4.042
2.959
2.913
2.977
2.235
2.435
2.202
2.241
1.714
2.734
3.966
3.468
3.090
2.687
3.194
3.953
3.393
3.061
3.132
3.999
3.305
3.139
3.556
2.842
2.376
2.964
3.681
3.862
3.757
3.319
4.504
3.006
2.506
2.400
2.848
2.189
1.952
2.904
3.299
3.210
3.975
4.170
4.295
3.963
2.136
2.749
3.944
3.473
2.900
1.904
3.405
3.882
2.802
3.779
3.619
3.319
2.180
2.351
3.238
3.756
2.766
2.228
3.021
2.841
2.700
3.140
3.944
3.578
2.802
2.809
3.246
3.705
3.582
3.228
3.002
2.591
2.492
2.455
3.414
2.277
2.312
3.497
2.777
4.706
3.485
3.491
3.435
3.431
2.736
2.378
3.044
3.293
4.209
3.825
2.738
2.621
3.206
3.190
3.658
3.659
4.019
4.206
4.169
3.560
3.452
2.760
2.931
3.359
3.019
3.796
3.518
3.073
2.951
2.395
2.588
3.190
3.875
2.963
3.288
3.970
3.307
2.713
2.204
2.337
2.058
2.431
2.960
2.814
1.863
2.081
2.625
3.005
2.937
2.871
3.857
3.286
2.856
2.797
2.634
2.535
2.637
3.317
3.966
3.047
2.770
2.916
2.812
2.917
1.637
2.588
2.187
3.097
2.710
3.199
3.653
3.151
2.672
3.875
2.516
2.486
2.062
2.577
2.255
2.809
2.692
2.574
4.015
2.887
3.266
2.495
2.702
2.040
2.260
2.776
2.592
3.121
3.169
2.672
3.035
2.423
2.737
2.287
2.040
2.421
3.536
3.078
3.986
4.206
3.976
3.884
4.098
3.450
2.511
2.421
3.719
3.251
3.422
3.423
2.765
3.481
3.522
3.860
3.287
3.716
4.018
3.816
4.284
3.577
2.411
2.932
3.206
3.312
3.422
3.725
3.855
2.606
2.793
2.236
3.334
3.467
3.233
2.961
3.309
2.730
2.187
1.750
2.875
3.854
2.530
1.807
1.884
2.291
3.549
3.220
3.657
3.666
3.218
2.338
2.829
2.901
2.631
4.046
4.197
3.759
3.378
2.344
2.296
3.244
2.983
2.669
3.306
3.609
3.756
3.949
4.578
4.253
3.554
3.180
3.475
3.350
2.709
2.990
3.292
3.684
3.926
3.986
4.544
3.901
2.548
3.490
3.799
2.557
2.065
2.979
4.278
2.921
4.069
3.765
3.483
3.327
3.767
4.220
3.817
3.755
4.086
4.592
4.226
4.216
3.750
3.210
2.949
3.064
3.480
3.747
4.046
3.962
5.298
5.081
4.288
3.985
3.009
3.118
3.107
3.430
3.781
4.237
3.813
4.582
3.831
5.218
4.364
3.289
4.451
4.420
3.488
5.974
3.961
3.936
4.719
3.762
2.585
2.487
2.726
3.231
2.132
2.647
2.850
2.442
3.346
2.897
3.333
3.423
3.931
2.926
3.449
2.640
2.361
3.539
4.567
4.480
2.990
3.472
3.092
3.387
3.413
3.094
2.868
2.867
3.918
4.152
4.009
3.978
3.455
3.125
2.687
2.732
2.398
2.249
3.165
3.910
3.934
3.456
3.347
4.051
2.631
3.168
2.999
3.580
2.882
2.938
2.845
2.208
2.157
3.842
3.759
2.944
4.278
5.942
3.792
3.886
3.847
3.341
4.326
3.002
2.343
2.333
2.109
3.400
3.764
3.614
2.350
1.913
2.445
3.783
4.958
3.259
3.546
2.019
2.394
3.019
2.046
1.987
2.847
2.409
1.980
1.916
2.589
2.426
2.105
2.137
2.776
3.574
3.199
3.001
3.225
3.588
2.516
2.827
3.347
2.411
2.523
4.095
2.195
3.244
2.820
3.199
3.428
1.960
2.560
2.624
2.067
3.142
5.044
3.179
2.919
2.673
1.466
2.256
3.343
3.965
3.394
2.971
3.130
2.555
1.974
2.965
2.453
1.980
1.963
2.209
3.220
3.327
2.357
2.806
3.067
5.115
4.033
4.250
3.219
1.909
1.858
1.833
1.349
2.864
1.953
2.592
2.989
2.681
2.806
3.074
3.029
2.309
2.630
2.000
2.907
2.721
2.191
1.989
2.108
2.975
2.791
2.800
2.625
2.872
2.875
2.381
1.900
2.459
2.583
3.032
2.905
2.559
2.074
2.113
1.849
1.697
2.481
3.205
2.141
3.203
3.437
2.582
2.677
2.198
2.438
3.400
3.762
3.803
3.443
2.671
3.279
2.832
2.971
3.275
2.598
2.309
2.936
2.401
3.775
2.208
2.893
3.978
3.558
2.665
2.771
3.199
3.695
3.017
3.521
3.691
3.786
2.504
2.696
2.459
3.169
3.912
3.501
2.751
2.062
2.337
2.043
2.136
2.870
2.806
3.318
3.830
3.674
2.285
2.693
2.287
2.530
2.428
2.490
3.051
2.372
2.579
2.480
2.536
2.318
2.862
1.958
2.765
2.737
2.883
3.345
3.594
3.672
4.339
4.221
3.747
3.885
3.048
2.675
3.842
3.886
2.967
3.705
2.168
2.615
3.177
4.495
3.629
3.565
2.994
2.561
1.832
1.922
1.726
2.554
2.912
2.250
2.473
3.133
1.906
3.544
3.909
3.556
2.954
2.161
3.695
3.830
3.388
3.919
3.355
3.513
3.403
2.965
3.665
2.625
2.332
2.189
2.473
3.047
2.940
2.670
3.655
3.398
3.419
3.776
4.024
3.162
3.283
3.293
3.433
3.832
3.507
4.179
3.431
3.305
3.448
3.170
2.991
3.324
3.018
2.907
4.223
4.382
3.655
2.883
2.994
2.802
2.392
3.552
2.955
3.823
3.968
4.702
3.146
3.520
4.581
4.011
4.310
3.685
3.216
3.244
3.921
5.976
4.641
4.856
3.574
3.627
2.793
4.037
3.794
4.339
3.677
3.395
3.855
3.735
3.084
2.621
2.992
4.952
3.947
3.658
3.380
4.216
3.531
3.597
2.789
2.037
4.639
3.477
2.919
3.675
2.727
4.232
3.807
4.990
2.786
2.871
3.204
3.780
2.850
2.588
2.980
3.553
3.733
3.541
3.274
2.503
3.909
4.646
2.643
2.036
2.634
3.404
2.594
3.306
4.609
3.747
3.988
3.301
2.880
3.257
4.218
3.128
3.513
3.159
2.231
3.218
2.910
3.777
3.802
2.102
2.351
2.150
3.309
2.021
3.005
3.172
3.319
3.457
3.483
3.307
2.832
3.725
4.698
2.706
2.623
4.392
2.808
2.793
2.974
2.528
3.036
4.258
3.258
2.435
2.454
2.611
3.467
5.063
3.106
3.960
3.400
3.442
2.991
3.202
2.552
2.564
2.972
4.999
2.683
3.526
5.186
4.804
3.300
3.246
3.030
3.346
2.946
3.674
3.304
3.135
3.449
2.453
2.764
4.145
3.761
3.516
3.406
3.469
2.837
2.506
3.537
4.573
2.032
2.247
2.252
2.538
2.060
2.341
1.975
2.410
2.699
2.554
2.384
2.851
2.098
2.167
2.986
3.885
3.199
3.640
3.578
3.022
3.545
4.047
4.261
3.666
3.506
3.682
4.017
4.007
2.520
2.366
2.156
2.953
2.861
2.871
2.386
2.227
3.122
2.665
3.318
2.379
3.999
3.467
3.116
3.300
2.936
3.380
2.723
3.404
3.330
3.166
2.630
2.822
2.927
3.849
2.913
3.383
3.333
3.896
3.400
2.746
3.726
3.350
3.102
2.742
2.593
2.324
2.000
4.065
3.900
3.670
2.765
3.186
2.929
2.806
2.137
1.112
1.900
2.161
2.662
3.325
2.902
2.437
3.583
2.816
3.032
3.147
3.300
3.615
3.156
2.463
3.099
3.267
3.180
3.102
3.152
2.840
2.926
3.472
3.410
3.345
3.463
3.110
3.782
3.694
3.375
4.242
3.986
3.930
3.431
3.039
3.117
2.713
3.402
3.544
2.776
2.193
2.627
3.205
2.926
1.839
2.369
1.975
3.423
3.443
3.270
3.251
3.433
3.389
3.286
2.960
2.275
2.470
3.318
3.032
3.188
3.523
4.029
3.461
3.223
3.609
3.782
3.787
3.381
3.732
2.490
3.547
3.766
5.547
2.994
3.588
3.845
3.819
2.496
2.343
2.516
3.377
3.361
3.488
3.664
4.795
4.234
3.514
1.976
3.308
3.959
4.414
4.251
2.404
3.119
2.504
3.293
2.995
2.865
3.357
2.426
2.189
3.307
3.936
3.674
3.656
3.109
3.061
2.676
2.216
2.914
3.053
3.805
3.541
3.678
3.652
2.928
2.363
2.254
3.126
4.048
2.407
3.706
3.767
3.683
3.547
3.363
3.671
3.657
3.884
3.829
3.275
3.079
2.583
3.132
3.358
3.497
4.560
4.274
4.216
4.855
3.023
3.820
3.842
3.213
3.096
3.220
2.896
3.783
3.851
3.434
4.047
3.831
3.126
3.123
3.901
4.327
4.932
4.610
2.860
2.785
3.485
3.598
3.313
3.389
3.638
3.165
2.826
3.137
4.278
4.898
4.898
4.696
4.375
4.537
2.873
2.608
2.706
3.247
3.192
3.349
4.942
4.022
2.917
4.334
4.122
2.786
3.166
3.164
3.261
3.047
3.773
2.809
2.852
2.388
2.554
2.723
2.537
5.519
4.134
5.280
4.835
4.041
3.144
6.428
3.891
4.377
4.280
4.466
3.850
4.316
3.529
2.907
3.328
2.977
1.751
1.984
1.979
3.054
3.191
2.856
3.030
2.869
2.965
3.082
3.733
3.408
3.445
4.467
3.973
3.845
3.475
3.243
5.691
3.322
2.864
3.388
3.347
4.199
5.588
3.956
2.682
3.451
2.838
3.653
2.117
3.014
2.562
2.686
3.104
3.006
3.905
4.869
3.483
3.502
4.997
3.471
2.250
5.486
5.175
3.441
2.834
3.229
3.879
3.387
3.940
3.965
4.870
4.492
3.530
2.361
3.113
3.022
3.040
2.243
3.572
4.463
3.691
4.840
4.484
3.350
3.850
3.883
3.607
3.340
2.983
3.977
3.401
3.256
4.823
2.540
3.722
2.195
2.878
2.943
4.565
3.618
2.621
2.412
2.265
2.293
2.205
2.865
3.152
2.293
2.568
2.544
3.202
3.187
1.967
1.881
2.844
2.477
3.158
3.260
2.244
1.820
2.736
3.485
2.891
3.530
3.212
3.411
2.449
2.280
2.810
2.679
2.588
3.096
3.124
3.508
4.479
2.669
2.746
2.768
3.552
3.027
2.444
2.378
2.279
2.417
3.288
3.005
2.163
2.576
4.108
3.709
3.452
2.389
2.597
2.778
2.058
3.509
3.243
2.982
2.952
2.916
2.440
2.679
3.236
3.347
3.507
3.283
3.939
4.108
3.796
2.916
3.450
2.601
2.754
2.906
3.669
2.888
3.421
3.826
3.450
3.264
2.942
3.023
3.109
2.565
2.956
3.374
2.720
3.329
3.206
3.205
3.359
3.394
3.123
3.090
3.740
3.259
3.749
3.280
3.713
3.340
3.902
3.679
3.673
4.002
4.215
3.749
-099.000
3.505
3.733
4.119
3.766
3.700
2.993
3.323
3.908
4.036
3.637
3.655
2.650
2.713
3.472
4.174
3.341
3.992
3.840
3.385
2.629
4.168
3.845
1.867
2.283
3.753
3.644
3.717
3.453
3.071
2.592
3.903
3.702
3.824
3.932
3.596
3.361
3.704
4.159
4.357
3.460
4.016
3.936
3.790
2.786
3.243
3.297
2.138
2.933
1.993
2.354
4.005
3.073
3.328
3.742
3.910
3.369
3.584
2.633
3.434
3.821
3.379
3.402
3.269
3.649
3.804
2.657
2.572
3.453
4.242
3.767
3.663
4.197
2.993
2.179
2.901
2.440
2.710
2.613
3.519
2.960
3.155
3.561
4.068
4.138
3.320
3.577
2.481
3.443
3.322
3.355
2.344
3.690
3.441
3.407
3.330
3.056
2.691
4.058
3.971
3.992
4.875
4.738
6.194
6.103
4.209
3.828
3.251
3.203
3.491
3.162
3.509
2.940
3.353
3.676
3.005
3.352
2.854
2.900
2.223
3.329
3.731
4.150
3.935
3.964
2.893
3.458
5.005
4.309
3.816
2.767
3.041
3.629
3.178
2.405
3.780
3.666
4.296
3.849
3.989
3.253
2.970
3.500
3.580
3.579
4.036
3.218
3.681
3.772
4.135
3.982
4.019
4.271
4.032
3.937
3.423
3.180
2.718
2.707
4.176
4.264
4.803
4.388
3.700
3.195
5.749
5.797
4.558
4.656
3.673
3.097
4.499
4.329
3.629
3.273
4.640
3.506
2.971
3.563
3.887
4.509
4.722
3.546
3.828
3.373
3.191
2.507
4.056
4.306
3.876
2.788
2.532
1.922
2.845
2.903
3.476
3.000
1.862
2.540
2.967
2.898
2.628
3.523
2.956
2.179
1.845
2.755
4.043
-099.000
-099.000
-099.000
-099.000
-099.000
-099.000
-099.000
-099.000
2.194
3.375
3.184
2.774
2.012
3.276
2.522
2.881
2.440
2.986
2.556
1.631
2.349
2.150
2.765
2.306
2.103
3.269
1.888
2.102
1.327
1.376
1.961
2.193
3.309
1.523
2.894
3.442
3.206
2.789
2.675
2.547
3.934
2.229
2.205
2.885
3.636
3.466
3.286
3.321
3.947
3.667
3.960
4.048
3.713
2.475
1.901
2.004
1.631
1.803
2.752
3.476
3.676
4.349
4.214
3.677
3.371
3.735
2.281
2.816
2.418
2.752
2.377
1.380
2.355
1.881
2.462
3.679
2.024
2.393
2.714
3.284
3.361
3.349
3.426
3.868
2.735
2.457
2.306
3.642
4.232
3.037
3.181
3.594
3.142
4.137
3.242
2.246
2.095
3.199
3.181
3.198
3.684
3.241
3.057
2.930
3.701
3.460
2.523
2.804
3.005
3.182
3.569
3.060
3.531
3.311
2.809
2.860
3.255
3.098
2.358
2.365
3.042
2.371
2.727
1.749
2.375
1.902
3.025
3.148
3.310
2.091
2.445
3.325
3.691
4.175
3.464
3.320
2.851
4.134
3.284
3.274
3.099
2.607
3.577
3.217
3.092
2.363
2.011
3.333
3.072
2.689
2.255
1.854
2.960
2.587
2.377
2.875
2.812
3.918
2.301
2.752
2.764
2.831
2.951
2.449
2.821
2.640
3.338
3.798
3.782
3.758
2.929
2.582
2.797
2.455
3.215
3.295
2.972
3.132
3.604
3.778
2.839
2.739
2.961
3.342
3.831
3.836
4.243
2.503
2.854
2.930
2.302
3.149
4.198
4.171
3.735
3.499
3.681
3.940
3.977
3.775
4.319
3.781
3.864
4.897
3.426
2.805
2.186
2.968
1.971
2.857
3.308
3.444
5.413
4.755
4.117
3.402
3.548
3.361
3.261
4.260
3.408
3.284
3.891
4.566
3.833
2.302
2.933
3.691
3.521
3.918
2.814
3.391
2.583
3.251
4.190
2.254
2.273
3.555
2.869
2.534
2.748
2.579
3.112
3.915
3.154
4.646
4.060
3.459
3.079
3.114
4.352
3.789
4.147
3.452
3.139
3.303
3.297
4.138
4.104
4.549
3.396
3.902
4.023
3.984
3.215
4.224
3.416
3.425
4.158
3.535
3.160
2.943
3.384
3.052
3.610
3.944
4.092
3.448
4.415
4.070
3.411
3.011
5.763
3.499
2.456
2.947
3.989
4.092
3.452
4.645
3.881
4.805
3.178
2.873
3.631
3.153
3.592
3.776
3.272
3.471
3.930
3.155
4.512
4.253
3.459
3.231
3.919
2.651
2.933
3.549
3.580
3.594
3.041
1.926
2.102
2.529
3.033
3.161
3.529
4.772
4.416
4.340
2.836
2.072
2.419
3.140
2.597
3.702
3.908
4.545
3.360
2.304
2.374
2.597
2.646
3.031
3.305
3.353
2.837
3.238
2.710
2.500
2.760
3.132
2.222
2.550
3.362
3.850
2.393
2.953
3.374
3.851
4.829
3.936
4.263
4.103
2.966
4.276
3.092
4.173
3.475
4.171
3.309
3.400
3.308
3.363
2.991
2.735
2.121
2.313
2.639
2.434
3.347
2.454
2.607
3.559
3.804
4.008
3.039
3.475
3.941
3.211
3.662
4.210
2.726
3.746
3.051
1.681
2.266
3.086
3.257
3.208
2.024
3.728
2.686
2.117
2.826
2.757
2.226
3.166
3.710
2.314
3.250
2.140
3.637
3.357
3.684
2.381
3.212
2.632
2.369
1.946
2.692
3.330
3.124
2.544
3.118
3.294
2.323
2.963
2.518
2.843
2.902
2.827
2.771
2.936
2.799
2.887
3.271
3.464
3.037
2.030
2.793
2.835
3.450
3.198
3.704
3.734
2.937
2.495
3.264
3.422
3.773
2.461
2.469
2.117
2.233
1.962
2.414
2.025
3.098
3.891
4.037
3.670
3.925
3.374
3.030
3.752
3.791
2.857
2.296
2.081
1.888
2.981
2.768
2.519
2.341
2.409
3.045
2.385
2.923
2.563
2.831
2.954
1.881
2.792
2.820
3.332
3.301
3.017
3.223
2.777
2.490
2.917
2.845
2.912
2.947
2.758
1.978
3.094
2.306
2.222
2.548
1.899
2.328
1.820
2.441
2.091
2.763
2.076
1.993
2.545
2.492
3.011
2.913
2.723
2.881
2.846
3.107
3.556
2.407
2.877
3.377
2.257
2.567
2.700
3.102
2.571
2.178
2.985
2.858
2.084
2.154
2.145
3.051
2.483
2.871
4.288
2.572
3.284
2.981
2.310
2.761
3.510
3.642
3.067
3.240
2.708
3.488
2.906
3.772
3.652
2.221
2.602
3.471
3.167
2.946
3.509
2.302
2.519
2.439
2.783
3.191
4.151
3.862
3.808
3.113
2.035
2.333
2.309
2.345
2.524
3.205
2.561
1.677
2.256
2.695
2.675
2.809
3.404
3.865
3.230
2.316
2.763
1.888
2.288
2.306
2.014
3.457
4.165
4.337
3.831
3.876
4.172
2.771
2.123
2.682
2.563
2.435
2.173
3.120
4.294
3.823
3.077
2.835
3.373
3.199
3.387
3.898
3.439
3.175
2.738
3.259
3.901
3.795
3.123
3.324
3.782
4.351
4.435
2.419
2.808
3.124
3.597
3.603
3.831
3.369
2.909
3.353
2.460
5.029
3.722
2.811
3.531
4.037
3.319
3.154
2.931
3.308
2.848
3.108
3.863
3.794
3.169
4.633
3.784
3.554
3.957
3.303
3.801
3.569
3.226
3.656
2.685
3.141
3.490
3.875
3.657
3.703
3.317
3.178
4.021
4.182
3.934
3.463
3.011
4.689
3.103
2.028
3.374
3.033
3.921
4.034
3.021
3.404
3.906
2.670
3.826
3.729
4.705
4.324
4.762
3.710
4.427
4.575
4.468
3.288
3.524
3.957
3.402
3.387
3.727
4.356
4.662
4.573
3.598
3.162
3.928
4.128
4.587
4.138
4.264
6.119
3.145
2.468
2.560
4.073
5.526
4.182
3.309
4.768
4.326
4.362
4.387
4.125
4.083
3.050
2.465
2.839
3.457
3.291
3.033
3.337
4.096
2.945
2.435
2.261
2.604
3.204
3.656
3.565
3.234
2.725
3.489
2.757
2.812
3.692
3.722
4.360
3.064
2.676
2.806
1.785
2.483
2.938
2.580
2.847
3.703
1.910
2.807
2.827
2.917
3.211
3.194
2.267
2.333
2.917
3.202
2.998
3.923
3.669
3.101
2.531
2.365
3.532
4.434
3.030
2.663
3.144
3.382
3.160
2.215
3.486
3.539
2.546
3.225
3.784
3.673
3.429
2.849
2.748
3.065
2.693
3.742
2.693
1.853
2.395
2.595
2.810
3.043
3.605
3.078
1.894
2.553
2.795
3.145
4.777
3.638
3.737
2.732
2.680
3.034
3.707
2.753
3.676
3.441
3.842
3.695
2.739
2.459
3.699
2.887
3.650
1.796
2.103
2.253
3.304
2.738
3.351
2.788
2.486
3.249
3.064
3.471
1.903
2.028
2.515
2.380
3.079
3.311
3.074
2.278
2.127
2.565
5.212
3.055
2.633
2.148
2.592
3.427
2.342
2.446
2.722
1.897
2.011
2.218
3.248
3.730
2.989
3.307
2.722
2.067
2.520
2.798
3.116
1.840
2.070
3.203
3.636
3.053
3.127
2.757
2.538
1.965
2.556
3.655
4.441
2.376
2.788
2.607
3.401
3.226
2.323
2.550
2.470
2.833
2.121
2.943
2.355
2.930
3.496
3.951
3.409
2.743
2.807
3.094
3.710
3.246
3.793
4.239
3.164
2.741
2.160
2.369
3.024
3.002
3.132
3.299
3.430
3.039
2.480
2.621
3.490
2.165
2.988
3.197
3.438
2.570
2.328
2.194
2.483
3.029
2.481
2.298
2.831
2.564
2.329
3.184
3.570
2.887
3.020
2.422
2.448
2.489
2.536
2.967
3.152
4.411
3.796
3.556
3.157
3.059
3.368
4.512
2.264
3.212
2.441
2.945
2.859
2.763
3.066
3.553
3.006
2.992
3.996
3.853
3.640
3.477
4.321
3.985
2.816
3.855
3.642
3.277
2.380
3.468
3.854
3.455
4.103
3.274
3.854
3.632
3.801
3.671
3.362
5.061
3.596
4.062
3.610
2.171
2.709
3.684
3.835
3.691
3.394
3.950
4.207
3.626
3.617
4.002
2.728
2.425
2.596
3.593
4.373
3.214
3.887
3.099
4.471
3.492
3.941
3.428
3.359
3.794
3.679
3.890
2.948
2.855
4.060
3.917
3.906
3.834
4.479
4.033
4.029
3.524
3.270
3.328
3.632
3.507
3.774
3.632
3.664
3.549
2.580
2.808
4.275
3.039
3.565
3.181
3.389
4.043
3.685
4.176
3.595
3.863
2.958
3.329
3.550
1.854
2.725
2.502
2.954
2.550
3.011
2.913
3.050
1.984
3.172
3.789
4.367
3.763
3.113
4.140
5.270
4.044
3.367
3.926
4.785
4.235
4.049
3.985
3.056
2.885
3.796
3.189
3.466
3.576
3.247
2.600
2.214
2.491
3.237
4.151
5.053
3.583
4.695
4.381
3.112
4.412
3.115
3.145
2.475
1.989
2.843
3.340
4.102
3.018
2.510
2.979
2.711
3.076
3.049
2.224
2.406
3.678
4.607
3.647
2.905
2.073
2.877
2.685
3.460
2.700
2.816
2.396
2.274
4.610
3.713
4.618
4.041
3.504
4.062
3.277
2.457
3.500
2.933
2.680
2.118
2.411
2.769
2.959
3.283
3.413
3.071
2.338
2.582
2.956
3.515
3.478
3.180
2.595
3.103
3.293
2.758
3.424
1.801
1.805
3.545
3.748
4.758
4.197
3.375
3.085
3.852
2.626
2.377
3.675
3.133
2.821
2.586
2.671
2.486
2.747
3.075
2.303
2.342
3.012
3.553
2.391
2.351
2.334
2.197
4.243
2.792
1.942
2.124
1.672
1.812
1.712
2.758
2.984
1.345
2.992
2.155
1.886
3.156
2.204
2.298
1.538
1.708
2.822
3.403
2.485
3.187
3.921
3.239
2.918
2.043
2.143
2.670
3.723
2.438
2.107
1.523
1.905
2.424
2.824
2.003
2.202
2.241
1.514
1.648
1.714
1.822
3.230
2.942
2.521
2.894
3.014
3.303
4.067
3.624
2.930
2.306
2.927
2.525
2.544
2.230
1.879
2.197
2.294
2.810
1.892
2.251
2.096
2.559
3.468
3.551
3.881
3.346
3.758
3.229
2.514
2.464
2.787
2.530
2.410
2.282
3.193
2.669
2.884
2.557
3.085
3.341
4.099
3.749
2.707
2.501
2.601
1.520
2.832
3.308
3.311
2.278
2.303
1.880
2.669
3.061
3.497
2.728
2.848
3.359
3.977
2.168
3.361
3.406
3.275
2.836
3.161
3.363
3.128
2.520
2.452
3.046
3.860
3.340
3.021
2.444
2.902
3.353
4.169
3.531
2.836
2.047
2.883
2.753
2.990
3.591
2.096
3.636
4.009
3.443
3.459
2.139
3.185
3.345
2.715
2.277
2.755
3.313
2.911
2.383
2.226
2.608
2.943
3.129
2.783
2.252
2.482
2.314
2.253
2.391
2.877
2.951
3.703
3.992
3.287
2.979
2.871
3.567
4.898
2.482
2.556
2.697
2.197
3.540
2.952
3.168
2.907
3.754
2.486
2.950
3.930
3.105
3.335
3.064
3.496
3.416
3.483
4.188
4.532
3.784
2.971
3.554
4.271
3.503
3.733
3.801
3.775
2.488
2.539
3.702
3.773
3.050
3.294
3.532
1.847
3.284
2.760
2.572
2.984
3.401
3.638
3.650
3.847
2.836
2.677
3.155
2.789
2.782
2.834
3.581
2.882
3.958
3.840
3.986
4.313
3.513
2.626
4.423
3.626
3.812
2.953
3.602
2.942
3.524
3.719
2.921
2.537
4.402
3.429
4.258
4.069
3.887
4.463
3.810
3.983
4.169
3.965
3.790
3.110
3.221
2.516
2.852
4.969
4.139
4.680
3.726
3.523
3.362
3.038
4.034
3.098
2.621
3.262
2.633
2.882
2.978
2.525
2.312
2.855
2.796
2.879
3.772
2.872
2.912
2.487
3.153
4.031
3.590
4.190
4.992
3.099
2.590
2.423
3.200
3.268
1.998
2.936
3.540
2.855
2.484
3.146
2.835
3.073
4.322
2.539
2.855
3.475
3.723
2.867
3.956
4.683
2.373
3.203
3.683
3.890
3.297
3.169
5.062
3.721
2.734
3.061
2.480
3.228
2.538
2.779
3.114
3.569
4.116
4.690
3.669
5.042
3.645
2.986
3.132
3.346
3.883
3.676
2.432
1.562
3.105
3.681
4.277
4.505
2.801
2.993
3.384
2.392
2.443
3.158
3.974
4.549
3.533
2.078
3.622
2.523
1.725
1.750
1.983
2.688
2.307
2.326
2.417
2.781
2.822
3.548
5.133
3.847
2.033
1.593
2.379
3.002
2.561
3.247
3.393
4.298
3.624
2.877
3.375
2.853
2.901
2.430
1.854
2.985
2.561
1.634
3.328
2.495
1.870
2.540
2.591
1.657
3.337
2.560
1.893
2.786
2.855
1.983
1.978
3.578
2.729
2.467
2.149
2.843
3.310
2.747
3.482
2.383
1.625
2.384
4.171
3.205
2.868
2.806
1.923
2.421
2.263
1.383
3.065
2.197
1.811
1.991
2.013
2.833
2.569
2.345
1.923
3.067
2.574
2.381
1.948
2.380
3.091
2.956
3.062
2.355
2.062
3.284
2.727
2.546
2.709
4.016
3.578
3.298
3.492
3.072
2.642
2.098
1.711
2.578
2.748
2.630
3.102
4.092
2.606
2.593
2.961
2.732
3.098
3.277
1.980
2.712
2.801
2.891
2.735
2.467
2.871
3.467
3.320
2.964
2.546
2.179
2.387
2.676
2.959
2.917
2.667
2.789
3.150
2.584
2.644
2.893
3.362
4.212
3.154
2.756
2.339
2.669
2.666
2.865
3.082
3.244
3.081
3.642
4.283
4.056
3.656
2.417
3.336
2.725
2.542
2.027
3.175
2.872
2.189
2.801
2.483
2.891
3.115
1.899
1.730
2.295
2.813
2.666
3.179
2.689
4.861
3.719
4.420
3.823
2.783
3.035
3.451
3.447
3.008
3.056
3.164
2.648
3.320
3.008
2.282
2.897
2.376
3.725
3.476
3.274
3.443
2.405
2.345
2.054
2.594
2.554
2.793
3.336
3.681
3.825
3.378
2.864
3.478
2.826
3.397
3.344
3.805
3.912
3.869
3.963
2.478
2.463
2.454
2.628
2.914
3.474
2.870
3.136
3.543
3.137
2.889
2.567
2.259
2.624
3.091
4.601
4.711
4.117
3.875
2.915
3.231
4.071
3.072
5.736
3.474
2.814
4.317
2.606
2.984
2.642
3.389
3.703
3.700
2.544
2.813
3.202
4.147
5.853
4.294
2.680
2.509
3.177
3.617
2.508
2.413
4.173
4.218
3.414
2.399
3.222
3.866
2.962
4.225
3.804
3.922
3.097
3.397
3.173
2.642
4.064
3.988
3.198
2.629
4.131
3.897
3.722
4.130
3.763
3.954
4.421
1.943
2.527
3.318
3.587
4.716
4.474
3.966
3.299
3.322
2.844
2.951
3.650
3.579
4.112
2.960
3.821
4.013
3.356
2.833
3.427
2.190
2.113
2.319
2.448
2.416
3.511
3.435
3.277
3.428
2.967
3.497
4.102
2.284
2.740
3.314
2.836
3.229
2.364
2.670
2.181
2.845
3.897
3.260
2.789
4.118
3.422
4.540
3.844
3.175
2.726
3.911
4.956
2.939
3.545
2.584
2.376
3.742
2.800
2.547
3.157
3.006
2.370
3.680
3.844
3.804
4.638
3.414
3.260
3.057
3.065
3.637
3.492
3.314
3.296
3.876
3.964
2.825
2.709
3.440
4.142
3.159
4.392
3.827
3.450
3.117
3.536
2.780
2.369
3.299
3.191
4.286
3.191
2.203
2.029
1.979
2.128
2.525
1.782
1.278
1.984
2.756
2.978
2.357
3.080
3.255
2.858
2.558
2.784
2.431
1.956
2.181
2.248
2.234
3.104
3.104
2.528
2.837
3.086
2.732
2.882
3.031
1.954
3.015
3.041
3.538
3.641
2.440
2.043
2.032
2.319
1.817
2.010
2.177
3.003
4.394
4.156
3.993
3.138
1.864
2.172
3.128
2.883
2.361
2.875
3.663
3.000
2.350
2.567
2.293
2.559
2.546
2.759
2.656
2.615
2.346
2.445
2.125
2.518
3.165
2.540
2.346
3.577
3.205
3.190
4.285
3.673
3.463
2.912
1.960
2.519
2.922
3.027
2.865
2.026
3.146
3.649
3.018
5.321
2.732
2.798
3.400
3.313
2.810
3.891
2.892
3.354
2.899
3.018
2.764
2.620
2.202
3.024
3.061
3.166
3.038
3.215
2.170
2.960
3.872
3.053
3.001
2.318
2.955
2.906
2.108
4.022
2.979
2.659
2.835
3.312
3.143
3.457
3.196
3.048
2.020
2.813
3.230
4.312
2.024
2.585
3.124
2.854
2.402
3.178
2.885
2.083
2.346
2.960
3.635
4.000
3.566
3.840
3.527
3.126
1.981
2.440
3.068
3.607
3.220
2.852
2.664
2.821
4.320
3.692
2.959
2.977
2.465
2.759
3.224
3.538
3.509
2.891
2.634
3.672
2.967
3.948
3.367
2.963
2.936
2.519
2.775
3.826
3.840
3.397
2.193
2.673
2.439
1.588
2.414
2.915
3.380
3.748
2.444
2.428
3.803
3.071
3.258
3.799
3.557
2.879
2.965
2.815
2.792
3.614
2.586
2.804
3.882
3.463
2.241
2.203
2.336
3.002
2.720
2.769
3.036
3.317
3.029
3.180
2.328
2.215
3.586
3.066
3.222
3.803
3.949
4.815
3.175
3.260
3.903
2.570
3.147
3.003
3.146
3.190
2.829
2.717
1.959
2.637
4.207
3.514
4.669
3.403
4.072
3.671
3.590
3.546
4.280
4.018
2.900
2.587
2.496
2.304
2.636
3.727
4.429
3.005
3.238
4.108
3.144
2.232
2.616
2.854
2.184
2.391
3.337
4.584
4.702
3.423
3.695
4.247
3.836
2.723
2.357
2.955
2.978
3.214
3.803
4.346
4.050
2.957
3.482
3.512
3.787
3.527
4.014
3.277
2.941
2.958
5.735
3.943
2.680
2.985
5.460
3.467
3.500
3.683
2.963
3.894
3.167
2.436
4.575
2.980
3.267
2.462
3.434
3.284
4.028
3.207
3.444
3.014
3.776
4.259
4.401
3.621
3.172
3.640
2.957
3.173
3.713
3.644
3.317
2.540
3.110
3.770
3.055
2.799
3.066
2.981
3.021
2.614
2.614
2.978
1.738
3.013
2.395
3.033
2.841
3.115
3.145
2.406
2.712
1.634
3.884
3.918
3.118
2.734
2.578
3.253
3.230
2.867
2.633
3.639
3.631
3.600
3.723
2.920
3.083
2.794
3.479
3.669
2.691
4.147
5.093
3.628
2.500
3.049
3.600
3.479
3.061
3.220
3.214
2.683
2.446
2.339
2.401
2.057
1.816
2.114
1.793
2.544
4.186
3.089
3.641
3.268
4.076
3.644
2.344
2.543
2.795
2.312
1.718
2.296
4.520
3.346
3.140
3.876
3.359
2.718
2.699
2.196
3.197
4.320
3.026
2.513
1.705
1.906
2.443
2.663
3.807
3.412
2.376
2.780
3.629
3.445
2.379
2.163
2.619
2.574
2.546
2.406
2.672
1.838
2.670
2.663
3.148
2.830
3.004
2.761
3.173
3.159
2.394
2.376
1.917
2.530
2.265
2.350
2.329
1.926
1.998
2.154
2.301
3.414
4.130
2.804
3.814
2.627
2.516
4.176
2.712
2.828
3.216
2.997
2.398
2.600
2.213
2.828
2.739
3.656
2.910
2.430
3.217
2.474
2.927
3.046
2.118
2.194
2.068
2.256
2.350
2.862
2.564
4.397
3.444
3.781
4.383
4.007
2.318
2.364
3.313
4.124
3.196
2.572
2.344
1.866
2.765
3.122
3.395
1.780
1.908
2.445
3.133
2.910
2.753
2.927
3.857
4.539
4.020
3.534
3.378
3.030
3.116
3.639
3.365
2.272
2.481
2.640
3.797
3.846
3.346
3.985
4.117
3.272
4.221
3.581
4.429
3.534
1.748
2.523
3.269
3.339
2.839
2.499
3.098
3.195
2.875
3.237
3.943
3.927
3.828
3.565
1.988
2.182
2.149
2.841
2.956
3.375
3.559
2.469
1.894
2.070
3.303
3.917
3.384
3.100
2.862
2.602
2.840
3.408
3.910
3.590
2.606
2.492
2.523
3.425
2.199
2.711
1.887
2.487
3.026
4.026
3.491
3.175
3.083
2.730
3.192
2.339
3.451
3.499
3.295
3.206
3.986
4.050
3.626
2.170
2.169
2.515
2.534
2.532
3.054
3.743
3.128
3.757
2.193
2.412
3.367
3.036
3.459
3.844
3.649
3.263
3.038
3.010
2.128
3.088
2.907
2.325
2.438
3.867
3.663
3.060
2.893
3.249
3.257
2.501
2.278
2.293
3.637
4.142
3.819
3.636
4.061
3.829
3.330
3.299
2.787
2.299
2.184
3.205
3.602
4.146
5.007
3.445
3.653
3.451
3.828
3.096
3.779
3.008
3.399
4.111
4.221
4.030
4.077
2.794
4.132
3.126
2.842
3.435
2.584
2.399
3.100
4.857
4.383
2.957
3.590
2.676
2.756
2.986
3.360
2.678
3.584
4.137
3.834
3.789
3.821
3.317
4.296
2.664
2.624
4.487
4.098
4.501
3.198
2.940
2.503
2.795
2.720
3.105
2.681
2.500
2.909
4.994
3.715
3.087
2.697
3.842
3.223
3.358
3.692
5.444
4.790
3.262
4.798
4.029
3.163
2.441
2.851
2.365
2.768
2.412
2.552
3.235
2.965
3.763
3.899
3.064
2.651
2.518
2.658
2.179
2.279
3.242
2.457
4.102
3.497
4.057
5.476
4.265
4.184
5.083
3.332
2.890
2.870
2.727
2.242
3.343
3.881
2.778
2.853
2.395
2.672
2.457
4.122
2.664
2.524
3.172
5.833
2.731
4.431
3.594
3.532
3.009
2.838
2.024
2.774
4.226
2.894
2.796
2.018
2.577
2.998
2.713
2.893
2.870
2.967
2.993
3.665
3.212
2.891
2.850
3.505
3.074
3.166
2.645
2.830
3.063
3.287
2.677
4.755
3.815
2.867
2.512
2.288
3.628
3.547
2.633
2.863
2.764
2.971
3.477
2.803
2.404
2.417
3.453
3.307
3.416
3.100
2.816
2.558
1.999
2.168
2.777
3.992
4.219
2.751
3.077
2.458
1.933
2.319
3.018
1.758
2.573
3.094
3.147
2.512
2.604
2.648
3.720
3.064
2.146
2.156
2.141
2.607
2.367
2.674
3.084
3.605
3.363
3.010
3.041
2.591
3.111
2.273
2.364
2.963
2.806
2.111
2.568
3.365
3.898
3.176
3.969
3.442
3.079
2.506
1.945
2.697
2.792
3.252
3.089
2.516
2.843
3.072
2.641
2.405
2.890
2.713
3.178
2.056
1.865
2.368
2.974
2.247
3.390
2.192
2.466
2.615
2.968
2.352
2.630
2.461
3.695
3.772
3.712
2.288
2.456
3.194
3.132
2.771
2.678
2.589
3.962
3.656
3.360
3.076
2.674
2.058
2.436
2.358
2.875
3.470
3.559
3.204
3.327
3.244
2.926
3.150
3.211
3.753
4.359
3.356
2.652
3.270
2.255
2.127
3.941
2.341
2.848
2.627
2.848
3.129
3.166
3.167
2.957
1.851
2.501
3.113
3.367
3.656
2.367
2.108
3.072
3.032
2.492
3.187
3.537
2.807
3.431
3.394
3.862
3.581
3.708
3.038
3.241
3.588
3.844
3.368
3.271
2.354
2.269
2.226
1.828
2.302
2.311
2.264
2.026
2.795
3.205
3.445
3.385
3.254
3.072
3.549
3.902
3.815
3.224
3.871
3.559
3.898
3.625
3.469
3.556
3.568
3.175
3.385
2.842
2.289
2.403
2.581
2.991
3.184
4.702
4.068
3.796
3.866
3.278
3.236
2.603
3.812
4.731
3.779
3.395
2.342
2.387
2.362
3.437
3.465
2.439
2.118
2.606
2.883
2.366
3.317
3.615
2.813
3.236
3.799
3.973
2.697
2.688
3.271
2.655
3.177
4.025
4.141
3.800
3.571
2.616
3.131
3.454
3.347
3.967
3.892
3.062
3.078
3.234
3.862
5.202
4.486
4.156
3.499
5.658
4.151
3.865
2.547
2.833
4.916
3.105
2.783
2.335
2.586
3.065
3.940
3.248
2.442
3.166
3.259
3.400
2.550
2.758
4.286
2.959
2.726
4.268
3.905
4.189
3.311
3.229
4.013
2.527
2.680
2.181
2.344
2.934
3.502
2.592
3.572
2.772
3.878
3.705
3.148
4.161
4.644
3.270
3.039
3.246
2.992
3.150
2.422
3.594
4.161
2.787
2.786
3.073
3.503
3.993
3.255
3.279
2.801
1.855
2.312
2.866
3.148
3.444
3.109
3.538
3.165
4.406
4.243
4.154
5.094
4.545
4.819
4.660
3.743
3.382
3.654
5.637
6.531
3.480
5.819
4.455
4.077
2.773
2.533
3.508
2.519
2.198
3.420
2.722
2.547
2.576
3.266
3.373
2.979
3.530
4.104
3.693
3.329
3.074
4.133
4.692
4.216
3.392
3.332
2.243
1.938
3.491
3.295
3.243
2.568
4.093
2.174
2.162
2.079
2.165
2.959
2.894
2.717
2.233
1.851
2.265
2.595
2.617
2.818
2.622
2.313
3.522
2.284
1.930
2.602
3.357
3.129
3.607
3.403
3.984
2.971
2.835
2.810
2.957
3.348
2.899
3.222
2.696
2.281
3.058
2.357
2.557
3.687
3.256
2.490
3.827
3.707
3.187
2.944
2.331
2.375
3.641
2.872
2.328
2.868
2.704
2.695
2.678
2.168
2.275
2.239
2.973
3.170
1.978
2.875
2.292
1.930
1.878
3.694
2.440
1.574
2.572
2.867
3.162
2.473
2.618
2.838
3.316
3.715
3.381
2.824
3.445
3.246
2.975
3.950
3.054
2.542
3.141
3.632
3.623
3.520
3.621
4.378
3.669
2.881
2.811
1.954
2.865
2.483
2.953
3.879
3.278
2.412
3.331
4.032
2.512
2.512
3.012
3.352
3.649
4.121
3.666
3.715
3.757
3.436
3.570
3.449
2.297
3.101
2.719
2.567
4.053
3.720
4.238
3.274
2.905
2.895
3.282
2.687
2.975
2.498
2.890
2.568
2.216
2.029
2.206
2.997
2.757
2.551
2.673
3.134
2.488
2.739
2.690
3.030
2.994
2.795
3.013
1.666
3.055
3.232
3.717
4.035
2.262
2.739
3.744
4.392
3.162
3.261
2.510
1.742
2.556
2.752
2.292
2.215
2.741
3.441
3.228
3.933
3.742
4.545
2.785
3.518
3.222
2.856
3.569
3.242
3.491
3.567
2.713
3.609
4.239
2.881
3.003
4.968
3.850
4.160
4.008
3.225
3.124
2.236
3.125
2.051
2.710
2.241
2.678
3.096
3.484
3.974
3.807
3.708
2.745
3.490
2.943
3.404
3.818
2.157
1.958
2.528
2.583
3.296
2.936
3.157
3.328
3.101
3.319
3.421
3.156
2.560
3.921
4.309
4.312
2.566
2.718
2.773
2.298
4.021
3.138
3.485
3.844
4.345
3.977
2.955
3.251
3.280
2.582
3.341
3.255
3.842
4.663
2.239
2.750
5.458
6.156
5.209
4.379
3.073
2.832
3.691
3.822
5.316
3.478
2.557
4.165
3.866
5.196
5.155
2.521
5.235
3.763
3.723
3.651
3.513
3.912
4.105
2.952
3.008
2.703
3.265
3.495
5.180
3.780
3.250
3.678
3.913
3.778
2.932
4.572
3.881
4.271
4.178
3.638
4.557
4.239
3.663
3.869
3.349
3.365
2.731
5.190
3.989
3.942
3.904
3.383
2.857
2.827
2.232
4.431
3.111
3.844
5.060
4.519
3.972
4.188
4.641
3.956
6.064
3.279
2.728
2.473
2.618
3.584
3.857
3.707
2.819
3.427
2.294
3.332
3.410
4.363
3.119
2.758
2.940
2.771
3.240
2.136
2.302
3.887
4.331
4.432
3.854
3.462
2.474
2.066
2.363
2.946
3.401
3.105
3.443
3.207
3.288
2.869
2.912
4.089
3.530
3.291
3.658
3.777
3.991
6.325
5.195
2.640
3.298
3.744
3.750
2.875
2.581
2.629
2.275
3.243
3.215
2.972
3.531
3.681
2.590
3.374
4.247
2.560
3.686
2.605
4.361
4.408
3.903
3.128
2.001
2.123
2.505
2.032
3.078
2.817
2.887
2.979
3.364
2.718
2.611
2.206
2.921
1.963
2.731
2.477
1.909
2.794
2.340
1.785
2.921
2.176
2.041
3.705
3.064
2.541
2.736
2.832
2.324
3.442
2.843
2.715
3.254
3.448
3.264
3.854
4.151
3.297
3.035
4.235
3.306
3.286
2.173
2.339
2.409
2.145
2.566
4.027
1.972
2.057
2.064
1.510
2.399
2.933
2.865
3.004
3.915
3.612
3.768
2.689
2.063
2.046
1.843
2.413
3.147
2.593
3.343
3.063
2.788
1.810
3.057
3.504
3.453
3.440
4.238
3.320
3.435
3.124
3.750
4.150
3.080
2.668
2.590
2.856
2.697
3.215
4.033
2.779
2.828
2.972
3.663
3.287
2.918
2.050
3.004
3.007
3.350
3.083
3.123
3.401
3.390
3.438
2.816
2.170
2.934
2.856
2.832
2.652
2.677
2.143
1.722
2.323
2.722
3.449
3.415
2.933
2.597
3.202
3.818
2.924
2.694
2.375
2.776
3.632
3.291
2.979
3.758
2.197
2.718
2.613
2.467
3.066
2.900
3.688
3.393
3.003
3.368
2.793
2.104
2.279
2.442
2.707
3.349
3.788
3.209
2.718
3.493
3.289
3.674
4.114
4.099
3.414
3.308
2.364
1.944
2.460
1.863
2.836
2.821
3.497
2.989
1.991
2.943
2.562
2.224
2.796
2.227
2.833
2.777
3.133
3.156
2.638
2.390
2.805
3.094
3.530
3.424
2.331
2.698
3.682
3.867
3.940
2.950
2.634
2.813
3.143
2.912
3.078
2.760
2.897
3.033
2.761
2.418
2.096
3.030
3.516
3.307
3.893
3.943
4.246
3.823
3.510
3.931
3.690
2.176
2.586
2.927
3.429
3.283
4.044
3.654
4.071
3.910
3.339
4.486
3.833
4.184
4.162
3.817
3.163
4.173
4.098
4.883
4.447
3.491
2.181
2.760
3.162
2.798
2.152
3.691
3.476
3.739
3.798
3.379
3.703
4.816
3.822
3.612
3.200
4.436
3.556
3.956
3.940
3.614
2.849
2.285
3.408
3.769
3.736
3.846
3.631
2.750
2.930
3.299
2.930
2.693
2.638
2.106
2.742
2.472
3.113
3.627
4.509
4.592
3.572
3.618
3.876
3.557
3.397
3.288
3.328
3.159
3.084
3.359
4.378
4.250
4.056
3.417
3.601
3.743
2.983
2.960
3.670
2.701
2.941
3.419
3.744
3.717
4.055
3.583
3.350
3.429
3.150
3.167
4.729
4.123
4.045
3.749
3.643
2.687
3.742
3.290
3.047
2.339
2.740
2.789
2.930
4.487
3.250
2.453
3.153
3.597
2.997
3.327
3.732
4.462
3.955
3.903
5.207
4.460
3.463
5.579
3.732
4.259
4.424
3.353
3.809
4.483
4.714
3.999
3.327
2.741
2.303
3.483
3.855
3.381
2.656
2.756
3.471
3.442
3.252
3.507
4.650
3.211
3.779
2.730
2.354
2.720
2.799
2.623
3.948
2.664
2.344
4.167
3.296
3.314
4.296
4.623
4.252
3.375
4.286
4.592
3.787
4.492
3.992
4.412
4.239
4.163
3.051
3.094
3.055
3.428
3.870
3.883
3.167
2.859
3.962
3.420
2.900
3.780
2.388
2.206
2.695
3.203
4.744
5.842
3.820
3.172
4.119
3.571
2.621
4.025
4.012
2.180
1.882
2.379
2.274
2.138
2.383
2.127
2.155
3.236
2.722
2.619
2.479
2.947
2.821
2.434
2.244
2.256
2.092
1.970
2.114
2.187
2.311
2.723
2.903
3.372
3.278
4.386
3.413
3.131
2.706
2.085
2.511
1.530
2.624
2.951
3.059
3.538
3.245
3.043
3.065
2.373
2.941
2.790
2.478
2.372
3.651
3.201
2.553
2.348
3.259
2.996
2.888
2.412
2.661
2.896
3.926
4.523
3.567
3.419
3.274
3.541
3.965
4.119
3.762
3.428
3.527
3.736
3.732
2.926
3.303
3.510
3.855
4.081
2.212
3.611
3.982
2.901
3.587
3.717
4.054
3.738
2.588
4.232
3.814
3.311
3.365
3.201
3.232
3.599
2.737
2.472
1.891
2.601
3.597
3.563
3.826
3.804
3.832
3.325
4.748
2.623
3.382
3.119
2.532
2.475
2.297
3.150
3.246
2.554
2.611
2.362
2.810
2.941
3.044
2.981
2.154
2.351
3.254
3.727
3.419
3.171
4.668
3.284
2.475
2.989
2.916
3.561
3.065
3.965
3.970
3.961
3.173
3.377
2.378
2.098
2.982
2.344
3.039
3.303
4.364
3.538
4.138
2.965
3.586
2.920
2.889
2.997
3.210
2.914
2.234
2.673
3.018
2.816
3.797
3.846
2.897
2.371
2.789
4.012
2.807
3.177
3.216
2.891
4.546
3.940
4.193
4.768
5.052
4.500
3.585
2.976
2.276
2.461
2.546
3.120
4.303
2.295
2.216
2.881
3.735
2.777
3.052
3.667
3.636
3.578
3.619
3.439
6.133
4.693
3.242
2.849
3.085
2.354
2.734
3.367
3.611
4.518
4.014
4.872
4.304
3.892
2.790
2.745
2.884
3.694
3.535
4.046
4.198
4.011
3.422
2.984
2.796
5.303
3.614
3.438
2.950
3.829
3.712
3.633
3.785
3.788
3.768
3.736
3.657
3.810
2.887
3.454
5.123
3.912
3.378
2.442
3.611
3.737
4.542
4.042
2.593
3.332
3.867
5.319
4.107
4.205
3.804
4.524
4.113
3.397
3.638
3.242
3.157
4.663
3.933
3.558
3.437
4.280
3.875
3.586
3.938
3.973
4.044
4.111
4.083
3.256
3.284
2.830
5.298
3.892
3.470
4.285
3.491
3.135
4.383
3.578
4.445
3.893
4.041
4.269
4.437
4.531
3.981
2.870
2.394
3.881
4.152
3.660
3.027
3.844
3.473
2.828
3.389
3.245
3.193
4.323
4.083
3.034
3.128
4.157
4.309
3.658
3.146
3.550
3.553
4.670
4.060
3.236
3.123
3.505
3.146
3.235
3.837
5.451
4.877
5.094
3.811
3.058
2.365
2.345
2.949
3.736
3.829
3.728
3.908
2.819
3.310
2.287
3.715
2.325
1.964
2.607
3.886
2.843
3.124
3.155
2.518
3.272
3.318
2.824
3.014
6.077
3.010
3.018
3.714
3.153
4.495
4.852
4.491
3.789
3.362
3.132
2.252
3.949
3.551
3.210
2.349
2.262
3.393
3.278
3.950
3.502
2.663
2.691
3.354
2.639
1.896
2.506
2.277
2.372
4.151
3.839
3.842
2.550
2.463
3.960
3.880
3.054
2.647
2.178
2.016
2.120
2.729
2.685
2.498
2.509
2.281
2.570
2.960
3.682
3.585
4.063
3.881
2.973
3.155
2.379
2.674
2.673
2.135
1.962
2.340
1.914
2.501
2.429
2.644
2.556
3.037
3.674
2.786
2.599
2.394
2.293
2.719
3.147
3.650
2.340
2.291
2.601
2.987
2.319
3.106
3.795
3.938
2.379
2.902
2.599
2.854
2.702
2.844
2.790
2.431
2.681
2.638
2.116
2.599
2.249
2.980
2.838
2.523
2.492
2.648
2.694
2.479
2.312
2.660
2.988
2.269
2.169
2.011
2.129
2.035
2.052
2.448
2.844
2.817
2.911
3.077
2.670
3.227
3.707
2.224
2.850
3.141
2.032
2.796
3.282
3.775
3.434
3.193
2.834
2.791
3.149
2.842
3.437
2.487
2.613
2.557
2.018
3.007
3.028
3.165
2.552
2.753
3.044
3.494
3.401
2.384
2.346
2.841
2.736
2.325
1.968
1.689
1.530
2.558
3.153
2.485
3.383
3.271
2.929
2.191
2.394
3.200
2.433
3.682
3.097
2.752
3.205
3.067
3.019
2.875
3.387
3.578
3.606
3.035
2.728
3.134
2.256
3.279
2.958
3.539
2.714
3.104
3.055
2.814
2.100
2.851
3.545
4.101
3.688
2.248
1.971
2.348
3.164
3.080
3.810
3.035
2.857
3.015
2.714
3.336
3.443
3.204
2.964
2.990
2.248
2.724
3.113
2.856
2.797
3.199
2.710
2.464
3.649
2.512
3.549
3.183
4.038
2.365
3.092
2.463
2.371
2.256
2.997
3.605
3.208
3.037
3.524
3.665
2.504
4.696
3.570
3.478
3.409
3.034
2.482
3.515
3.208
3.475
3.810
3.890
3.591
4.167
3.637
3.183
3.214
2.958
3.740
4.396
3.438
2.370
2.011
3.385
3.483
2.835
3.013
2.951
3.937
3.902
3.105
4.284
4.025
2.823
3.539
3.918
5.195
2.837
3.013
3.524
3.926
4.473
4.706
3.774
3.760
3.354
1.873
3.218
4.145
3.255
4.982
4.185
3.291
4.147
3.888
4.288
2.869
2.722
2.746
3.605
4.271
3.183
2.167
2.441
2.916
2.052
2.449
3.216
4.182
3.423
4.065
2.851
2.507
2.811
3.561
2.190
4.360
3.848
3.342
3.233
3.618
3.768
3.077
3.264
2.795
3.298
3.652
3.690
3.403
3.434
3.484
3.512
2.084
4.234
2.800
3.156
3.969
3.244
2.291
3.520
2.405
3.219
3.277
2.756
3.317
3.607
3.405
3.165
4.408
4.420
2.802
3.509
3.779
3.167
4.190
3.074
3.705
4.427
3.901
3.634
3.892
4.437
2.737
3.661
3.196
3.329
3.476
2.272
3.499
2.253
1.933
3.258
3.243
2.645
1.657
3.127
2.797
2.339
2.042
2.749
3.286
3.513
2.887
2.302
4.098
3.255
2.893
3.490
2.271
2.442
2.616
2.566
3.855
2.281
2.859
3.530
3.146
4.491
2.841
2.025
2.583
2.599
3.694
2.494
2.523
2.551
2.604
3.568
2.813
4.362
2.972
2.929
2.000
1.868
2.925
2.387
2.579
2.813
1.199
2.125
3.453
2.526
2.703
3.218
2.397
2.009
2.145
2.837
3.900
5.335
2.900
1.765
2.227
2.785
2.068
4.396
4.216
2.353
2.716
2.152
2.180
2.135
1.869
2.088
2.897
2.788
3.292
2.582
1.679
2.375
2.605
2.522
2.856
3.119
2.672
2.136
2.606
1.855
2.046
2.470
2.488
2.028
1.858
2.031
1.651
2.092
2.079
2.323
3.078
3.854
2.141
2.556
1.996
2.331
2.493
2.649
2.281
2.581
1.901
2.696
2.025
1.568
1.937
1.865
2.491
2.555
3.092
2.787
2.197
2.497
3.119
3.761
3.552
2.225
2.354
2.639
2.545
1.897
2.316
2.233
2.024
2.133
2.001
1.680
1.736
1.557
1.576
1.949
2.306
2.504
2.837
2.230
3.317
1.950
1.835
2.267
3.330
1.722
2.325
1.597
1.290
1.744
2.364
2.891
2.842
3.434
3.910
3.469
3.270
3.217
2.657
2.450
2.152
3.015
3.416
3.955
3.447
3.090
2.699
3.007
2.613
2.912
2.871
2.168
2.536
1.733
1.986
3.175
2.893
2.476
3.313
3.289
3.100
2.105
2.648
2.425
2.913
2.890
2.157
1.876
1.749
1.777
2.095
2.184
2.205
3.443
2.769
2.344
2.950
3.518
3.365
2.861
3.244
3.145
4.892
3.070
3.031
2.751
3.628
3.442
3.414
3.721
4.420
2.805
2.339
3.675
4.395
3.453
3.500
3.228
2.088
3.193
2.638
3.036
3.421
3.934
4.111
4.546
2.963
2.475
2.722
1.960
2.363
3.202
3.583
4.172
3.569
3.788
2.778
3.181
3.283
2.783
3.681
3.279
3.332
3.072
2.843
5.295
3.166
4.527
5.081
3.090
4.012
3.780
3.910
3.613
3.456
2.461
1.440
3.222
3.704
3.553
2.926
2.491
2.371
2.996
3.613
2.909
3.609
2.777
2.360
4.673
3.389
2.570
2.828
3.574
4.429
3.805
3.068
3.429
2.410
2.516
3.650
3.117
2.623
3.647
5.110
3.346
2.426
3.055
2.315
2.454
3.033
2.933
3.238
3.189
2.410
2.545
5.058
3.608
3.071
3.764
2.558
3.512
3.524
4.295
3.072
2.037
4.159
3.097
2.954
2.987
4.329
2.993
2.759
2.426
2.580
2.673
2.046
2.587
2.414
2.554
2.520
2.829
2.335
2.312
2.908
2.842
3.607
3.862
2.988
3.089
3.692
4.574
3.181
2.887
2.380
3.767
3.595
2.860
2.504
2.553
2.221
2.955
3.114
3.976
3.827
2.992
3.597
2.925
2.197
3.934
2.648
4.462
4.167
3.906
2.965
3.364
3.146
3.508
3.223
2.596
2.790
1.715
2.854
3.016
3.149
2.481
2.084
1.941
2.768
1.976
1.857
2.971
2.153
2.306
3.581
2.327
2.505
3.021
2.028
2.815
1.681
2.043
2.607
2.288
3.481
2.344
2.298
2.000
2.796
3.229
2.944
3.658
2.660
2.534
2.782
3.819
2.564
3.039
3.571
3.693
3.258
3.303
2.895
2.302
4.010
4.231
2.957
2.692
1.878
1.385
1.690
1.729
1.738
2.097
2.292
3.397
3.573
2.774
2.523
1.763
2.119
2.198
2.700
2.387
1.539
1.602
1.378
1.833
2.248
2.323
2.314
2.256
3.895
2.510
2.053
2.121
3.467
2.900
2.666
3.042
2.563
2.968
2.850
2.606
3.178
2.647
2.387
2.573
2.094
2.198
3.210
2.643
1.854
2.252
2.231
2.045
2.848
3.120
2.601
2.084
2.092
2.130
2.027
2.320
2.438
2.580
2.421
2.287
2.340
1.898
1.880
2.650
3.261
3.201
2.945
2.395
2.131
2.961
3.062
2.486
2.291
2.652
2.826
2.146
3.341
2.941
2.136
2.581
2.228
1.838
2.218
1.921
2.088
2.264
2.866
2.228
1.908
2.241
2.299
2.313
2.418
2.146
2.718
3.489
2.293
2.758
2.679
2.822
2.679
1.842
2.699
2.651
3.387
2.630
3.075
2.391
2.483
3.304
2.520
3.552
2.020
3.650
4.395
4.329
4.307
3.203
2.403
2.128
1.534
1.897
3.504
4.251
4.672
4.318
2.526
3.546
4.102
3.948
2.292
3.329
3.528
2.977
2.918
2.854
3.281
3.572
3.073
2.391
2.623
3.175
3.182
2.073
2.366
3.159
2.707
2.072
2.721
2.689
2.222
3.965
4.460
3.390
3.701
3.710
3.233
3.049
3.231
2.345
2.357
3.057
4.107
3.445
3.795
2.589
3.773
3.203
3.941
3.627
3.023
2.836
2.474
2.431
3.077
3.427
3.619
2.939
3.755
3.395
4.468
3.692
3.318
3.467
3.232
2.447
2.383
2.593
3.161
3.430
3.143
3.923
3.373
3.512
2.515
3.062
3.712
3.258
3.467
4.508
4.370
4.075
3.768
4.682
3.745
2.667
3.932
3.434
2.308
2.741
3.448
4.032
3.824
4.099
3.048
4.826
4.440
3.556
4.302
3.705
4.090
3.859
3.887
3.632
4.886
4.826
4.141
3.048
3.467
3.656
4.230
4.552
4.473
3.321
3.277
3.970
2.842
2.518
2.452
2.184
2.906
3.575
3.223
4.290
4.789
4.245
2.964
2.557
2.401
2.604
2.644
2.972
5.260
3.486
3.579
4.055
3.817
3.801
2.627
2.517
3.301
3.050
2.463
2.661
3.500
3.310
3.712
3.009
2.796
3.323
2.862
3.421
3.853
3.635
2.851
3.938
3.645
3.874
3.073
3.762
3.728
3.900
3.232
2.511
2.089
2.646
2.766
2.560
2.285
2.877
4.916
2.971
3.511
2.866
3.743
3.016
3.326
2.587
2.903
2.666
2.769
2.865
2.790
3.444
3.403
3.262
4.026
3.477
3.920
3.919
4.383
4.520
3.222
3.078
2.970
3.722
3.605
4.930
4.408
3.023
3.631
3.249
3.328
2.779
3.020
3.808
3.759
4.774
2.163
2.510
3.722
3.560
2.197
2.659
2.570
3.116
2.293
1.939
2.716
3.537
5.135
3.474
4.547
3.738
2.156
3.360
3.401
2.099
2.461
2.149
1.892
1.666
3.163
2.840
3.053
4.300
3.769
4.179
2.189
3.889
2.893
2.430
3.124
2.357
3.072
3.214
3.653
3.670
3.259
2.869
2.214
2.267
2.292
3.016
5.569
3.560
5.604
4.085
3.716
1.792
2.271
4.635
2.699
3.606
2.428
3.017
5.001
2.459
3.292
3.455
3.100
3.263
2.681
2.802
4.044
2.511
2.290
2.291
2.321
2.117
1.851
1.738
2.550
2.439
3.672
3.188
3.021
3.690
2.203
2.317
2.447
1.984
2.294
1.897
2.117
3.058
2.781
2.736
4.619
3.332
2.554
5.737
4.760
2.990
2.186
2.301
2.995
3.112
3.531
2.564
2.716
3.488
2.938
3.863
2.024
1.710
2.231
3.017
2.667
1.906
2.379
2.500
2.450
2.690
2.624
2.103
2.175
2.150
2.387
3.150
2.488
2.653
3.055
3.651
2.458
2.962
3.707
3.246
2.957
3.432
3.117
2.835
3.350
3.939
3.736
3.319
3.073
2.358
2.169
2.407
1.975
2.712
2.490
3.752
3.825
2.670
2.669
4.205
3.202
3.256
3.231
3.702
2.911
2.423
2.177
2.230
3.195
2.211
3.389
3.700
3.777
3.270
3.655
3.874
2.957
2.735
3.432
4.277
2.136
3.376
4.046
2.165
2.477
3.554
4.063
4.069
1.811
3.406
3.239
2.915
3.350
3.329
3.890
3.691
3.858
3.903
3.249
2.515
3.541
3.199
2.737
2.403
2.199
2.388
4.115
3.946
3.943
3.638
3.913
3.945
4.211
4.013
3.806
3.199
3.567
3.013
2.658
4.182
5.297
4.098
3.450
3.912
2.726
2.572
2.857
2.736
2.780
3.047
3.488
3.199
3.021
3.573
4.114
4.029
3.829
2.914
3.552
3.394
2.857
2.549
2.331
2.553
1.882
2.117
2.569
3.029
2.124
2.667
2.015
3.692
4.354
3.638
2.850
3.945
3.685
3.612
3.504
3.970
3.487
2.844
4.021
3.451
3.856
3.137
3.033
2.879
2.884
3.097
3.349
2.513
2.496
3.488
3.051
4.482
3.308
3.265
2.817
3.576
3.418
4.188
3.519
2.896
2.880
2.654
2.458
2.911
2.637
3.369
3.595
3.147
3.609
3.271
3.537
4.197
3.682
2.827
2.562
2.809
3.264
3.452
2.971
3.223
3.151
4.020
4.120
3.876
3.249
3.211
3.698
3.636
3.795
3.932
3.460
3.725
2.905
2.941
3.851
3.063
3.850
4.175
3.841
4.384
4.044
3.621
2.354
2.773
3.778
3.067
2.876
2.887
3.747
2.889
2.917
3.085
2.969
3.618
2.913
2.944
3.229
3.528
3.247
2.800
3.197
3.274
2.306
2.115
2.501
3.478
2.586
3.258
4.130
2.761
3.217
3.316
3.309
3.198
3.024
2.785
3.193
2.815
2.945
2.984
3.862
3.830
3.486
2.957
2.619
3.231
3.497
2.497
3.161
3.810
4.004
3.281
3.030
2.443
2.771
3.107
3.851
4.117
3.751
3.754
3.976
3.822
3.076
3.254
3.068
3.209
3.669
2.995
3.488
3.777
1.729
3.996
4.073
3.120
2.453
1.714
2.209
2.399
2.926
4.036
2.967
2.128
2.386
2.738
2.573
2.988
3.638
3.133
2.841
2.752
1.874
2.644
3.448
3.917
3.849
3.922
4.043
3.835
2.552
3.112
3.234
2.475
1.615
2.076
3.240
3.525
3.209
2.744
1.979
2.320
3.261
4.045
3.970
3.635
2.635
2.596
3.170
2.227
2.929
2.818
2.869
3.353
3.020
2.556
2.501
2.974
3.568
2.539
2.380
3.176
3.295
3.190
2.982
2.759
3.627
3.636
3.257
2.758
2.862
2.645
2.618
2.118
1.848
2.254
2.738
3.099
2.765
3.073
2.478
3.318
2.176
2.639
2.071
2.650
3.237
3.705
2.890
3.447
2.403
2.467
3.191
3.168
2.456
2.629
1.825
2.559
2.962
3.286
2.812
3.530
3.699
3.604
3.856
3.144
2.414
2.445
1.972
1.880
2.719
3.141
2.841
3.036
3.418
3.315
2.887
3.737
3.520
2.395
1.994
3.150
3.684
2.774
3.440
4.011
3.817
2.390
2.834
2.427
3.718
3.305
2.170
1.790
2.376
3.057
3.336
2.296
2.795
3.021
4.143
3.835
3.140
1.849
1.735
2.054
2.503
3.207
3.858
3.222
2.785
1.846
1.792
1.709
2.742
2.446
2.441
3.057
2.996
2.979
2.938
2.344
2.332
2.936
3.627
3.172
2.956
2.839
2.633
2.410
2.948
2.926
3.801
3.384
3.662
3.755
3.153
2.582
3.068
4.512
3.296
3.539
3.096
2.239
3.095
3.205
3.700
2.489
3.124
2.575
3.226
3.449
3.270
3.246
2.823
2.543
2.057
2.215
3.013
3.689
3.519
3.695
2.645
3.891
3.139
3.860
4.387
4.313
4.631
6.158
5.298
3.590
4.088
2.701
2.509
3.674
3.568
3.655
3.835
2.789
4.194
3.206
3.508
3.408
3.896
3.419
3.615
3.864
3.412
3.192
4.304
2.733
3.720
3.171
3.613
3.601
3.786
4.655
3.912
4.324
4.586
3.918
3.198
3.590
5.337
4.195
2.880
3.743
3.769
3.872
3.353
3.045
2.737
2.966
3.255
3.818
4.630
3.526
3.344
3.433
2.775
2.709
3.561
3.676
3.524
3.356
3.206
3.339
3.668
3.327
3.118
3.239
3.851
2.390
3.177
3.518
3.299
3.916
2.596
3.048
4.463
3.847
3.575
4.378
3.633
4.544
4.122
3.811
3.527
4.149
3.831
3.738
4.289
3.620
3.898
3.863
2.930
2.556
2.562
3.702
4.009
3.679
3.529
3.288
3.259
3.786
3.279
3.458
3.347
2.993
3.361
2.990
3.612
2.797
2.737
2.669
3.295
2.925
2.711
3.222
3.499
4.085
3.856
4.543
3.253
3.408
3.741
3.277
3.693
4.306
4.018
3.837
3.543
2.945
2.982
2.770
2.415
2.525
2.738
2.976
3.653
3.142
4.163
3.818
3.351
3.246
3.173
2.147
2.490
2.711
3.036
3.642
2.994
3.379
3.445
3.662
3.242
3.668
3.564
4.741
3.513
3.114
3.218
2.874
2.895
3.636
3.958
3.763
4.465
3.875
3.378
2.791
3.548
2.559
2.706
2.684
2.890
2.523
2.541
2.417
4.204
4.094
2.563
2.746
4.013
4.196
3.169
2.673
3.582
3.365
3.334
3.789
3.666
3.033
2.456
2.490
2.372
2.451
2.413
2.417
2.295
1.885
1.961
2.951
2.913
2.365
2.730
3.276
3.030
3.032
3.088
3.475
2.876
2.368
3.860
2.490
2.852
2.925
2.352
2.130
3.677
3.496
3.217
2.664
2.685
2.515
1.977
1.850
2.388
2.261
2.192
2.843
3.380
2.983
3.386
2.100
1.922
2.469
2.620
2.819
3.058
2.953
2.750
3.130
3.058
3.628
3.717
3.321
3.055
2.564
2.558
2.496
2.622
2.025
2.176
2.338
2.047
2.679
2.760
2.952
2.583
2.568
2.674
3.089
3.522
2.450
2.539
2.509
2.922
3.005
2.493
1.913
2.528
1.687
1.397
2.878
3.330
3.740
2.416
2.671
2.835
3.604
2.860
3.203
2.980
3.021
3.034
3.084
4.134
2.875
2.943
3.144
3.084
2.078
1.893
2.499
3.127
2.610
2.964
2.519
3.139
4.264
2.048
2.420
2.483
3.700
3.671
3.652
3.081
2.995
2.538
2.297
2.405
2.407
2.161
3.220
3.306
2.714
3.718
3.178
3.294
2.705
2.240
3.126
4.190
3.487
2.652
3.616
3.121
3.108
3.382
2.568
3.304
3.013
3.631
3.880
4.218
2.983
2.629
2.316
2.285
1.850
3.168
2.637
2.986
3.035
4.214
4.042
3.745
2.381
2.776
2.517
3.605
2.539
3.719
4.014
3.617
3.245
3.443
3.165
2.901
2.143
2.476
2.678
4.036
4.775
3.938
3.756
3.432
3.038
2.665
2.810
3.563
3.404
2.147
2.398
2.449
2.659
2.898
3.263
3.957
4.339
4.122
4.581
4.535
4.015
3.019
2.012
3.405
4.312
3.932
3.527
4.003
3.302
3.122
4.207
4.526
4.656
3.073
3.646
3.745
4.341
2.914
3.243
3.420
3.811
3.911
3.731
3.426
3.485
2.538
2.492
2.948
2.597
3.571
3.959
4.480
3.156
2.964
3.321
3.464
3.758
5.192
5.753
3.864
4.038
4.329
3.212
3.082
2.488
3.541
5.187
4.371
3.372
4.356
3.454
3.860
3.725
2.395
4.200
3.613
3.065
3.280
3.114
3.020
3.500
4.073
3.995
4.159
4.492
3.971
4.468
4.739
4.324
4.096
4.245
3.950
3.732
3.945
4.115
5.729
4.186
4.080
3.883
3.557
3.014
3.252
2.962
2.768
3.612
5.969
3.610
3.226
3.312
3.166
5.441
4.233
4.507
5.713
4.421
4.005
3.132
3.280
3.573
3.734
4.068
3.986
3.461
3.262
3.456
3.902
3.516
4.477
3.338
3.602
3.730
3.742
2.778
3.645
3.166
2.815
4.359
4.213
4.368
3.773
3.459
3.396
2.791
2.406
3.105
2.321
2.145
2.814
2.273
2.575
3.558
3.000
3.291
2.598
2.962
2.981
2.586
2.051
2.058
2.878
3.587
3.436
2.646
2.458
3.510
4.689
2.624
2.385
3.367
2.503
3.299
2.513
3.214
3.328
3.856
2.467
3.138
4.351
3.364
2.784
2.611
3.264
3.328
3.808
3.101
2.835
2.927
2.531
2.627
2.325
3.502
3.855
3.687
3.745
3.814
3.880
3.678
4.663
3.433
3.794
3.777
3.584
2.939
2.818
3.267
2.258
2.915
2.675
2.626
2.959
3.023
3.143
2.601
1.872
2.029
2.674
2.461
3.174
2.783
3.072
3.196
2.707
2.763
3.930
3.465
3.771
3.448
2.487
2.466
2.739
3.042
3.085
3.253
2.489
2.385
2.205
2.056
2.081
3.245
4.169
3.296
2.324
2.532
2.527
2.886
2.778
3.690
3.450
3.417
2.377
2.070
2.305
2.157
2.593
2.395
2.642
2.965
3.055
3.171
2.388
2.121
1.631
2.111
2.704
3.078
3.053
2.888
2.108
2.671
2.553
1.768
2.741
2.702
2.511
1.864
2.007
1.516
1.998
1.860
1.920
1.787
2.448
3.216
2.337
3.437
3.261
1.680
1.738
1.731
2.112
2.674
3.431
3.060
1.970
2.929
3.675
4.200
3.968
2.350
3.498
3.548
3.400
3.351
3.478
2.536
2.941
4.270
4.123
3.163
2.846
2.839
2.520
2.479
2.624
3.385
3.770
3.394
2.531
3.492
3.391
2.512
1.729
2.891
2.619
3.200
2.378
3.441
2.843
3.740
3.384
3.941
3.275
1.981
2.290
2.898
1.943
2.826
3.289
2.719
3.527
3.596
3.124
3.866
4.386
4.860
2.812
2.484
2.999
3.192
3.617
3.914
4.459
3.087
2.513
1.902
2.425
3.519
2.688
2.529
3.200
3.560
4.378
4.518
3.776
2.507
2.341
2.425
2.764
2.399
2.601
2.429
3.198
2.570
2.517
2.912
3.187
3.382
3.768
4.114
3.761
3.392
2.878
4.755
4.147
4.336
3.784
3.712
2.645
2.218
2.659
2.745
2.099
3.045
3.283
2.455
3.255
4.788
4.017
3.736
2.821
3.221
2.811
4.318
3.645
4.658
3.287
2.807
3.484
2.577
3.430
3.037
2.788
2.502
4.402
4.389
5.898
4.788
3.741
3.532
4.068
4.479
4.127
3.297
5.222
3.944
4.419
3.867
4.553
4.056
4.969
4.305
4.026
4.105
3.721
4.259
4.063
3.841
4.505
3.988
4.174
3.755
4.087
4.067
4.369
3.197
4.105
4.110
4.363
3.504
3.791
3.023
2.593
4.481
4.011
3.278
2.935
2.719
3.762
2.746
2.936
3.408
3.976
4.230
3.890
3.343
3.341
3.208
3.243
2.792
2.933
3.997
4.454
4.530
4.319
2.747
3.100
2.238
2.315
2.226
2.432
2.498
3.218
2.819
2.873
3.468
3.788
3.803
3.907
3.742
3.893
3.204
2.430
2.701
4.503
4.279
3.133
3.294
3.383
3.976
3.668
2.843
3.019
1.818
2.711
3.261
3.642
3.997
3.044
4.560
2.432
2.821
2.197
3.303
2.986
2.133
3.163
3.791
2.626
3.071
2.561
2.804
3.056
4.526
2.888
2.557
3.324
2.646
5.034
3.901
3.863
4.594
4.666
3.420
2.745
2.752
2.639
3.007
3.937
2.723
2.834
3.292
2.350
1.803
2.434
2.664
2.282
1.839
2.265
2.196
2.607
3.936
4.311
2.869
2.673
1.394
2.167
1.917
3.022
3.263
3.609
2.943
2.606
2.566
3.097
3.578
3.122
4.301
4.177
3.873
2.838
2.862
3.247
3.617
3.043
2.863
3.172
3.211
2.885
2.227
3.081
3.343
3.994
2.798
2.450
3.271
3.224
3.128
3.126
2.709
3.485
2.864
2.381
2.707
2.586
2.781
3.402
3.089
2.911
3.537
2.523
2.293
2.763
3.596
2.319
1.871
2.266
2.667
2.637
2.766
2.362
2.557
2.244
2.688
2.607
2.612
3.873
2.401
1.844
2.643
2.963
2.189
2.870
3.370
3.561
3.451
3.608
3.100
2.510
2.610
2.522
2.800
3.192
2.858
2.955
3.001
3.215
2.051
2.244
2.918
3.641
3.810
3.151
2.809
3.214
3.128
3.652
3.446
3.453
3.137
3.275
3.216
3.002
3.016
3.163
3.358
3.101
2.591
2.526
2.678
3.179
3.205
2.474
3.099
2.553
1.882
3.021
2.214
2.005
1.700
2.552
2.241
2.341
2.223
2.320
2.974
2.368
2.372
2.326
3.383
3.954
3.171
2.717
3.020
3.381
3.097
2.987
2.943
2.604
3.366
3.621
3.303
2.441
3.047
3.555
3.598
3.042
3.491
2.899
2.872
2.978
2.498
3.831
3.274
3.636
1.594
1.971
3.038
3.893
3.718
3.639
3.559
3.945
4.252
3.926
3.876
3.779
4.094
4.252
3.292
2.005
2.935
2.010
2.479
2.705
3.215
3.700
3.439
3.308
2.921
3.103
3.624
3.561
2.984
3.345
3.736
3.083
4.090
2.924
3.275
3.484
3.399
3.125
3.836
3.244
2.497
2.322
3.870
3.534
3.095
2.389
2.766
3.726
3.244
3.740
4.309
3.491
3.335
4.195
2.508
2.577
2.552
2.236
3.172
4.046
3.239
3.517
4.338
3.849
3.240
2.508
4.130
4.193
4.292
4.461
2.941
3.694
3.575
4.183
3.114
3.477
3.802
2.904
2.856
4.093
3.281
4.207
4.027
3.068
2.854
3.258
3.628
2.969
2.300
5.075
3.590
3.965
3.783
3.666
3.268
3.162
3.303
3.720
2.989
2.611
2.837
3.913
3.436
3.620
3.592
4.442
2.757
3.741
2.915
3.044
3.046
2.677
3.057
3.451
3.218
2.998
3.430
2.319
2.699
3.245
4.109
4.989
4.023
3.798
4.635
4.049
4.219
5.114
3.149
3.687
4.010
3.070
3.017
3.013
3.340
2.827
3.798
3.656
4.597
3.838
2.860
2.594
4.073
3.049
3.727
2.020
2.827
2.878
3.164
3.374
3.178
3.517
4.237
3.717
3.435
2.272
3.672
4.156
3.766
3.138
3.054
2.355
2.400
2.218
2.260
2.555
3.305
3.322
3.629
5.148
4.432
4.776
4.320
3.469
3.098
2.278
3.357
3.182
3.712
2.519
2.222
2.980
2.852
2.971
2.082
1.942
3.071
2.693
3.094
3.056
2.545
2.481
1.979
3.374
2.943
4.210
3.170
2.420
2.185
2.590
2.910
2.520
2.331
3.394
2.461
1.942
2.061
2.918
2.744
2.784
3.043
3.536
3.679
3.339
2.835
3.121
3.661
2.465
2.483
3.713
3.570
2.875
2.588
2.460
2.983
2.601
2.801
3.076
3.284
2.563
2.203
4.201
3.269
2.529
2.958
1.952
3.340
3.555
3.262
2.946
3.010
2.748
3.929
1.655
3.043
2.771
2.735
4.512
2.751
2.590
2.885
2.890
1.973
1.376
1.628
1.843
1.837
2.101
2.364
3.162
2.883
1.803
2.440
2.867
3.171
2.899
2.851
2.106
2.063
2.651
3.297
3.510
3.317
2.603
2.420
2.600
2.449
2.825
2.792
3.036
3.117
2.798
2.416
1.528
2.271
2.073
2.081
2.025
2.091
1.981
1.781
1.894
3.028
2.982
2.671
2.418
2.763
3.259
3.463
2.105
3.704
2.316
1.490
2.006
2.781
3.047
2.620
2.827
3.318
2.562
1.709
2.387
2.003
1.971
2.338
2.113
2.783
2.815
3.059
3.418
3.440
3.630
3.512
2.203
2.604
3.434
3.281
2.488
2.155
1.899
2.390
3.383
3.563
2.871
2.839
2.419
3.081
3.006
2.941
2.603
3.226
1.766
2.954
2.860
2.306
3.517
3.980
3.201
3.125
3.434
3.359
3.299
2.615
3.087
3.910
3.890
2.295
1.915
1.724
2.684
2.746
3.559
3.656
3.664
3.592
3.101
2.076
2.704
3.822
4.195
3.824
2.357
2.320
2.206
2.704
2.258
2.453
2.990
3.183
2.421
3.103
4.250
2.876
3.835
3.071
3.890
3.400
3.162
4.724
2.282
3.202
2.684
2.981
3.175
3.442
2.915
3.861
4.245
4.121
3.087
3.842
2.992
2.680
4.862
2.902
3.623
5.019
2.536
2.235
2.843
4.085
3.384
3.667
3.684
4.719
4.742
4.350
2.653
2.837
3.037
3.105
4.154
3.371
4.656
4.989
3.526
4.289
3.965
3.346
4.139
4.973
3.931
4.012
3.291
3.296
2.787
3.619
3.735
3.680
4.034
4.550
3.497
3.691
4.200
4.048
3.322
3.735
3.253
3.953
4.524
3.677
4.324
2.982
2.567
2.572
3.800
4.213
3.148
3.178
3.433
3.067
3.091
3.226
2.950
2.838
2.757
2.693
3.162
3.061
2.360
2.606
3.346
2.881
4.132
4.392
2.784
2.764
4.431
5.250
4.477
4.223
3.942
3.875
2.881
2.974
2.273
3.335
3.542
3.824
2.568
3.722
4.385
1.836
2.518
2.011
2.915
4.606
3.695
3.127
2.578
2.607
2.707
2.222
2.076
2.054
2.048
3.714
3.759
2.319
2.686
3.621
3.524
4.902
2.654
2.225
2.562
2.609
2.229
2.553
2.773
3.340
3.054
3.765
3.646
3.382
3.005
2.812
3.633
4.186
2.778
2.216
1.843
1.738
4.676
4.759
4.304
3.718
2.780
3.741
3.173
2.237
3.626
2.357
3.148
2.864
3.262
3.499
3.420
4.367
4.415
3.011
2.685
2.604
2.720
2.291
2.349
2.244
2.233
2.536
2.079
2.351
2.323
2.389
3.204
3.080
4.112
5.462
3.414
1.732
2.727
3.135
4.071
2.464
2.757
2.548
3.108
2.876
2.910
2.590
3.484
3.538
2.951
3.518
3.207
3.531
2.633
2.914
2.723
2.812
2.077
1.647
2.108
2.676
2.029
2.030
1.873
2.740
3.188
1.927
2.083
2.412
2.347
1.724
1.889
2.428
2.506
2.738
3.122
2.747
1.933
2.053
2.337
2.744
2.732
2.140
1.941
2.929
1.907
2.928
2.370
1.957
1.834
1.843
1.607
2.129
2.612
3.104
3.568
2.677
3.261
3.103
3.424
2.663
3.383
3.283
4.413
3.521
3.313
2.881
2.342
3.087
2.705
2.683
2.789
3.493
2.511
2.777
3.287
3.197
2.769
3.184
3.024
2.716
2.967
2.658
1.865
3.186
2.370
2.691
2.206
2.100
2.426
2.392
2.304
3.157
2.348
2.718
2.757
2.901
1.934
1.980
2.651
3.025
3.290
3.051
2.026
2.345
2.825
2.736
2.793
2.961
3.787
3.373
3.171
2.973
2.832
2.743
2.624
2.724
2.832
2.582
3.050
2.890
2.887
2.678
2.670
2.063
2.552
2.878
2.515
3.034
3.029
2.773
2.728
2.702
2.948
2.791
3.099
2.899
2.670
2.408
2.621
3.372
3.884
4.161
2.759
2.610
2.201
2.460
2.679
2.969
3.373
2.662
3.125
3.200
3.477
3.843
3.524
3.728
3.127
4.601
3.747
4.864
3.443
3.770
3.300
3.703
4.098
3.292
3.327
3.150
2.459
2.141
2.617
3.381
3.540
4.856
4.482
3.202
2.447
3.820
3.357
4.260
4.131
3.300
2.960
2.126
2.416
2.711
3.427
2.849
3.444
3.623
3.396
2.957
2.863
3.699
4.040
2.638
2.992
3.323
3.341
3.512
4.191
4.111
3.133
3.337
4.092
4.780
4.119
3.504
2.816
3.386
3.045
3.266
2.423
2.487
2.604
3.357
4.101
3.405
3.905
2.745
3.268
3.683
4.005
3.079
4.174
3.544
3.680
4.330
4.229
2.665
3.213
3.559
3.710
2.908
2.697
2.795
3.243
2.994
3.363
3.659
3.942
2.887
3.173
3.097
3.625
3.680
4.150
3.551
3.195
2.579
2.978
4.048
3.252
4.044
3.785
3.633
2.759
2.864
3.969
3.206
2.730
3.519
4.176
2.984
4.136
4.512
3.621
4.422
2.808
4.002
4.528
3.843
3.388
5.358
4.007
3.903
3.722
2.284
4.474
5.451
4.181
3.653
3.211
2.719
3.345
2.775
3.148
3.302
3.161
2.760
2.094
2.981
2.635
3.136
3.318
3.734
2.392
5.090
4.664
3.812
4.525
4.325
3.341
3.677
2.717
2.089
3.443
3.072
3.739
3.186
4.301
4.594
2.816
3.914
2.835
2.405
2.173
2.554
3.069
2.380
3.157
2.495
1.927
3.107
4.247
3.948
2.424
2.646
4.212
3.007
3.564
5.760
3.874
2.321
3.296
2.642
3.665
2.872
2.299
2.403
2.562
2.139
1.816
1.888
1.679
2.685
2.101
1.892
2.371
1.726
1.627
2.044
2.619
3.475
3.858
3.018
4.701
3.192
2.442
2.199
3.315
2.588
3.031
2.888
2.457
2.597
2.102
3.522
3.460
1.391
1.746
1.488
1.713
2.343
2.016
1.502
2.347
2.289
2.773
2.613
2.625
2.530
2.000
2.231
2.331
1.706
2.151
2.628
2.044
2.309
1.635
1.711
1.804
2.248
3.721
2.923
2.127
3.501
3.009
3.019
3.840
2.164
2.323
3.405
3.467
2.371
1.937
2.207
1.811
1.939
2.510
1.771
1.946
1.933
2.301
2.995
3.170
2.448
1.738
2.619
3.287
3.452
2.277
3.273
2.892
2.443
2.936
2.894
2.496
2.922
2.632
2.731
2.547
2.035
2.158
3.255
3.686
3.323
4.518
3.261
3.615
2.926
2.816
1.971
2.369
3.458
3.095
3.039
2.320
3.968
2.702
2.982
2.659
3.026
3.175
3.527
3.640
3.795
3.800
3.720
3.691
3.455
3.569
4.176
2.804
2.837
2.410
2.363
2.994
2.425
3.371
2.018
2.624
2.463
3.204
3.054
3.278
2.173
2.635
2.455
3.229
2.659
2.822
3.030
2.992
3.567
2.620
2.783
2.992
2.889
2.491
2.220
2.256
2.095
2.014
2.072
2.171
2.591
2.941
3.771
3.306
3.220
3.008
2.416
2.184
3.931
3.821
3.358
2.768
3.676
2.963
3.051
3.883
3.391
3.610
3.222
5.392
4.026
3.916
2.266
2.201
2.634
2.581
3.321
3.038
2.490
2.919
3.031
2.881
2.121
2.687
2.710
3.107
2.641
3.276
3.007
3.664
3.616
3.588
3.273
2.687
3.331
3.839
3.733
3.777
3.133
2.987
3.503
4.385
3.886
3.001
2.582
2.697
2.412
3.438
3.705
3.249
3.746
4.307
3.389
3.578
4.175
4.197
3.907
4.125
4.211
2.763
2.592
2.387
2.745
3.638
3.629
3.347
3.249
3.744
2.200
3.214
2.705
2.892
3.885
3.637
4.191
4.447
3.191
2.966
3.092
3.088
2.802
3.039
4.544
4.422
3.658
3.399
4.347
3.780
4.122
3.818
3.082
3.542
3.350
4.227
5.382
4.054
3.523
4.202
4.182
3.198
2.911
2.465
2.318
1.851
3.211
3.804
3.629
3.557
2.777
2.872
3.011
3.274
3.019
4.107
3.449
2.766
3.081
2.874
2.689
3.522
3.076
2.752
2.905
3.879
3.922
3.578
4.029
3.291
2.535
2.324
3.583
3.198
4.208
3.279
3.237
2.986
3.542
3.909
4.217
4.311
3.847
3.623
3.603
3.295
5.531
3.398
2.342
2.286
2.118
1.988
2.290
2.709
3.038
3.027
5.052
3.721
3.033
3.060
4.088
3.619
2.149
2.049
2.588
2.793
2.310
3.688
3.892
4.711
3.015
2.291
1.616
2.674
2.742
4.469
3.036
2.324
1.904
3.351
2.781
2.228
3.053
2.042
3.109
3.181
3.093
2.707
2.056
2.306
3.039
3.929
3.098
2.820
2.030
3.384
2.999
3.106
3.368
2.494
2.278
2.350
2.772
2.882
3.353
4.060
4.293
3.625
2.253
2.945
2.838
3.134
3.405
2.326
3.270
2.105
2.904
2.781
2.681
2.305
3.127
2.258
2.504
4.986
2.671
2.532
3.308
3.217
3.106
3.646
3.423
2.934
2.809
2.959
1.930
2.289
2.268
2.311
2.740
3.984
3.180
2.914
4.051
2.952
2.191
2.797
2.819
1.415
1.727
1.766
2.183
2.861
2.871
2.980
3.280
3.262
3.249
3.762
2.978
2.963
3.141
2.493
1.977
1.467
2.171
2.027
2.353
3.167
3.217
2.657
2.784
3.786
4.109
3.618
3.966
3.035
2.720
1.935
2.191
2.038
3.101
3.346
2.388
3.136
2.591
4.757
3.638
3.594
3.388
1.808
1.707
1.893
3.263
2.759
1.937
2.251
2.189
3.100
2.262
2.110
2.615
2.365
2.193
3.669
4.092
1.556
2.509
2.284
3.298
3.210
3.915
3.395
2.569
2.760
2.277
2.272
3.148
3.444
2.154
3.094
2.613
3.401
3.839
3.453
3.244
2.656
1.992
1.763
1.781
1.954
2.698
3.147
2.509
2.255
3.283
3.015
3.210
3.337
2.421
2.493
2.181
2.928
2.095
3.041
3.523
3.363
3.256
3.350
3.223
3.528
3.553
3.689
2.135
2.051
2.360
3.138
2.503
2.172
3.308
3.508
3.550
3.869
3.515
2.662
2.864
3.332
3.119
3.244
3.460
2.630
2.962
4.207
3.095
3.573
3.600
4.520
2.484
3.037
3.266
2.037
2.438
2.474
1.757
3.415
2.378
2.357
3.509
3.090
2.936
3.205
3.022
3.000
2.728
2.595
2.615
3.750
3.685
3.749
3.234
2.888
2.741
3.044
4.347
3.899
4.333
4.179
4.022
4.525
3.423
2.589
2.756
3.428
2.380
3.828
3.191
3.182
3.690
3.553
3.796
3.864
6.254
4.868
3.998
3.598
2.646
3.327
2.973
3.019
3.795
4.105
4.844
4.115
2.353
3.078
2.633
3.262
3.883
4.516
3.877
3.429
3.207
3.063
3.040
3.292
4.576
5.222
2.999
3.533
3.965
3.976
4.452
3.128
3.041
3.988
3.326
3.445
4.184
4.391
4.478
3.327
2.570
3.416
4.697
4.295
4.948
4.257
4.461
4.480
3.054
4.095
3.554
4.111
3.718
4.920
3.712
3.657
3.966
4.127
3.006
3.894
3.913
3.687
4.568
4.388
4.860
4.284
4.027
4.143
3.427
2.485
2.979
4.062
3.201
3.585
3.062
2.908
2.829
2.847
2.728
2.496
4.620
3.606
3.669
3.216
2.715
2.819
3.203
2.998
4.472
3.479
1.994
2.883
2.876
2.958
3.618
2.841
3.031
3.369
4.223
3.524
2.672
2.871
4.394
3.117
2.458
3.382
3.560
4.743
4.500
4.885
2.219
3.534
3.600
2.742
3.165
2.468
2.656
2.434
2.686
1.915
2.115
2.527
2.567
2.353
2.920
3.356
2.440
2.118
3.411
2.127
1.886
3.316
1.869
2.244
2.396
2.412
3.099
3.662
2.607
3.355
3.138
3.307
2.743
2.840
3.634
2.779
3.092
3.084
2.302
2.317
1.735
2.434
3.190
3.403
2.855
2.835
2.885
2.660
3.054
3.096
2.902
2.970
3.054
3.213
2.969
4.522
2.577
2.284
3.518
3.165
2.572
1.742
1.961
4.436
4.466
3.123
1.803
2.855
2.501
2.165
2.423
3.114
1.812
2.213
2.397
4.220
3.037
2.100
2.191
2.243
2.954
3.429
3.217
2.662
2.208
2.413
2.980
2.118
2.551
2.924
4.091
3.805
2.089
1.365
1.915
2.429
2.416
3.004
3.077
3.102
2.449
1.793
1.666
1.453
2.518
3.479
3.575
3.290
2.688
1.935
1.436
3.044
2.079
1.835
2.290
2.932
2.500
3.381
2.688
2.110
2.361
3.232
3.528
3.580
3.299
3.266
2.857
2.352
3.271
2.420
1.999
2.861
2.654
2.705
2.539
1.941
2.574
2.973
3.306
3.612
3.383
4.191
1.950
2.093
2.105
2.160
1.984
2.844
2.821
3.101
3.791
2.317
3.872
3.160
2.795
1.968
1.985
2.441
3.736
2.180
3.498
2.692
1.873
1.904
2.850
2.360
3.173
1.928
2.323
2.398
2.266
3.756
3.267
2.983
2.352
1.663
1.867
2.156
2.909
2.525
3.639
3.032
2.790
2.371
3.370
3.023
2.328
2.396
3.572
3.100
3.861
1.545
2.121
3.194
3.085
2.732
3.920
3.647
3.596
3.452
3.493
3.953
3.495
4.200
2.828
2.832
2.680
3.370
3.441
2.864
2.642
2.313
2.807
2.826
2.703
3.472
2.967
3.259
3.213
4.564
3.829
3.265
3.439
3.237
3.386
3.191
3.095
2.845
3.489
2.946
3.021
3.110
2.877
2.647
2.949
2.923
3.019
2.313
3.083
3.399
2.557
2.044
3.723
3.576
3.296
3.481
2.979
3.873
3.607
3.761
3.942
2.700
2.782
3.025
3.774
3.917
3.748
2.657
3.446
3.256
3.148
2.785
2.998
3.777
3.386
3.906
3.547
3.824
3.854
3.844
3.200
3.893
3.949
3.333
3.001
2.916
5.054
3.648
3.881
3.712
3.115
2.936
3.297
3.329
3.262
3.507
2.875
3.179
4.861
3.281
2.727
3.123
3.959
4.141
4.147
3.959
4.191
3.618
3.298
4.490
4.260
4.066
3.515
3.339
2.523
2.988
4.353
4.141
3.519
2.917
3.189
4.235
3.164
3.024
5.568
3.531
4.294
4.620
3.225
3.232
3.319
3.901
4.062
3.198
3.525
3.617
5.692
4.937
3.447
4.977
4.305
4.063
3.275
3.191
2.411
2.909
3.672
3.721
3.462
3.248
3.328
2.934
2.248
3.385
3.302
3.594
2.489
2.383
2.102
3.150
3.531
3.653
3.248
2.946
2.242
3.605
2.925
3.657
3.964
2.934
2.882
4.660
3.223
3.745
3.434
4.078
3.803
3.694
3.282
2.028
2.237
2.575
3.261
2.454
2.240
2.891
1.932
2.110
1.976
2.405
2.843
2.190
1.979
2.161
2.014
2.218
1.917
2.477
2.430
2.490
2.753
2.677
1.894
2.383
2.643
2.487
2.964
2.110
2.786
2.706
2.418
2.449
1.553
1.768
1.325
1.946
2.510
2.084
2.367
2.066
1.923
1.942
2.276
1.904
2.266
2.182
2.124
2.014
2.280
2.624
1.835
2.725
2.358
2.419
2.492
3.178
2.760
1.940
1.957
2.981
2.396
2.343
1.818
1.778
2.398
2.449
2.225
1.323
1.353
1.220
1.735
1.935
2.151
1.713
1.829
1.645
1.782
1.693
1.890
2.105
2.056
2.351
2.555
2.448
2.549
2.306
2.438
2.478
3.176
2.149
2.241
2.691
2.579
3.032
2.423
3.401
2.329
2.474
2.388
2.158
2.354
2.255
2.188
2.898
1.877
2.517
2.871
2.820
2.015
3.220
3.095
2.719
2.833
3.579
3.109
2.491
2.263
3.285
2.162
2.102
2.920
2.611
2.842
3.008
2.609
2.773
2.383
2.468
2.291
2.918
3.038
2.649
2.089
2.439
2.770
2.909
3.041
3.652
3.168
3.368
4.233
2.864
2.255
2.695
2.397
2.192
2.636
2.895
2.781
3.240
3.618
3.658
2.511
3.114
3.891
2.922
2.432
2.956
2.891
2.978
3.930
2.861
4.504
5.264
2.992
2.614
4.197
5.252
4.033
4.705
3.439
3.787
3.759
3.799
2.777
3.749
3.738
4.245
3.675
4.436
3.263
3.772
2.213
2.341
3.070
3.529
2.277
1.818
2.391
3.524
4.242
3.733
2.234
2.405
1.939
2.781
2.508
2.681
2.875
2.555
4.114
3.866
4.173
3.447
2.866
3.220
2.877
4.407
5.797
4.569
2.790
4.178
2.675
3.656
3.061
4.453
5.600
3.424
4.323
4.444
4.416
3.670
3.354
4.737
4.813
2.832
5.131
4.311
3.446
3.075
3.805
3.046
3.460
3.280
2.972
2.682
2.556
4.202
5.195
4.518
4.857
3.112
2.667
2.609
2.420
3.731
6.232
4.206
3.593
6.040
3.895
5.629
2.419
3.479
3.923
3.092
3.594
4.353
2.468
2.280
3.033
3.368
3.404
4.357
2.869
3.325
2.865
3.907
3.308
3.712
3.468
3.036
3.080
2.410
3.741
3.172
2.265
3.042
2.902
2.723
3.486
2.872
3.460
2.376
3.693
3.081
4.294
3.699
3.190
3.215
2.668
4.971
3.048
3.133
3.418
4.283
3.431
2.389
2.383
3.455
3.329
2.926
2.600
2.913
2.647
3.132
2.667
4.221
3.429
3.022
2.817
2.985
3.505
3.409
2.954
2.680
3.142
3.319
2.906
2.708
2.687
3.116
2.637
3.381
3.151
3.096
2.668
2.616
2.836
2.580
3.610
2.659
3.303
3.120
2.032
3.713
3.418
2.943
3.133
2.530
2.707
3.068
2.732
2.365
2.920
2.644
2.705
2.761
2.740
2.573
3.009
2.331
2.764
2.211
2.415
2.375
2.728
2.719
2.743
2.421
2.450
2.439
2.772
2.848
2.306
2.606
3.270
2.484
3.118
1.898
1.679
1.495
1.832
1.623
2.455
1.561
2.741
2.650
2.058
1.747
2.358
1.354
2.077
2.489
2.370
1.972
3.590
2.495
2.105
2.066
2.349
2.744
2.181
2.388
2.242
2.415
2.743
2.373
2.335
3.355
3.167
2.507
2.920
2.487
2.099
1.653
3.226
1.524
1.806
2.198
1.939
1.371
1.860
1.495
2.737
1.869
2.084
2.145
1.892
1.730
1.885
2.390
2.565
1.878
2.184
2.280
2.223
2.725
1.349
1.966
2.103
2.074
2.606
2.651
2.660
2.368
2.214
2.424
1.855
2.586
2.173
2.705
2.829
2.789
2.891
2.158
2.602
2.306
2.316
1.786
2.027
2.135
2.510
2.101
2.365
2.308
2.102
2.727
2.221
1.843
2.352
2.743
2.269
2.204
2.733
2.697
2.546
2.540
2.641
2.170
2.862
2.609
2.860
2.420
2.558
2.325
2.633
2.472
1.949
2.544
2.675
2.836
2.672
2.602
2.651
2.907
2.601
2.599
2.952
2.893
1.763
2.495
3.230
2.396
2.505
2.138
2.650
2.788
2.770
2.609
2.352
2.626
3.088
2.876
2.540
2.368
2.797
3.014
2.739
2.660
2.815
2.670
3.370
2.758
3.000
2.711
3.231
2.098
2.759
2.747
2.780
3.254
4.647
3.684
3.039
2.643
2.380
2.393
2.402
2.838
2.699
2.407
2.154
3.463
2.416
2.777
3.219
2.938
3.368
3.583
3.992
2.772
3.208
3.034
3.941
2.240
3.622
4.306
4.957
3.481
3.271
3.825
2.453
3.588
4.256
3.508
4.158
3.830
3.227
3.325
2.402
5.112
3.200
2.843
2.958
5.293
5.552
3.542
5.758
3.435
3.032
3.243
2.854
3.888
3.683
3.361
3.366
3.499
3.790
3.146
3.322
2.950
1.911
2.918
2.754
4.904
3.326
2.743
3.483
3.861
4.075
3.529
2.292
3.085
6.433
5.262
3.206
3.177
3.255
3.330
3.286
3.906
4.495
2.967
3.015
4.070
2.342
2.965
3.909
3.331
3.429
4.990
2.342
2.453
2.761
2.313
2.729
3.399
2.783
2.618
2.631
2.331
5.144
3.021
3.144
2.707
2.900
3.467
3.393
2.069
2.882
3.255
3.053
3.117
3.228
2.664
3.089
8.046
3.572
6.074
3.361
4.176
3.231
3.437
2.354
4.288
2.993
2.943
2.558
5.774
2.704
3.626
3.510
2.879
3.536
3.135
3.010
1.611
3.501
3.104
2.512
3.235
3.715
2.896
4.140
3.979
2.626
2.736
3.145
2.848
2.782
5.055
2.207
2.612
2.381
2.774
2.879
1.671
2.748
2.879
3.380
2.392
2.343
2.612
2.346
2.236
2.239
2.871
3.057
3.556
2.809
2.852
2.983
2.739
2.001
2.902
3.132
2.857
2.326
2.644
2.920
3.390
3.608
2.394
3.446
3.420
2.939
2.777
2.836
2.358
3.584
2.364
2.574
2.822
3.179
2.674
2.200
3.332
2.377
2.483
2.236
2.851
2.520
3.280
2.543
3.223
2.442
3.158
2.757
2.837
3.746
2.989
3.530
2.376
2.403
3.611
3.610
2.703
2.402
1.918
2.707
3.616
3.349
3.340
2.849
3.114
3.024
2.284
3.065
2.648
2.568
2.986
2.809
2.210
2.206
2.019
1.993
1.524
1.281
1.579
1.526
2.205
2.082
2.262
1.984
2.603
2.856
2.789
3.041
3.128
2.748
2.389
2.389
2.032
2.521
2.233
2.236
2.083
2.081
2.133
2.154
1.971
2.693
2.308
2.539
2.272
2.062
2.187
2.459
3.263
2.629
2.283
2.348
2.487
2.482
2.595
2.896
2.712
2.349
2.222
3.144
2.952
3.242
2.521
2.436
2.278
3.144
2.681
1.973
2.320
3.251
2.440
2.752
3.020
2.403
2.480
3.166
3.036
2.345
2.066
2.711
2.972
3.019
2.456
2.348
2.758
1.954
2.122
2.075
2.336
3.075
3.227
2.393
2.600
1.828
2.828
2.902
3.889
2.840
2.608
2.625
2.554
3.380
2.338
2.572
2.949
2.122
2.470
2.595
2.556
2.602
2.493
2.894
2.842
2.359
3.428
3.153
3.224
3.038
2.367
2.609
2.606
2.420
2.514
2.945
2.458
2.894
3.756
2.481
2.856
2.706
2.837
2.649
2.883
2.642
2.983
2.276
1.498
3.004
2.699
2.401
2.346
3.089
2.152
3.035
2.973
2.430
3.951
5.396
5.844
4.316
2.903
4.683
4.114
2.728
3.467
3.154
3.537
2.575
3.425
2.336
3.062
2.310
2.332
2.515
2.383
2.822
3.162
3.470
2.615
2.927
2.322
1.513
4.347
3.546
3.018
3.734
3.876
3.560
5.206
5.568
5.208
3.541
3.334
3.564
4.163
3.292
4.775
2.696
2.286
3.506
4.620
3.711
2.985
1.894
3.266
2.857
3.090
2.366
4.052
3.467
4.802
3.663
2.937
3.551
2.996
3.165
3.555
3.144
3.385
2.800
2.856
3.539
3.193
3.242
2.869
5.937
3.534
3.274
2.941
5.905
3.615
3.899
3.672
3.779
3.462
2.794
2.231
3.115
3.418
2.351
2.992
3.178
2.252
3.025
2.735
2.016
2.733
2.312
3.224
3.178
2.453
2.100
3.095
3.483
2.722
3.043
2.205
2.859
3.562
2.940
3.108
2.871
4.141
3.419
3.156
3.026
2.652
2.624
5.787
5.407
1.854
3.059
3.170
3.931
3.918
2.904
2.918
2.720
2.609
3.655
3.762
2.214
2.275
2.335
3.040
3.721
3.262
2.651
2.993
2.299
3.070
3.281
3.617
2.190
2.160
2.564
2.866
3.017
2.458
3.013
2.240
2.908
3.479
3.952
3.620
3.984
3.231
3.586
2.826
3.426
4.040
3.076
3.294
3.127
2.891
3.925
2.934
2.508
2.611
3.016
3.429
3.766
2.958
3.058
2.316
4.536
3.483
3.443
2.869
4.014
3.274
3.198
3.429
3.728
2.276
2.877
2.489
3.184
3.210
3.410
2.515
3.324
2.689
3.069
2.811
2.750
2.590
2.721
2.771
2.865
2.520
2.584
2.441
3.494
2.921
2.529
2.359
2.633
2.212
1.965
2.033
2.251
2.210
1.904
1.842
1.785
2.053
2.380
2.384
2.372
2.391
2.343
2.696
2.324
2.436
2.444
2.897
2.990
2.141
2.536
2.593
2.221
2.146
3.149
2.842
2.625
2.760
2.583
2.269
2.242
2.314
2.527
2.386
2.074
2.463
2.448
2.828
2.413
2.475
3.255
2.796
2.157
2.259
2.708
2.326
1.762
2.285
2.346
2.240
2.437
2.428
2.096
2.873
2.183
1.886
2.413
1.761
1.820
2.596
2.908
3.034
3.717
2.484
2.018
2.267
2.419
2.638
2.386
2.002
2.320
2.906
3.241
2.254
2.105
2.694
2.475
3.018
2.414
2.635
2.846
2.541
1.914
2.371
3.292
2.367
2.681
2.790
2.894
2.670
2.853
2.878
2.775
3.427
3.154
2.760
3.131
2.159
2.313
2.374
2.443
3.144
2.835
1.999
2.396
3.377
2.771
3.392
3.359
2.818
2.590
2.339
2.116
3.356
3.079
2.562
3.490
2.648
3.284
1.917
2.345
2.599
3.060
2.924
2.286
2.454
2.433
3.292
1.896
2.459
2.542
2.522
2.670
3.047
2.334
2.184
4.462
3.013
2.828
2.759
2.548
2.874
2.424
2.737
1.965
2.356
2.670
2.264
2.491
2.700
3.064
2.843
3.069
2.644
2.814
2.939
3.245
3.708
3.051
2.523
2.786
4.380
2.742
2.931
3.117
3.678
3.429
3.699
2.984
3.326
4.432
4.424
4.912
5.161
4.921
4.814
3.601
3.402
4.647
4.194
2.388
3.009
3.304
2.511
2.905
2.006
2.354
2.474
4.462
4.262
3.552
2.656
1.988
1.988
3.031
3.606
3.176
3.333
3.609
4.596
3.634
4.311
2.464
3.490
2.789
2.709
2.754
3.268
3.039
4.252
3.023
5.304
4.497
5.337
3.674
2.623
2.803
3.170
4.382
3.462
2.912
3.310
4.246
3.156
2.856
3.008
3.735
2.967
3.963
